WYF00000.asd	1	350.000	19.808
WYF00000.asd	2	351.000	19.886
WYF00000.asd	3	352.000	20.936
WYF00000.asd	4	353.000	23.286
WYF00000.asd	5	354.000	24.977
WYF00000.asd	6	355.000	25.065
WYF00000.asd	7	356.000	25.092
WYF00000.asd	8	357.000	28.528
WYF00000.asd	9	358.000	30.384
WYF00000.asd	10	359.000	30.882
WYF00000.asd	11	360.000	32.560
WYF00000.asd	12	361.000	40.272
WYF00000.asd	13	362.000	42.326
WYF00000.asd	14	363.000	43.045
WYF00000.asd	15	364.000	47.855
WYF00000.asd	16	365.000	51.935
WYF00000.asd	17	366.000	55.787
WYF00000.asd	18	367.000	59.356
WYF00000.asd	19	368.000	62.792
WYF00000.asd	20	369.000	68.016
WYF00000.asd	21	370.000	71.975
WYF00000.asd	22	371.000	75.793
WYF00000.asd	23	372.000	83.035
WYF00000.asd	24	373.000	87.645
WYF00000.asd	25	374.000	90.801
WYF00000.asd	26	375.000	94.765
WYF00000.asd	27	376.000	101.736
WYF00000.asd	28	377.000	107.577
WYF00000.asd	29	378.000	112.251
WYF00000.asd	30	379.000	117.126
WYF00000.asd	31	380.000	124.913
WYF00000.asd	32	381.000	129.624
WYF00000.asd	33	382.000	132.049
WYF00000.asd	34	383.000	135.488
WYF00000.asd	35	384.000	142.341
WYF00000.asd	36	385.000	147.724
WYF00000.asd	37	386.000	150.631
WYF00000.asd	38	387.000	153.316
WYF00000.asd	39	388.000	159.685
WYF00000.asd	40	389.000	165.707
WYF00000.asd	41	390.000	169.731
WYF00000.asd	42	391.000	174.175
WYF00000.asd	43	392.000	178.860
WYF00000.asd	44	393.000	185.485
WYF00000.asd	45	394.000	193.661
WYF00000.asd	46	395.000	197.269
WYF00000.asd	47	396.000	200.869
WYF00000.asd	48	397.000	205.869
WYF00000.asd	49	398.000	212.329
WYF00000.asd	50	399.000	219.793
WYF00000.asd	51	400.000	225.999
WYF00000.asd	52	401.000	231.667
WYF00000.asd	53	402.000	239.359
WYF00000.asd	54	403.000	246.620
WYF00000.asd	55	404.000	254.196
WYF00000.asd	56	405.000	262.019
WYF00000.asd	57	406.000	268.383
WYF00000.asd	58	407.000	277.061
WYF00000.asd	59	408.000	286.411
WYF00000.asd	60	409.000	294.753
WYF00000.asd	61	410.000	304.294
WYF00000.asd	62	411.000	314.014
WYF00000.asd	63	412.000	324.556
WYF00000.asd	64	413.000	336.655
WYF00000.asd	65	414.000	347.172
WYF00000.asd	66	415.000	358.513
WYF00000.asd	67	416.000	371.401
WYF00000.asd	68	417.000	384.526
WYF00000.asd	69	418.000	396.178
WYF00000.asd	70	419.000	409.358
WYF00000.asd	71	420.000	425.134
WYF00000.asd	72	421.000	439.152
WYF00000.asd	73	422.000	454.793
WYF00000.asd	74	423.000	471.117
WYF00000.asd	75	424.000	486.582
WYF00000.asd	76	425.000	503.014
WYF00000.asd	77	426.000	519.813
WYF00000.asd	78	427.000	537.458
WYF00000.asd	79	428.000	556.824
WYF00000.asd	80	429.000	574.841
WYF00000.asd	81	430.000	594.143
WYF00000.asd	82	431.000	615.099
WYF00000.asd	83	432.000	633.747
WYF00000.asd	84	433.000	657.501
WYF00000.asd	85	434.000	680.933
WYF00000.asd	86	435.000	699.029
WYF00000.asd	87	436.000	719.134
WYF00000.asd	88	437.000	738.851
WYF00000.asd	89	438.000	758.645
WYF00000.asd	90	439.000	779.787
WYF00000.asd	91	440.000	798.108
WYF00000.asd	92	441.000	815.923
WYF00000.asd	93	442.000	835.322
WYF00000.asd	94	443.000	857.193
WYF00000.asd	95	444.000	876.958
WYF00000.asd	96	445.000	896.838
WYF00000.asd	97	446.000	918.167
WYF00000.asd	98	447.000	935.718
WYF00000.asd	99	448.000	949.938
WYF00000.asd	100	449.000	964.048
WYF00000.asd	101	450.000	981.262
WYF00000.asd	102	451.000	995.420
WYF00000.asd	103	452.000	1009.648
WYF00000.asd	104	453.000	1024.579
WYF00000.asd	105	454.000	1037.581
WYF00000.asd	106	455.000	1051.342
WYF00000.asd	107	456.000	1064.621
WYF00000.asd	108	457.000	1076.079
WYF00000.asd	109	458.000	1086.097
WYF00000.asd	110	459.000	1094.959
WYF00000.asd	111	460.000	1103.111
WYF00000.asd	112	461.000	1111.182
WYF00000.asd	113	462.000	1120.530
WYF00000.asd	114	463.000	1128.887
WYF00000.asd	115	464.000	1135.777
WYF00000.asd	116	465.000	1142.828
WYF00000.asd	117	466.000	1151.262
WYF00000.asd	118	467.000	1158.212
WYF00000.asd	119	468.000	1162.817
WYF00000.asd	120	469.000	1171.384
WYF00000.asd	121	470.000	1178.173
WYF00000.asd	122	471.000	1183.142
WYF00000.asd	123	472.000	1188.308
WYF00000.asd	124	473.000	1192.572
WYF00000.asd	125	474.000	1198.274
WYF00000.asd	126	475.000	1205.328
WYF00000.asd	127	476.000	1211.004
WYF00000.asd	128	477.000	1216.494
WYF00000.asd	129	478.000	1221.638
WYF00000.asd	130	479.000	1226.130
WYF00000.asd	131	480.000	1229.700
WYF00000.asd	132	481.000	1234.174
WYF00000.asd	133	482.000	1239.842
WYF00000.asd	134	483.000	1245.931
WYF00000.asd	135	484.000	1250.228
WYF00000.asd	136	485.000	1254.531
WYF00000.asd	137	486.000	1260.566
WYF00000.asd	138	487.000	1269.431
WYF00000.asd	139	488.000	1276.728
WYF00000.asd	140	489.000	1282.493
WYF00000.asd	141	490.000	1288.314
WYF00000.asd	142	491.000	1296.865
WYF00000.asd	143	492.000	1306.950
WYF00000.asd	144	493.000	1317.452
WYF00000.asd	145	494.000	1327.438
WYF00000.asd	146	495.000	1337.374
WYF00000.asd	147	496.000	1347.806
WYF00000.asd	148	497.000	1359.741
WYF00000.asd	149	498.000	1374.714
WYF00000.asd	150	499.000	1388.852
WYF00000.asd	151	500.000	1403.580
WYF00000.asd	152	501.000	1420.642
WYF00000.asd	153	502.000	1438.110
WYF00000.asd	154	503.000	1456.595
WYF00000.asd	155	504.000	1476.031
WYF00000.asd	156	505.000	1496.135
WYF00000.asd	157	506.000	1518.431
WYF00000.asd	158	507.000	1542.140
WYF00000.asd	159	508.000	1567.319
WYF00000.asd	160	509.000	1595.813
WYF00000.asd	161	510.000	1625.573
WYF00000.asd	162	511.000	1657.710
WYF00000.asd	163	512.000	1693.757
WYF00000.asd	164	513.000	1733.044
WYF00000.asd	165	514.000	1774.606
WYF00000.asd	166	515.000	1818.659
WYF00000.asd	167	516.000	1866.254
WYF00000.asd	168	517.000	1916.242
WYF00000.asd	169	518.000	1970.081
WYF00000.asd	170	519.000	2027.673
WYF00000.asd	171	520.000	2084.761
WYF00000.asd	172	521.000	2146.908
WYF00000.asd	173	522.000	2212.349
WYF00000.asd	174	523.000	2277.339
WYF00000.asd	175	524.000	2343.403
WYF00000.asd	176	525.000	2409.733
WYF00000.asd	177	526.000	2475.955
WYF00000.asd	178	527.000	2542.106
WYF00000.asd	179	528.000	2604.481
WYF00000.asd	180	529.000	2666.079
WYF00000.asd	181	530.000	2728.894
WYF00000.asd	182	531.000	2788.291
WYF00000.asd	183	532.000	2848.047
WYF00000.asd	184	533.000	2907.190
WYF00000.asd	185	534.000	2962.653
WYF00000.asd	186	535.000	3013.836
WYF00000.asd	187	536.000	3066.657
WYF00000.asd	188	537.000	3122.126
WYF00000.asd	189	538.000	3173.895
WYF00000.asd	190	539.000	3227.581
WYF00000.asd	191	540.000	3281.062
WYF00000.asd	192	541.000	3331.597
WYF00000.asd	193	542.000	3380.826
WYF00000.asd	194	543.000	3435.748
WYF00000.asd	195	544.000	3495.831
WYF00000.asd	196	545.000	3555.227
WYF00000.asd	197	546.000	3614.938
WYF00000.asd	198	547.000	3668.949
WYF00000.asd	199	548.000	3716.029
WYF00000.asd	200	549.000	3764.754
WYF00000.asd	201	550.000	3818.808
WYF00000.asd	202	551.000	3878.853
WYF00000.asd	203	552.000	3942.281
WYF00000.asd	204	553.000	3999.429
WYF00000.asd	205	554.000	4057.487
WYF00000.asd	206	555.000	4118.245
WYF00000.asd	207	556.000	4177.135
WYF00000.asd	208	557.000	4230.783
WYF00000.asd	209	558.000	4280.927
WYF00000.asd	210	559.000	4329.247
WYF00000.asd	211	560.000	4374.318
WYF00000.asd	212	561.000	4412.899
WYF00000.asd	213	562.000	4445.670
WYF00000.asd	214	563.000	4474.003
WYF00000.asd	215	564.000	4487.463
WYF00000.asd	216	565.000	4494.379
WYF00000.asd	217	566.000	4496.481
WYF00000.asd	218	567.000	4483.458
WYF00000.asd	219	568.000	4459.935
WYF00000.asd	220	569.000	4427.078
WYF00000.asd	221	570.000	4386.673
WYF00000.asd	222	571.000	4344.715
WYF00000.asd	223	572.000	4303.538
WYF00000.asd	224	573.000	4264.487
WYF00000.asd	225	574.000	4228.327
WYF00000.asd	226	575.000	4199.310
WYF00000.asd	227	576.000	4175.650
WYF00000.asd	228	577.000	4154.888
WYF00000.asd	229	578.000	4136.424
WYF00000.asd	230	579.000	4111.417
WYF00000.asd	231	580.000	4080.428
WYF00000.asd	232	581.000	4048.494
WYF00000.asd	233	582.000	4020.004
WYF00000.asd	234	583.000	3991.699
WYF00000.asd	235	584.000	3963.295
WYF00000.asd	236	585.000	3938.467
WYF00000.asd	237	586.000	3914.516
WYF00000.asd	238	587.000	3893.364
WYF00000.asd	239	588.000	3875.795
WYF00000.asd	240	589.000	3855.682
WYF00000.asd	241	590.000	3837.308
WYF00000.asd	242	591.000	3825.950
WYF00000.asd	243	592.000	3826.848
WYF00000.asd	244	593.000	3838.746
WYF00000.asd	245	594.000	3858.480
WYF00000.asd	246	595.000	3882.613
WYF00000.asd	247	596.000	3907.714
WYF00000.asd	248	597.000	3937.116
WYF00000.asd	249	598.000	3967.474
WYF00000.asd	250	599.000	3993.622
WYF00000.asd	251	600.000	4013.503
WYF00000.asd	252	601.000	4025.889
WYF00000.asd	253	602.000	4033.732
WYF00000.asd	254	603.000	4043.113
WYF00000.asd	255	604.000	4044.747
WYF00000.asd	256	605.000	4040.100
WYF00000.asd	257	606.000	4032.607
WYF00000.asd	258	607.000	4024.794
WYF00000.asd	259	608.000	4017.174
WYF00000.asd	260	609.000	4010.472
WYF00000.asd	261	610.000	4005.279
WYF00000.asd	262	611.000	4000.875
WYF00000.asd	263	612.000	4001.218
WYF00000.asd	264	613.000	4006.680
WYF00000.asd	265	614.000	4012.314
WYF00000.asd	266	615.000	4017.318
WYF00000.asd	267	616.000	4018.508
WYF00000.asd	268	617.000	4014.194
WYF00000.asd	269	618.000	4009.716
WYF00000.asd	270	619.000	4001.732
WYF00000.asd	271	620.000	3990.968
WYF00000.asd	272	621.000	3980.730
WYF00000.asd	273	622.000	3965.317
WYF00000.asd	274	623.000	3947.845
WYF00000.asd	275	624.000	3931.040
WYF00000.asd	276	625.000	3913.717
WYF00000.asd	277	626.000	3899.238
WYF00000.asd	278	627.000	3885.432
WYF00000.asd	279	628.000	3869.077
WYF00000.asd	280	629.000	3854.355
WYF00000.asd	281	630.000	3841.057
WYF00000.asd	282	631.000	3827.009
WYF00000.asd	283	632.000	3808.469
WYF00000.asd	284	633.000	3792.956
WYF00000.asd	285	634.000	3777.592
WYF00000.asd	286	635.000	3759.375
WYF00000.asd	287	636.000	3742.240
WYF00000.asd	288	637.000	3725.388
WYF00000.asd	289	638.000	3706.736
WYF00000.asd	290	639.000	3684.506
WYF00000.asd	291	640.000	3666.631
WYF00000.asd	292	641.000	3648.887
WYF00000.asd	293	642.000	3629.792
WYF00000.asd	294	643.000	3614.636
WYF00000.asd	295	644.000	3598.214
WYF00000.asd	296	645.000	3582.271
WYF00000.asd	297	646.000	3569.161
WYF00000.asd	298	647.000	3553.815
WYF00000.asd	299	648.000	3542.609
WYF00000.asd	300	649.000	3536.763
WYF00000.asd	301	650.000	3532.642
WYF00000.asd	302	651.000	3527.288
WYF00000.asd	303	652.000	3521.480
WYF00000.asd	304	653.000	3517.212
WYF00000.asd	305	654.000	3518.190
WYF00000.asd	306	655.000	3515.206
WYF00000.asd	307	656.000	3509.639
WYF00000.asd	308	657.000	3506.669
WYF00000.asd	309	658.000	3504.153
WYF00000.asd	310	659.000	3502.412
WYF00000.asd	311	660.000	3501.655
WYF00000.asd	312	661.000	3501.772
WYF00000.asd	313	662.000	3499.852
WYF00000.asd	314	663.000	3497.521
WYF00000.asd	315	664.000	3497.351
WYF00000.asd	316	665.000	3501.576
WYF00000.asd	317	666.000	3504.303
WYF00000.asd	318	667.000	3505.751
WYF00000.asd	319	668.000	3509.563
WYF00000.asd	320	669.000	3513.802
WYF00000.asd	321	670.000	3521.169
WYF00000.asd	322	671.000	3530.920
WYF00000.asd	323	672.000	3536.008
WYF00000.asd	324	673.000	3544.975
WYF00000.asd	325	674.000	3556.722
WYF00000.asd	326	675.000	3568.202
WYF00000.asd	327	676.000	3581.328
WYF00000.asd	328	677.000	3595.534
WYF00000.asd	329	678.000	3608.767
WYF00000.asd	330	679.000	3618.801
WYF00000.asd	331	680.000	3636.627
WYF00000.asd	332	681.000	3656.892
WYF00000.asd	333	682.000	3674.929
WYF00000.asd	334	683.000	3692.819
WYF00000.asd	335	684.000	3714.836
WYF00000.asd	336	685.000	3740.418
WYF00000.asd	337	686.000	3766.921
WYF00000.asd	338	687.000	3791.557
WYF00000.asd	339	688.000	3824.251
WYF00000.asd	340	689.000	3866.479
WYF00000.asd	341	690.000	3911.059
WYF00000.asd	342	691.000	3971.889
WYF00000.asd	343	692.000	4049.536
WYF00000.asd	344	693.000	4142.762
WYF00000.asd	345	694.000	4252.876
WYF00000.asd	346	695.000	4384.300
WYF00000.asd	347	696.000	4540.668
WYF00000.asd	348	697.000	4723.540
WYF00000.asd	349	698.000	4925.156
WYF00000.asd	350	699.000	5150.107
WYF00000.asd	351	700.000	5398.769
WYF00000.asd	352	701.000	5665.166
WYF00000.asd	353	702.000	5945.201
WYF00000.asd	354	703.000	6237.801
WYF00000.asd	355	704.000	6542.118
WYF00000.asd	356	705.000	6854.792
WYF00000.asd	357	706.000	7176.953
WYF00000.asd	358	707.000	7506.207
WYF00000.asd	359	708.000	7839.372
WYF00000.asd	360	709.000	8183.595
WYF00000.asd	361	710.000	8533.327
WYF00000.asd	362	711.000	8885.694
WYF00000.asd	363	712.000	9243.502
WYF00000.asd	364	713.000	9605.513
WYF00000.asd	365	714.000	9972.945
WYF00000.asd	366	715.000	10345.838
WYF00000.asd	367	716.000	10718.049
WYF00000.asd	368	717.000	11094.712
WYF00000.asd	369	718.000	11475.255
WYF00000.asd	370	719.000	11855.529
WYF00000.asd	371	720.000	12235.749
WYF00000.asd	372	721.000	12613.609
WYF00000.asd	373	722.000	12987.578
WYF00000.asd	374	723.000	13357.774
WYF00000.asd	375	724.000	13719.617
WYF00000.asd	376	725.000	14076.888
WYF00000.asd	377	726.000	14432.131
WYF00000.asd	378	727.000	14774.404
WYF00000.asd	379	728.000	15106.816
WYF00000.asd	380	729.000	15429.140
WYF00000.asd	381	730.000	15739.413
WYF00000.asd	382	731.000	16042.134
WYF00000.asd	383	732.000	16334.807
WYF00000.asd	384	733.000	16615.619
WYF00000.asd	385	734.000	16885.405
WYF00000.asd	386	735.000	17140.389
WYF00000.asd	387	736.000	17381.715
WYF00000.asd	388	737.000	17611.672
WYF00000.asd	389	738.000	17830.537
WYF00000.asd	390	739.000	18039.155
WYF00000.asd	391	740.000	18234.784
WYF00000.asd	392	741.000	18413.681
WYF00000.asd	393	742.000	18585.560
WYF00000.asd	394	743.000	18746.874
WYF00000.asd	395	744.000	18897.359
WYF00000.asd	396	745.000	19044.284
WYF00000.asd	397	746.000	19178.102
WYF00000.asd	398	747.000	19304.033
WYF00000.asd	399	748.000	19427.086
WYF00000.asd	400	749.000	19537.067
WYF00000.asd	401	750.000	19638.664
WYF00000.asd	402	751.000	19731.590
WYF00000.asd	403	752.000	19813.321
WYF00000.asd	404	753.000	19888.418
WYF00000.asd	405	754.000	19960.725
WYF00000.asd	406	755.000	20029.367
WYF00000.asd	407	756.000	20087.530
WYF00000.asd	408	757.000	20139.339
WYF00000.asd	409	758.000	20187.118
WYF00000.asd	410	759.000	20231.296
WYF00000.asd	411	760.000	20266.728
WYF00000.asd	412	761.000	20306.885
WYF00000.asd	413	762.000	20350.718
WYF00000.asd	414	763.000	20390.076
WYF00000.asd	415	764.000	20426.428
WYF00000.asd	416	765.000	20455.003
WYF00000.asd	417	766.000	20478.711
WYF00000.asd	418	767.000	20508.555
WYF00000.asd	419	768.000	20528.021
WYF00000.asd	420	769.000	20543.979
WYF00000.asd	421	770.000	20561.688
WYF00000.asd	422	771.000	20570.051
WYF00000.asd	423	772.000	20578.500
WYF00000.asd	424	773.000	20584.107
WYF00000.asd	425	774.000	20581.708
WYF00000.asd	426	775.000	20581.062
WYF00000.asd	427	776.000	20573.749
WYF00000.asd	428	777.000	20561.452
WYF00000.asd	429	778.000	20554.236
WYF00000.asd	430	779.000	20544.126
WYF00000.asd	431	780.000	20530.688
WYF00000.asd	432	781.000	20512.883
WYF00000.asd	433	782.000	20486.437
WYF00000.asd	434	783.000	20459.509
WYF00000.asd	435	784.000	20428.377
WYF00000.asd	436	785.000	20390.386
WYF00000.asd	437	786.000	20360.502
WYF00000.asd	438	787.000	20325.643
WYF00000.asd	439	788.000	20283.026
WYF00000.asd	440	789.000	20237.022
WYF00000.asd	441	790.000	20192.534
WYF00000.asd	442	791.000	20149.548
WYF00000.asd	443	792.000	20105.831
WYF00000.asd	444	793.000	20057.493
WYF00000.asd	445	794.000	20006.201
WYF00000.asd	446	795.000	19949.284
WYF00000.asd	447	796.000	19885.466
WYF00000.asd	448	797.000	19818.778
WYF00000.asd	449	798.000	19744.517
WYF00000.asd	450	799.000	19668.127
WYF00000.asd	451	800.000	19595.679
WYF00000.asd	452	801.000	19516.828
WYF00000.asd	453	802.000	19447.328
WYF00000.asd	454	803.000	19386.023
WYF00000.asd	455	804.000	19319.554
WYF00000.asd	456	805.000	19252.126
WYF00000.asd	457	806.000	19178.722
WYF00000.asd	458	807.000	19102.578
WYF00000.asd	459	808.000	19038.627
WYF00000.asd	460	809.000	18970.524
WYF00000.asd	461	810.000	18901.681
WYF00000.asd	462	811.000	18832.541
WYF00000.asd	463	812.000	18743.085
WYF00000.asd	464	813.000	18651.343
WYF00000.asd	465	814.000	18559.794
WYF00000.asd	466	815.000	18466.098
WYF00000.asd	467	816.000	18375.717
WYF00000.asd	468	817.000	18284.123
WYF00000.asd	469	818.000	18193.515
WYF00000.asd	470	819.000	18109.670
WYF00000.asd	471	820.000	18021.793
WYF00000.asd	472	821.000	17929.209
WYF00000.asd	473	822.000	17834.247
WYF00000.asd	474	823.000	17741.149
WYF00000.asd	475	824.000	17650.456
WYF00000.asd	476	825.000	17556.292
WYF00000.asd	477	826.000	17455.996
WYF00000.asd	478	827.000	17357.675
WYF00000.asd	479	828.000	17257.025
WYF00000.asd	480	829.000	17156.066
WYF00000.asd	481	830.000	17056.396
WYF00000.asd	482	831.000	16949.584
WYF00000.asd	483	832.000	16840.973
WYF00000.asd	484	833.000	16733.586
WYF00000.asd	485	834.000	16628.127
WYF00000.asd	486	835.000	16521.427
WYF00000.asd	487	836.000	16417.754
WYF00000.asd	488	837.000	16316.612
WYF00000.asd	489	838.000	16212.510
WYF00000.asd	490	839.000	16109.439
WYF00000.asd	491	840.000	16006.693
WYF00000.asd	492	841.000	15903.036
WYF00000.asd	493	842.000	15797.553
WYF00000.asd	494	843.000	15698.356
WYF00000.asd	495	844.000	15596.583
WYF00000.asd	496	845.000	15487.732
WYF00000.asd	497	846.000	15392.409
WYF00000.asd	498	847.000	15294.758
WYF00000.asd	499	848.000	15192.605
WYF00000.asd	500	849.000	15090.346
WYF00000.asd	501	850.000	14995.494
WYF00000.asd	502	851.000	14900.293
WYF00000.asd	503	852.000	14802.278
WYF00000.asd	504	853.000	14703.177
WYF00000.asd	505	854.000	14605.532
WYF00000.asd	506	855.000	14504.125
WYF00000.asd	507	856.000	14401.282
WYF00000.asd	508	857.000	14305.888
WYF00000.asd	509	858.000	14204.990
WYF00000.asd	510	859.000	14102.763
WYF00000.asd	511	860.000	14002.108
WYF00000.asd	512	861.000	13900.021
WYF00000.asd	513	862.000	13800.695
WYF00000.asd	514	863.000	13698.554
WYF00000.asd	515	864.000	13591.363
WYF00000.asd	516	865.000	13489.176
WYF00000.asd	517	866.000	13386.235
WYF00000.asd	518	867.000	13285.419
WYF00000.asd	519	868.000	13188.480
WYF00000.asd	520	869.000	13085.078
WYF00000.asd	521	870.000	12980.100
WYF00000.asd	522	871.000	12875.815
WYF00000.asd	523	872.000	12772.752
WYF00000.asd	524	873.000	12669.573
WYF00000.asd	525	874.000	12564.519
WYF00000.asd	526	875.000	12460.578
WYF00000.asd	527	876.000	12361.483
WYF00000.asd	528	877.000	12254.126
WYF00000.asd	529	878.000	12150.321
WYF00000.asd	530	879.000	12050.918
WYF00000.asd	531	880.000	11946.088
WYF00000.asd	532	881.000	11843.898
WYF00000.asd	533	882.000	11740.482
WYF00000.asd	534	883.000	11636.118
WYF00000.asd	535	884.000	11537.220
WYF00000.asd	536	885.000	11434.713
WYF00000.asd	537	886.000	11329.450
WYF00000.asd	538	887.000	11224.461
WYF00000.asd	539	888.000	11122.826
WYF00000.asd	540	889.000	11022.666
WYF00000.asd	541	890.000	10923.371
WYF00000.asd	542	891.000	10824.763
WYF00000.asd	543	892.000	10727.158
WYF00000.asd	544	893.000	10627.327
WYF00000.asd	545	894.000	10528.602
WYF00000.asd	546	895.000	10433.492
WYF00000.asd	547	896.000	10336.460
WYF00000.asd	548	897.000	10239.779
WYF00000.asd	549	898.000	10144.056
WYF00000.asd	550	899.000	10049.963
WYF00000.asd	551	900.000	9960.588
WYF00000.asd	552	901.000	9869.955
WYF00000.asd	553	902.000	9779.447
WYF00000.asd	554	903.000	9691.689
WYF00000.asd	555	904.000	9598.389
WYF00000.asd	556	905.000	9508.769
WYF00000.asd	557	906.000	9419.294
WYF00000.asd	558	907.000	9322.800
WYF00000.asd	559	908.000	9233.905
WYF00000.asd	560	909.000	9144.196
WYF00000.asd	561	910.000	9052.874
WYF00000.asd	562	911.000	8963.745
WYF00000.asd	563	912.000	8870.145
WYF00000.asd	564	913.000	8778.618
WYF00000.asd	565	914.000	8687.247
WYF00000.asd	566	915.000	8589.445
WYF00000.asd	567	916.000	8499.942
WYF00000.asd	568	917.000	8408.971
WYF00000.asd	569	918.000	8315.939
WYF00000.asd	570	919.000	8228.773
WYF00000.asd	571	920.000	8137.976
WYF00000.asd	572	921.000	8044.306
WYF00000.asd	573	922.000	7950.742
WYF00000.asd	574	923.000	7860.136
WYF00000.asd	575	924.000	7765.232
WYF00000.asd	576	925.000	7669.016
WYF00000.asd	577	926.000	7573.934
WYF00000.asd	578	927.000	7479.633
WYF00000.asd	579	928.000	7379.457
WYF00000.asd	580	929.000	7276.353
WYF00000.asd	581	930.000	7174.504
WYF00000.asd	582	931.000	7076.890
WYF00000.asd	583	932.000	6978.477
WYF00000.asd	584	933.000	6882.049
WYF00000.asd	585	934.000	6788.354
WYF00000.asd	586	935.000	6694.597
WYF00000.asd	587	936.000	6602.891
WYF00000.asd	588	937.000	6513.351
WYF00000.asd	589	938.000	6425.396
WYF00000.asd	590	939.000	6338.102
WYF00000.asd	591	940.000	6251.997
WYF00000.asd	592	941.000	6166.094
WYF00000.asd	593	942.000	6079.629
WYF00000.asd	594	943.000	5992.476
WYF00000.asd	595	944.000	5904.742
WYF00000.asd	596	945.000	5817.844
WYF00000.asd	597	946.000	5733.557
WYF00000.asd	598	947.000	5653.268
WYF00000.asd	599	948.000	5573.307
WYF00000.asd	600	949.000	5492.741
WYF00000.asd	601	950.000	5413.529
WYF00000.asd	602	951.000	5339.292
WYF00000.asd	603	952.000	5262.367
WYF00000.asd	604	953.000	5187.804
WYF00000.asd	605	954.000	5116.080
WYF00000.asd	606	955.000	5041.791
WYF00000.asd	607	956.000	4969.945
WYF00000.asd	608	957.000	4899.101
WYF00000.asd	609	958.000	4829.272
WYF00000.asd	610	959.000	4762.052
WYF00000.asd	611	960.000	4693.359
WYF00000.asd	612	961.000	4627.008
WYF00000.asd	613	962.000	4562.244
WYF00000.asd	614	963.000	4494.688
WYF00000.asd	615	964.000	4428.660
WYF00000.asd	616	965.000	4364.255
WYF00000.asd	617	966.000	4301.460
WYF00000.asd	618	967.000	4239.962
WYF00000.asd	619	968.000	4176.632
WYF00000.asd	620	969.000	4115.231
WYF00000.asd	621	970.000	4054.713
WYF00000.asd	622	971.000	3992.194
WYF00000.asd	623	972.000	3933.390
WYF00000.asd	624	973.000	3874.492
WYF00000.asd	625	974.000	3815.364
WYF00000.asd	626	975.000	3757.555
WYF00000.asd	627	976.000	3699.670
WYF00000.asd	628	977.000	3643.380
WYF00000.asd	629	978.000	3585.329
WYF00000.asd	630	979.000	3524.047
WYF00000.asd	631	980.000	3471.363
WYF00000.asd	632	981.000	3417.478
WYF00000.asd	633	982.000	3361.603
WYF00000.asd	634	983.000	3305.498
WYF00000.asd	635	984.000	3248.517
WYF00000.asd	636	985.000	3194.281
WYF00000.asd	637	986.000	3141.592
WYF00000.asd	638	987.000	3087.951
WYF00000.asd	639	988.000	3031.613
WYF00000.asd	640	989.000	2977.517
WYF00000.asd	641	990.000	2924.039
WYF00000.asd	642	991.000	2870.881
WYF00000.asd	643	992.000	2821.164
WYF00000.asd	644	993.000	2769.530
WYF00000.asd	645	994.000	2717.707
WYF00000.asd	646	995.000	2666.757
WYF00000.asd	647	996.000	2616.183
WYF00000.asd	648	997.000	2569.893
WYF00000.asd	649	998.000	2520.260
WYF00000.asd	650	999.000	2468.445
WYF00000.asd	651	1000.000	2421.399
WYF00000.asd	652	1001.000	9808.183
WYF00000.asd	653	1002.000	9871.884
WYF00000.asd	654	1003.000	9932.906
WYF00000.asd	655	1004.000	9997.419
WYF00000.asd	656	1005.000	10068.938
WYF00000.asd	657	1006.000	10135.882
WYF00000.asd	658	1007.000	10199.058
WYF00000.asd	659	1008.000	10264.963
WYF00000.asd	660	1009.000	10329.671
WYF00000.asd	661	1010.000	10400.159
WYF00000.asd	662	1011.000	10472.268
WYF00000.asd	663	1012.000	10543.971
WYF00000.asd	664	1013.000	10625.662
WYF00000.asd	665	1014.000	10706.271
WYF00000.asd	666	1015.000	10781.740
WYF00000.asd	667	1016.000	10861.043
WYF00000.asd	668	1017.000	10939.944
WYF00000.asd	669	1018.000	11015.180
WYF00000.asd	670	1019.000	11096.396
WYF00000.asd	671	1020.000	11181.507
WYF00000.asd	672	1021.000	11267.093
WYF00000.asd	673	1022.000	11358.534
WYF00000.asd	674	1023.000	11442.970
WYF00000.asd	675	1024.000	11525.637
WYF00000.asd	676	1025.000	11608.445
WYF00000.asd	677	1026.000	11684.732
WYF00000.asd	678	1027.000	11758.836
WYF00000.asd	679	1028.000	11833.300
WYF00000.asd	680	1029.000	11904.670
WYF00000.asd	681	1030.000	11979.023
WYF00000.asd	682	1031.000	12050.128
WYF00000.asd	683	1032.000	12115.256
WYF00000.asd	684	1033.000	12178.967
WYF00000.asd	685	1034.000	12235.152
WYF00000.asd	686	1035.000	12281.138
WYF00000.asd	687	1036.000	12330.849
WYF00000.asd	688	1037.000	12378.333
WYF00000.asd	689	1038.000	12422.226
WYF00000.asd	690	1039.000	12470.348
WYF00000.asd	691	1040.000	12513.685
WYF00000.asd	692	1041.000	12551.439
WYF00000.asd	693	1042.000	12592.106
WYF00000.asd	694	1043.000	12628.650
WYF00000.asd	695	1044.000	12665.089
WYF00000.asd	696	1045.000	12704.083
WYF00000.asd	697	1046.000	12737.398
WYF00000.asd	698	1047.000	12772.576
WYF00000.asd	699	1048.000	12811.320
WYF00000.asd	700	1049.000	12848.950
WYF00000.asd	701	1050.000	12886.760
WYF00000.asd	702	1051.000	12926.028
WYF00000.asd	703	1052.000	12967.484
WYF00000.asd	704	1053.000	13003.896
WYF00000.asd	705	1054.000	13042.593
WYF00000.asd	706	1055.000	13083.220
WYF00000.asd	707	1056.000	13127.909
WYF00000.asd	708	1057.000	13179.910
WYF00000.asd	709	1058.000	13234.133
WYF00000.asd	710	1059.000	13290.705
WYF00000.asd	711	1060.000	13343.724
WYF00000.asd	712	1061.000	13397.270
WYF00000.asd	713	1062.000	13457.899
WYF00000.asd	714	1063.000	13518.101
WYF00000.asd	715	1064.000	13584.250
WYF00000.asd	716	1065.000	13657.573
WYF00000.asd	717	1066.000	13732.990
WYF00000.asd	718	1067.000	13808.153
WYF00000.asd	719	1068.000	13890.367
WYF00000.asd	720	1069.000	13969.556
WYF00000.asd	721	1070.000	14053.218
WYF00000.asd	722	1071.000	14142.115
WYF00000.asd	723	1072.000	14232.088
WYF00000.asd	724	1073.000	14334.027
WYF00000.asd	725	1074.000	14438.710
WYF00000.asd	726	1075.000	14546.413
WYF00000.asd	727	1076.000	14662.096
WYF00000.asd	728	1077.000	14773.547
WYF00000.asd	729	1078.000	14892.290
WYF00000.asd	730	1079.000	15015.418
WYF00000.asd	731	1080.000	15142.839
WYF00000.asd	732	1081.000	15265.773
WYF00000.asd	733	1082.000	15404.082
WYF00000.asd	734	1083.000	15548.221
WYF00000.asd	735	1084.000	15689.120
WYF00000.asd	736	1085.000	15842.140
WYF00000.asd	737	1086.000	15991.328
WYF00000.asd	738	1087.000	16141.655
WYF00000.asd	739	1088.000	16300.533
WYF00000.asd	740	1089.000	16455.073
WYF00000.asd	741	1090.000	16621.628
WYF00000.asd	742	1091.000	16790.705
WYF00000.asd	743	1092.000	16956.611
WYF00000.asd	744	1093.000	17133.506
WYF00000.asd	745	1094.000	17303.523
WYF00000.asd	746	1095.000	17475.509
WYF00000.asd	747	1096.000	17648.119
WYF00000.asd	748	1097.000	17823.403
WYF00000.asd	749	1098.000	17987.021
WYF00000.asd	750	1099.000	18159.574
WYF00000.asd	751	1100.000	18329.946
WYF00000.asd	752	1101.000	18489.031
WYF00000.asd	753	1102.000	18653.747
WYF00000.asd	754	1103.000	18808.007
WYF00000.asd	755	1104.000	18957.855
WYF00000.asd	756	1105.000	19110.646
WYF00000.asd	757	1106.000	19253.662
WYF00000.asd	758	1107.000	19398.336
WYF00000.asd	759	1108.000	19536.012
WYF00000.asd	760	1109.000	19664.229
WYF00000.asd	761	1110.000	19787.666
WYF00000.asd	762	1111.000	19908.951
WYF00000.asd	763	1112.000	20017.289
WYF00000.asd	764	1113.000	20117.456
WYF00000.asd	765	1114.000	20208.883
WYF00000.asd	766	1115.000	20285.326
WYF00000.asd	767	1116.000	20362.256
WYF00000.asd	768	1117.000	20432.995
WYF00000.asd	769	1118.000	20490.583
WYF00000.asd	770	1119.000	20547.779
WYF00000.asd	771	1120.000	20596.611
WYF00000.asd	772	1121.000	20635.268
WYF00000.asd	773	1122.000	20675.537
WYF00000.asd	774	1123.000	20715.072
WYF00000.asd	775	1124.000	20747.423
WYF00000.asd	776	1125.000	20778.590
WYF00000.asd	777	1126.000	20809.772
WYF00000.asd	778	1127.000	20834.678
WYF00000.asd	779	1128.000	20856.443
WYF00000.asd	780	1129.000	20870.411
WYF00000.asd	781	1130.000	20878.695
WYF00000.asd	782	1131.000	20882.509
WYF00000.asd	783	1132.000	20874.484
WYF00000.asd	784	1133.000	20867.906
WYF00000.asd	785	1134.000	20864.071
WYF00000.asd	786	1135.000	20854.465
WYF00000.asd	787	1136.000	20854.323
WYF00000.asd	788	1137.000	20859.079
WYF00000.asd	789	1138.000	20864.369
WYF00000.asd	790	1139.000	20871.757
WYF00000.asd	791	1140.000	20879.638
WYF00000.asd	792	1141.000	20886.826
WYF00000.asd	793	1142.000	20887.823
WYF00000.asd	794	1143.000	20884.094
WYF00000.asd	795	1144.000	20881.171
WYF00000.asd	796	1145.000	20871.507
WYF00000.asd	797	1146.000	20866.367
WYF00000.asd	798	1147.000	20862.636
WYF00000.asd	799	1148.000	20862.674
WYF00000.asd	800	1149.000	20861.249
WYF00000.asd	801	1150.000	20860.403
WYF00000.asd	802	1151.000	20862.477
WYF00000.asd	803	1152.000	20863.881
WYF00000.asd	804	1153.000	20869.185
WYF00000.asd	805	1154.000	20876.015
WYF00000.asd	806	1155.000	20881.977
WYF00000.asd	807	1156.000	20890.253
WYF00000.asd	808	1157.000	20899.114
WYF00000.asd	809	1158.000	20912.279
WYF00000.asd	810	1159.000	20926.801
WYF00000.asd	811	1160.000	20946.780
WYF00000.asd	812	1161.000	20961.519
WYF00000.asd	813	1162.000	20975.844
WYF00000.asd	814	1163.000	20988.444
WYF00000.asd	815	1164.000	20996.450
WYF00000.asd	816	1165.000	21008.709
WYF00000.asd	817	1166.000	21022.998
WYF00000.asd	818	1167.000	21041.568
WYF00000.asd	819	1168.000	21064.472
WYF00000.asd	820	1169.000	21085.860
WYF00000.asd	821	1170.000	21106.881
WYF00000.asd	822	1171.000	21126.040
WYF00000.asd	823	1172.000	21146.517
WYF00000.asd	824	1173.000	21172.258
WYF00000.asd	825	1174.000	21199.383
WYF00000.asd	826	1175.000	21224.841
WYF00000.asd	827	1176.000	21247.001
WYF00000.asd	828	1177.000	21264.638
WYF00000.asd	829	1178.000	21283.281
WYF00000.asd	830	1179.000	21301.229
WYF00000.asd	831	1180.000	21318.487
WYF00000.asd	832	1181.000	21334.845
WYF00000.asd	833	1182.000	21351.710
WYF00000.asd	834	1183.000	21367.143
WYF00000.asd	835	1184.000	21382.793
WYF00000.asd	836	1185.000	21399.553
WYF00000.asd	837	1186.000	21418.719
WYF00000.asd	838	1187.000	21442.396
WYF00000.asd	839	1188.000	21464.204
WYF00000.asd	840	1189.000	21491.449
WYF00000.asd	841	1190.000	21520.629
WYF00000.asd	842	1191.000	21551.327
WYF00000.asd	843	1192.000	21586.882
WYF00000.asd	844	1193.000	21618.220
WYF00000.asd	845	1194.000	21648.356
WYF00000.asd	846	1195.000	21680.903
WYF00000.asd	847	1196.000	21710.829
WYF00000.asd	848	1197.000	21744.516
WYF00000.asd	849	1198.000	21784.151
WYF00000.asd	850	1199.000	21821.182
WYF00000.asd	851	1200.000	21856.359
WYF00000.asd	852	1201.000	21893.491
WYF00000.asd	853	1202.000	21932.958
WYF00000.asd	854	1203.000	21969.319
WYF00000.asd	855	1204.000	22004.406
WYF00000.asd	856	1205.000	22044.263
WYF00000.asd	857	1206.000	22085.338
WYF00000.asd	858	1207.000	22123.851
WYF00000.asd	859	1208.000	22161.279
WYF00000.asd	860	1209.000	22200.913
WYF00000.asd	861	1210.000	22242.541
WYF00000.asd	862	1211.000	22281.957
WYF00000.asd	863	1212.000	22327.593
WYF00000.asd	864	1213.000	22378.987
WYF00000.asd	865	1214.000	22429.450
WYF00000.asd	866	1215.000	22479.355
WYF00000.asd	867	1216.000	22533.387
WYF00000.asd	868	1217.000	22589.784
WYF00000.asd	869	1218.000	22651.128
WYF00000.asd	870	1219.000	22719.699
WYF00000.asd	871	1220.000	22784.781
WYF00000.asd	872	1221.000	22853.623
WYF00000.asd	873	1222.000	22917.232
WYF00000.asd	874	1223.000	22978.807
WYF00000.asd	875	1224.000	23045.549
WYF00000.asd	876	1225.000	23111.974
WYF00000.asd	877	1226.000	23178.360
WYF00000.asd	878	1227.000	23243.650
WYF00000.asd	879	1228.000	23305.621
WYF00000.asd	880	1229.000	23363.441
WYF00000.asd	881	1230.000	23417.276
WYF00000.asd	882	1231.000	23470.135
WYF00000.asd	883	1232.000	23518.365
WYF00000.asd	884	1233.000	23568.654
WYF00000.asd	885	1234.000	23619.035
WYF00000.asd	886	1235.000	23668.139
WYF00000.asd	887	1236.000	23718.952
WYF00000.asd	888	1237.000	23763.357
WYF00000.asd	889	1238.000	23801.462
WYF00000.asd	890	1239.000	23843.358
WYF00000.asd	891	1240.000	23882.011
WYF00000.asd	892	1241.000	23923.871
WYF00000.asd	893	1242.000	23969.080
WYF00000.asd	894	1243.000	24015.434
WYF00000.asd	895	1244.000	24061.059
WYF00000.asd	896	1245.000	24102.871
WYF00000.asd	897	1246.000	24146.019
WYF00000.asd	898	1247.000	24185.894
WYF00000.asd	899	1248.000	24221.969
WYF00000.asd	900	1249.000	24257.675
WYF00000.asd	901	1250.000	24286.101
WYF00000.asd	902	1251.000	24309.132
WYF00000.asd	903	1252.000	24328.366
WYF00000.asd	904	1253.000	24343.806
WYF00000.asd	905	1254.000	24351.232
WYF00000.asd	906	1255.000	24353.287
WYF00000.asd	907	1256.000	24350.568
WYF00000.asd	908	1257.000	24340.554
WYF00000.asd	909	1258.000	24326.907
WYF00000.asd	910	1259.000	24309.749
WYF00000.asd	911	1260.000	24286.649
WYF00000.asd	912	1261.000	24255.450
WYF00000.asd	913	1262.000	24224.234
WYF00000.asd	914	1263.000	24189.497
WYF00000.asd	915	1264.000	24150.999
WYF00000.asd	916	1265.000	24114.717
WYF00000.asd	917	1266.000	24072.985
WYF00000.asd	918	1267.000	24031.192
WYF00000.asd	919	1268.000	23990.318
WYF00000.asd	920	1269.000	23953.451
WYF00000.asd	921	1270.000	23917.412
WYF00000.asd	922	1271.000	23886.538
WYF00000.asd	923	1272.000	23860.232
WYF00000.asd	924	1273.000	23835.473
WYF00000.asd	925	1274.000	23811.396
WYF00000.asd	926	1275.000	23793.938
WYF00000.asd	927	1276.000	23779.621
WYF00000.asd	928	1277.000	23771.447
WYF00000.asd	929	1278.000	23771.879
WYF00000.asd	930	1279.000	23772.060
WYF00000.asd	931	1280.000	23774.189
WYF00000.asd	932	1281.000	23780.786
WYF00000.asd	933	1282.000	23789.636
WYF00000.asd	934	1283.000	23802.364
WYF00000.asd	935	1284.000	23820.002
WYF00000.asd	936	1285.000	23840.875
WYF00000.asd	937	1286.000	23864.541
WYF00000.asd	938	1287.000	23893.158
WYF00000.asd	939	1288.000	23922.673
WYF00000.asd	940	1289.000	23952.111
WYF00000.asd	941	1290.000	23983.373
WYF00000.asd	942	1291.000	24014.744
WYF00000.asd	943	1292.000	24049.084
WYF00000.asd	944	1293.000	24087.447
WYF00000.asd	945	1294.000	24123.727
WYF00000.asd	946	1295.000	24159.928
WYF00000.asd	947	1296.000	24196.526
WYF00000.asd	948	1297.000	24233.489
WYF00000.asd	949	1298.000	24269.923
WYF00000.asd	950	1299.000	24307.760
WYF00000.asd	951	1300.000	24344.184
WYF00000.asd	952	1301.000	24377.886
WYF00000.asd	953	1302.000	24413.676
WYF00000.asd	954	1303.000	24453.324
WYF00000.asd	955	1304.000	24487.046
WYF00000.asd	956	1305.000	24520.342
WYF00000.asd	957	1306.000	24550.284
WYF00000.asd	958	1307.000	24575.286
WYF00000.asd	959	1308.000	24597.607
WYF00000.asd	960	1309.000	24621.252
WYF00000.asd	961	1310.000	24644.077
WYF00000.asd	962	1311.000	24663.768
WYF00000.asd	963	1312.000	24681.316
WYF00000.asd	964	1313.000	24697.211
WYF00000.asd	965	1314.000	24710.513
WYF00000.asd	966	1315.000	24721.497
WYF00000.asd	967	1316.000	24731.447
WYF00000.asd	968	1317.000	24738.610
WYF00000.asd	969	1318.000	24741.917
WYF00000.asd	970	1319.000	24745.378
WYF00000.asd	971	1320.000	24749.809
WYF00000.asd	972	1321.000	24747.431
WYF00000.asd	973	1322.000	24741.145
WYF00000.asd	974	1323.000	24733.419
WYF00000.asd	975	1324.000	24721.332
WYF00000.asd	976	1325.000	24707.166
WYF00000.asd	977	1326.000	24692.810
WYF00000.asd	978	1327.000	24673.961
WYF00000.asd	979	1328.000	24648.162
WYF00000.asd	980	1329.000	24624.463
WYF00000.asd	981	1330.000	24602.336
WYF00000.asd	982	1331.000	24574.564
WYF00000.asd	983	1332.000	24546.460
WYF00000.asd	984	1333.000	24512.524
WYF00000.asd	985	1334.000	24474.405
WYF00000.asd	986	1335.000	24431.838
WYF00000.asd	987	1336.000	24388.580
WYF00000.asd	988	1337.000	24344.598
WYF00000.asd	989	1338.000	24294.749
WYF00000.asd	990	1339.000	24243.867
WYF00000.asd	991	1340.000	24182.638
WYF00000.asd	992	1341.000	24116.073
WYF00000.asd	993	1342.000	24040.499
WYF00000.asd	994	1343.000	23960.763
WYF00000.asd	995	1344.000	23863.576
WYF00000.asd	996	1345.000	23757.060
WYF00000.asd	997	1346.000	23636.623
WYF00000.asd	998	1347.000	23506.822
WYF00000.asd	999	1348.000	23354.003
WYF00000.asd	1000	1349.000	23181.862
WYF00000.asd	1001	1350.000	23000.688
WYF00000.asd	1002	1351.000	22798.152
WYF00000.asd	1003	1352.000	22588.380
WYF00000.asd	1004	1353.000	22365.049
WYF00000.asd	1005	1354.000	22142.058
WYF00000.asd	1006	1355.000	21897.813
WYF00000.asd	1007	1356.000	21669.509
WYF00000.asd	1008	1357.000	21435.089
WYF00000.asd	1009	1358.000	21224.412
WYF00000.asd	1010	1359.000	21025.739
WYF00000.asd	1011	1360.000	20838.426
WYF00000.asd	1012	1361.000	20682.673
WYF00000.asd	1013	1362.000	20558.511
WYF00000.asd	1014	1363.000	20468.410
WYF00000.asd	1015	1364.000	20412.305
WYF00000.asd	1016	1365.000	20379.424
WYF00000.asd	1017	1366.000	20384.756
WYF00000.asd	1018	1367.000	20394.769
WYF00000.asd	1019	1368.000	20433.485
WYF00000.asd	1020	1369.000	20465.692
WYF00000.asd	1021	1370.000	20521.462
WYF00000.asd	1022	1371.000	20549.592
WYF00000.asd	1023	1372.000	20597.161
WYF00000.asd	1024	1373.000	20580.205
WYF00000.asd	1025	1374.000	20551.965
WYF00000.asd	1026	1375.000	20452.977
WYF00000.asd	1027	1376.000	20302.104
WYF00000.asd	1028	1377.000	20100.986
WYF00000.asd	1029	1378.000	19814.358
WYF00000.asd	1030	1379.000	19541.039
WYF00000.asd	1031	1380.000	19197.421
WYF00000.asd	1032	1381.000	18906.822
WYF00000.asd	1033	1382.000	18608.789
WYF00000.asd	1034	1383.000	18362.025
WYF00000.asd	1035	1384.000	18165.046
WYF00000.asd	1036	1385.000	17973.415
WYF00000.asd	1037	1386.000	17821.237
WYF00000.asd	1038	1387.000	17680.939
WYF00000.asd	1039	1388.000	17515.765
WYF00000.asd	1040	1389.000	17352.159
WYF00000.asd	1041	1390.000	17147.082
WYF00000.asd	1042	1391.000	16917.287
WYF00000.asd	1043	1392.000	16677.721
WYF00000.asd	1044	1393.000	16405.373
WYF00000.asd	1045	1394.000	16146.376
WYF00000.asd	1046	1395.000	15872.841
WYF00000.asd	1047	1396.000	15625.647
WYF00000.asd	1048	1397.000	15382.557
WYF00000.asd	1049	1398.000	15152.514
WYF00000.asd	1050	1399.000	14939.890
WYF00000.asd	1051	1400.000	14731.322
WYF00000.asd	1052	1401.000	14525.293
WYF00000.asd	1053	1402.000	14333.690
WYF00000.asd	1054	1403.000	14158.987
WYF00000.asd	1055	1404.000	13985.421
WYF00000.asd	1056	1405.000	13816.929
WYF00000.asd	1057	1406.000	13659.437
WYF00000.asd	1058	1407.000	13504.378
WYF00000.asd	1059	1408.000	13366.229
WYF00000.asd	1060	1409.000	13241.155
WYF00000.asd	1061	1410.000	13127.601
WYF00000.asd	1062	1411.000	13032.561
WYF00000.asd	1063	1412.000	12938.933
WYF00000.asd	1064	1413.000	12856.712
WYF00000.asd	1065	1414.000	12776.246
WYF00000.asd	1066	1415.000	12700.792
WYF00000.asd	1067	1416.000	12626.697
WYF00000.asd	1068	1417.000	12552.112
WYF00000.asd	1069	1418.000	12486.655
WYF00000.asd	1070	1419.000	12424.405
WYF00000.asd	1071	1420.000	12369.492
WYF00000.asd	1072	1421.000	12322.251
WYF00000.asd	1073	1422.000	12286.893
WYF00000.asd	1074	1423.000	12247.342
WYF00000.asd	1075	1424.000	12212.011
WYF00000.asd	1076	1425.000	12175.979
WYF00000.asd	1077	1426.000	12140.156
WYF00000.asd	1078	1427.000	12106.938
WYF00000.asd	1079	1428.000	12075.784
WYF00000.asd	1080	1429.000	12045.387
WYF00000.asd	1081	1430.000	12015.772
WYF00000.asd	1082	1431.000	11988.729
WYF00000.asd	1083	1432.000	11961.523
WYF00000.asd	1084	1433.000	11940.543
WYF00000.asd	1085	1434.000	11923.709
WYF00000.asd	1086	1435.000	11909.180
WYF00000.asd	1087	1436.000	11898.936
WYF00000.asd	1088	1437.000	11890.781
WYF00000.asd	1089	1438.000	11885.631
WYF00000.asd	1090	1439.000	11881.536
WYF00000.asd	1091	1440.000	11882.973
WYF00000.asd	1092	1441.000	11880.292
WYF00000.asd	1093	1442.000	11874.010
WYF00000.asd	1094	1443.000	11872.455
WYF00000.asd	1095	1444.000	11870.949
WYF00000.asd	1096	1445.000	11871.777
WYF00000.asd	1097	1446.000	11876.680
WYF00000.asd	1098	1447.000	11882.290
WYF00000.asd	1099	1448.000	11888.233
WYF00000.asd	1100	1449.000	11896.043
WYF00000.asd	1101	1450.000	11906.995
WYF00000.asd	1102	1451.000	11918.102
WYF00000.asd	1103	1452.000	11929.881
WYF00000.asd	1104	1453.000	11942.639
WYF00000.asd	1105	1454.000	11959.612
WYF00000.asd	1106	1455.000	11971.342
WYF00000.asd	1107	1456.000	11982.076
WYF00000.asd	1108	1457.000	11994.753
WYF00000.asd	1109	1458.000	12005.483
WYF00000.asd	1110	1459.000	12013.902
WYF00000.asd	1111	1460.000	12023.316
WYF00000.asd	1112	1461.000	12032.220
WYF00000.asd	1113	1462.000	12043.636
WYF00000.asd	1114	1463.000	12054.759
WYF00000.asd	1115	1464.000	12068.144
WYF00000.asd	1116	1465.000	12085.235
WYF00000.asd	1117	1466.000	12100.136
WYF00000.asd	1118	1467.000	12113.153
WYF00000.asd	1119	1468.000	12130.967
WYF00000.asd	1120	1469.000	12149.490
WYF00000.asd	1121	1470.000	12171.800
WYF00000.asd	1122	1471.000	12196.823
WYF00000.asd	1123	1472.000	12226.281
WYF00000.asd	1124	1473.000	12258.263
WYF00000.asd	1125	1474.000	12294.436
WYF00000.asd	1126	1475.000	12337.449
WYF00000.asd	1127	1476.000	12378.921
WYF00000.asd	1128	1477.000	12423.777
WYF00000.asd	1129	1478.000	12466.654
WYF00000.asd	1130	1479.000	12508.549
WYF00000.asd	1131	1480.000	12552.028
WYF00000.asd	1132	1481.000	12595.400
WYF00000.asd	1133	1482.000	12639.913
WYF00000.asd	1134	1483.000	12685.504
WYF00000.asd	1135	1484.000	12732.332
WYF00000.asd	1136	1485.000	12782.565
WYF00000.asd	1137	1486.000	12828.565
WYF00000.asd	1138	1487.000	12871.247
WYF00000.asd	1139	1488.000	12917.868
WYF00000.asd	1140	1489.000	12963.490
WYF00000.asd	1141	1490.000	13010.657
WYF00000.asd	1142	1491.000	13062.020
WYF00000.asd	1143	1492.000	13113.003
WYF00000.asd	1144	1493.000	13166.542
WYF00000.asd	1145	1494.000	13214.569
WYF00000.asd	1146	1495.000	13257.738
WYF00000.asd	1147	1496.000	13305.392
WYF00000.asd	1148	1497.000	13349.458
WYF00000.asd	1149	1498.000	13397.294
WYF00000.asd	1150	1499.000	13451.129
WYF00000.asd	1151	1500.000	13507.758
WYF00000.asd	1152	1501.000	13557.522
WYF00000.asd	1153	1502.000	13603.313
WYF00000.asd	1154	1503.000	13652.420
WYF00000.asd	1155	1504.000	13694.324
WYF00000.asd	1156	1505.000	13739.954
WYF00000.asd	1157	1506.000	13787.509
WYF00000.asd	1158	1507.000	13833.014
WYF00000.asd	1159	1508.000	13876.221
WYF00000.asd	1160	1509.000	13923.057
WYF00000.asd	1161	1510.000	13971.963
WYF00000.asd	1162	1511.000	14017.399
WYF00000.asd	1163	1512.000	14062.672
WYF00000.asd	1164	1513.000	14108.462
WYF00000.asd	1165	1514.000	14151.167
WYF00000.asd	1166	1515.000	14197.844
WYF00000.asd	1167	1516.000	14248.797
WYF00000.asd	1168	1517.000	14295.719
WYF00000.asd	1169	1518.000	14342.148
WYF00000.asd	1170	1519.000	14387.598
WYF00000.asd	1171	1520.000	14431.261
WYF00000.asd	1172	1521.000	14475.027
WYF00000.asd	1173	1522.000	14518.539
WYF00000.asd	1174	1523.000	14561.544
WYF00000.asd	1175	1524.000	14603.823
WYF00000.asd	1176	1525.000	14646.188
WYF00000.asd	1177	1526.000	14689.701
WYF00000.asd	1178	1527.000	14729.529
WYF00000.asd	1179	1528.000	14766.422
WYF00000.asd	1180	1529.000	14804.976
WYF00000.asd	1181	1530.000	14843.100
WYF00000.asd	1182	1531.000	14879.637
WYF00000.asd	1183	1532.000	14915.186
WYF00000.asd	1184	1533.000	14952.871
WYF00000.asd	1185	1534.000	14990.827
WYF00000.asd	1186	1535.000	15026.255
WYF00000.asd	1187	1536.000	15064.241
WYF00000.asd	1188	1537.000	15098.091
WYF00000.asd	1189	1538.000	15125.715
WYF00000.asd	1190	1539.000	15156.344
WYF00000.asd	1191	1540.000	15187.255
WYF00000.asd	1192	1541.000	15218.004
WYF00000.asd	1193	1542.000	15249.042
WYF00000.asd	1194	1543.000	15279.902
WYF00000.asd	1195	1544.000	15311.377
WYF00000.asd	1196	1545.000	15341.566
WYF00000.asd	1197	1546.000	15371.709
WYF00000.asd	1198	1547.000	15400.355
WYF00000.asd	1199	1548.000	15427.050
WYF00000.asd	1200	1549.000	15453.717
WYF00000.asd	1201	1550.000	15480.539
WYF00000.asd	1202	1551.000	15505.603
WYF00000.asd	1203	1552.000	15529.582
WYF00000.asd	1204	1553.000	15553.010
WYF00000.asd	1205	1554.000	15574.240
WYF00000.asd	1206	1555.000	15595.882
WYF00000.asd	1207	1556.000	15616.403
WYF00000.asd	1208	1557.000	15638.226
WYF00000.asd	1209	1558.000	15664.512
WYF00000.asd	1210	1559.000	15684.959
WYF00000.asd	1211	1560.000	15701.926
WYF00000.asd	1212	1561.000	15719.621
WYF00000.asd	1213	1562.000	15735.240
WYF00000.asd	1214	1563.000	15747.306
WYF00000.asd	1215	1564.000	15760.265
WYF00000.asd	1216	1565.000	15775.888
WYF00000.asd	1217	1566.000	15792.169
WYF00000.asd	1218	1567.000	15806.019
WYF00000.asd	1219	1568.000	15819.412
WYF00000.asd	1220	1569.000	15829.513
WYF00000.asd	1221	1570.000	15835.435
WYF00000.asd	1222	1571.000	15840.278
WYF00000.asd	1223	1572.000	15845.569
WYF00000.asd	1224	1573.000	15856.034
WYF00000.asd	1225	1574.000	15868.304
WYF00000.asd	1226	1575.000	15874.990
WYF00000.asd	1227	1576.000	15883.027
WYF00000.asd	1228	1577.000	15891.292
WYF00000.asd	1229	1578.000	15895.187
WYF00000.asd	1230	1579.000	15904.112
WYF00000.asd	1231	1580.000	15909.348
WYF00000.asd	1232	1581.000	15907.772
WYF00000.asd	1233	1582.000	15911.897
WYF00000.asd	1234	1583.000	15914.413
WYF00000.asd	1235	1584.000	15915.164
WYF00000.asd	1236	1585.000	15920.930
WYF00000.asd	1237	1586.000	15923.710
WYF00000.asd	1238	1587.000	15922.938
WYF00000.asd	1239	1588.000	15925.075
WYF00000.asd	1240	1589.000	15929.854
WYF00000.asd	1241	1590.000	15931.512
WYF00000.asd	1242	1591.000	15932.715
WYF00000.asd	1243	1592.000	15931.093
WYF00000.asd	1244	1593.000	15926.712
WYF00000.asd	1245	1594.000	15924.931
WYF00000.asd	1246	1595.000	15922.453
WYF00000.asd	1247	1596.000	15920.400
WYF00000.asd	1248	1597.000	15920.460
WYF00000.asd	1249	1598.000	15917.817
WYF00000.asd	1250	1599.000	15913.745
WYF00000.asd	1251	1600.000	15907.539
WYF00000.asd	1252	1601.000	15899.492
WYF00000.asd	1253	1602.000	15892.238
WYF00000.asd	1254	1603.000	15884.179
WYF00000.asd	1255	1604.000	15874.816
WYF00000.asd	1256	1605.000	15866.210
WYF00000.asd	1257	1606.000	15854.938
WYF00000.asd	1258	1607.000	15841.213
WYF00000.asd	1259	1608.000	15825.271
WYF00000.asd	1260	1609.000	15807.526
WYF00000.asd	1261	1610.000	15790.431
WYF00000.asd	1262	1611.000	15771.001
WYF00000.asd	1263	1612.000	15752.482
WYF00000.asd	1264	1613.000	15736.503
WYF00000.asd	1265	1614.000	15713.940
WYF00000.asd	1266	1615.000	15688.342
WYF00000.asd	1267	1616.000	15662.674
WYF00000.asd	1268	1617.000	15634.040
WYF00000.asd	1269	1618.000	15605.150
WYF00000.asd	1270	1619.000	15574.749
WYF00000.asd	1271	1620.000	15544.486
WYF00000.asd	1272	1621.000	15513.390
WYF00000.asd	1273	1622.000	15479.661
WYF00000.asd	1274	1623.000	15446.276
WYF00000.asd	1275	1624.000	15411.798
WYF00000.asd	1276	1625.000	15374.114
WYF00000.asd	1277	1626.000	15337.743
WYF00000.asd	1278	1627.000	15301.669
WYF00000.asd	1279	1628.000	15265.373
WYF00000.asd	1280	1629.000	15228.658
WYF00000.asd	1281	1630.000	15189.895
WYF00000.asd	1282	1631.000	15151.920
WYF00000.asd	1283	1632.000	15111.419
WYF00000.asd	1284	1633.000	15068.191
WYF00000.asd	1285	1634.000	15024.455
WYF00000.asd	1286	1635.000	14979.978
WYF00000.asd	1287	1636.000	14933.762
WYF00000.asd	1288	1637.000	14884.902
WYF00000.asd	1289	1638.000	14836.715
WYF00000.asd	1290	1639.000	14789.235
WYF00000.asd	1291	1640.000	14738.222
WYF00000.asd	1292	1641.000	14686.315
WYF00000.asd	1293	1642.000	14631.067
WYF00000.asd	1294	1643.000	14572.189
WYF00000.asd	1295	1644.000	14513.741
WYF00000.asd	1296	1645.000	14454.678
WYF00000.asd	1297	1646.000	14391.235
WYF00000.asd	1298	1647.000	14325.321
WYF00000.asd	1299	1648.000	14258.219
WYF00000.asd	1300	1649.000	14187.377
WYF00000.asd	1301	1650.000	14118.178
WYF00000.asd	1302	1651.000	14049.637
WYF00000.asd	1303	1652.000	13979.023
WYF00000.asd	1304	1653.000	13907.410
WYF00000.asd	1305	1654.000	13831.654
WYF00000.asd	1306	1655.000	13753.147
WYF00000.asd	1307	1656.000	13675.264
WYF00000.asd	1308	1657.000	13593.654
WYF00000.asd	1309	1658.000	13518.013
WYF00000.asd	1310	1659.000	13446.093
WYF00000.asd	1311	1660.000	13371.099
WYF00000.asd	1312	1661.000	13297.273
WYF00000.asd	1313	1662.000	13215.109
WYF00000.asd	1314	1663.000	13135.395
WYF00000.asd	1315	1664.000	13059.440
WYF00000.asd	1316	1665.000	12987.966
WYF00000.asd	1317	1666.000	12922.804
WYF00000.asd	1318	1667.000	12860.554
WYF00000.asd	1319	1668.000	12800.017
WYF00000.asd	1320	1669.000	12737.300
WYF00000.asd	1321	1670.000	12672.633
WYF00000.asd	1322	1671.000	12610.539
WYF00000.asd	1323	1672.000	12552.177
WYF00000.asd	1324	1673.000	12500.402
WYF00000.asd	1325	1674.000	12455.097
WYF00000.asd	1326	1675.000	12410.479
WYF00000.asd	1327	1676.000	12365.748
WYF00000.asd	1328	1677.000	12316.866
WYF00000.asd	1329	1678.000	12265.579
WYF00000.asd	1330	1679.000	12215.433
WYF00000.asd	1331	1680.000	12165.193
WYF00000.asd	1332	1681.000	12116.943
WYF00000.asd	1333	1682.000	12065.106
WYF00000.asd	1334	1683.000	12015.040
WYF00000.asd	1335	1684.000	11964.887
WYF00000.asd	1336	1685.000	11907.086
WYF00000.asd	1337	1686.000	11850.864
WYF00000.asd	1338	1687.000	11799.523
WYF00000.asd	1339	1688.000	11747.486
WYF00000.asd	1340	1689.000	11696.574
WYF00000.asd	1341	1690.000	11648.309
WYF00000.asd	1342	1691.000	11594.711
WYF00000.asd	1343	1692.000	11535.791
WYF00000.asd	1344	1693.000	11477.248
WYF00000.asd	1345	1694.000	11417.875
WYF00000.asd	1346	1695.000	11358.790
WYF00000.asd	1347	1696.000	11303.348
WYF00000.asd	1348	1697.000	11247.568
WYF00000.asd	1349	1698.000	11187.712
WYF00000.asd	1350	1699.000	11127.155
WYF00000.asd	1351	1700.000	11066.807
WYF00000.asd	1352	1701.000	11004.819
WYF00000.asd	1353	1702.000	10946.898
WYF00000.asd	1354	1703.000	10890.750
WYF00000.asd	1355	1704.000	10833.802
WYF00000.asd	1356	1705.000	10780.262
WYF00000.asd	1357	1706.000	10725.205
WYF00000.asd	1358	1707.000	10671.159
WYF00000.asd	1359	1708.000	10619.539
WYF00000.asd	1360	1709.000	10560.546
WYF00000.asd	1361	1710.000	10500.990
WYF00000.asd	1362	1711.000	10445.462
WYF00000.asd	1363	1712.000	10383.140
WYF00000.asd	1364	1713.000	10320.938
WYF00000.asd	1365	1714.000	10260.607
WYF00000.asd	1366	1715.000	10195.367
WYF00000.asd	1367	1716.000	10134.096
WYF00000.asd	1368	1717.000	10073.734
WYF00000.asd	1369	1718.000	10012.484
WYF00000.asd	1370	1719.000	9958.471
WYF00000.asd	1371	1720.000	9900.015
WYF00000.asd	1372	1721.000	9845.797
WYF00000.asd	1373	1722.000	9795.057
WYF00000.asd	1374	1723.000	9743.758
WYF00000.asd	1375	1724.000	9695.627
WYF00000.asd	1376	1725.000	9646.465
WYF00000.asd	1377	1726.000	9596.637
WYF00000.asd	1378	1727.000	9548.917
WYF00000.asd	1379	1728.000	9501.467
WYF00000.asd	1380	1729.000	9454.912
WYF00000.asd	1381	1730.000	9410.629
WYF00000.asd	1382	1731.000	9367.806
WYF00000.asd	1383	1732.000	9325.031
WYF00000.asd	1384	1733.000	9284.309
WYF00000.asd	1385	1734.000	9246.509
WYF00000.asd	1386	1735.000	9207.227
WYF00000.asd	1387	1736.000	9170.134
WYF00000.asd	1388	1737.000	9128.469
WYF00000.asd	1389	1738.000	9084.685
WYF00000.asd	1390	1739.000	9036.608
WYF00000.asd	1391	1740.000	8987.774
WYF00000.asd	1392	1741.000	8939.443
WYF00000.asd	1393	1742.000	8891.504
WYF00000.asd	1394	1743.000	8846.135
WYF00000.asd	1395	1744.000	8804.675
WYF00000.asd	1396	1745.000	8756.314
WYF00000.asd	1397	1746.000	8703.071
WYF00000.asd	1398	1747.000	8652.055
WYF00000.asd	1399	1748.000	8595.172
WYF00000.asd	1400	1749.000	8538.419
WYF00000.asd	1401	1750.000	8487.227
WYF00000.asd	1402	1751.000	8433.404
WYF00000.asd	1403	1752.000	8377.148
WYF00000.asd	1404	1753.000	8324.245
WYF00000.asd	1405	1754.000	8271.172
WYF00000.asd	1406	1755.000	8215.520
WYF00000.asd	1407	1756.000	8162.948
WYF00000.asd	1408	1757.000	8112.776
WYF00000.asd	1409	1758.000	8060.851
WYF00000.asd	1410	1759.000	8008.709
WYF00000.asd	1411	1760.000	7959.640
WYF00000.asd	1412	1761.000	7904.172
WYF00000.asd	1413	1762.000	7849.714
WYF00000.asd	1414	1763.000	7806.563
WYF00000.asd	1415	1764.000	7756.106
WYF00000.asd	1416	1765.000	7706.353
WYF00000.asd	1417	1766.000	7660.808
WYF00000.asd	1418	1767.000	7606.080
WYF00000.asd	1419	1768.000	7557.846
WYF00000.asd	1420	1769.000	7515.718
WYF00000.asd	1421	1770.000	7470.586
WYF00000.asd	1422	1771.000	7427.265
WYF00000.asd	1423	1772.000	7382.364
WYF00000.asd	1424	1773.000	7337.259
WYF00000.asd	1425	1774.000	7293.384
WYF00000.asd	1426	1775.000	7249.624
WYF00000.asd	1427	1776.000	7205.335
WYF00000.asd	1428	1777.000	7155.322
WYF00000.asd	1429	1778.000	7107.228
WYF00000.asd	1430	1779.000	7058.931
WYF00000.asd	1431	1780.000	7005.789
WYF00000.asd	1432	1781.000	6957.863
WYF00000.asd	1433	1782.000	6908.704
WYF00000.asd	1434	1783.000	6857.110
WYF00000.asd	1435	1784.000	6807.724
WYF00000.asd	1436	1785.000	6753.943
WYF00000.asd	1437	1786.000	6698.930
WYF00000.asd	1438	1787.000	6643.733
WYF00000.asd	1439	1788.000	6583.693
WYF00000.asd	1440	1789.000	6521.151
WYF00000.asd	1441	1790.000	6453.334
WYF00000.asd	1442	1791.000	6384.950
WYF00000.asd	1443	1792.000	6313.890
WYF00000.asd	1444	1793.000	6232.805
WYF00000.asd	1445	1794.000	6151.868
WYF00000.asd	1446	1795.000	6065.019
WYF00000.asd	1447	1796.000	5969.450
WYF00000.asd	1448	1797.000	5872.480
WYF00000.asd	1449	1798.000	5765.607
WYF00000.asd	1450	1799.000	5653.236
WYF00000.asd	1451	1800.000	5535.144
WYF00000.asd	1452	1801.000	12404.901
WYF00000.asd	1453	1802.000	12529.505
WYF00000.asd	1454	1803.000	12671.224
WYF00000.asd	1455	1804.000	12803.604
WYF00000.asd	1456	1805.000	12945.139
WYF00000.asd	1457	1806.000	13081.612
WYF00000.asd	1458	1807.000	13191.305
WYF00000.asd	1459	1808.000	13284.394
WYF00000.asd	1460	1809.000	13381.170
WYF00000.asd	1461	1810.000	13461.527
WYF00000.asd	1462	1811.000	13541.334
WYF00000.asd	1463	1812.000	13633.755
WYF00000.asd	1464	1813.000	13701.969
WYF00000.asd	1465	1814.000	13747.945
WYF00000.asd	1466	1815.000	13790.941
WYF00000.asd	1467	1816.000	13829.176
WYF00000.asd	1468	1817.000	13848.289
WYF00000.asd	1469	1818.000	13868.367
WYF00000.asd	1470	1819.000	13871.642
WYF00000.asd	1471	1820.000	13896.775
WYF00000.asd	1472	1821.000	13921.801
WYF00000.asd	1473	1822.000	13955.704
WYF00000.asd	1474	1823.000	14004.605
WYF00000.asd	1475	1824.000	14051.882
WYF00000.asd	1476	1825.000	14107.940
WYF00000.asd	1477	1826.000	14159.245
WYF00000.asd	1478	1827.000	14197.849
WYF00000.asd	1479	1828.000	14244.463
WYF00000.asd	1480	1829.000	14262.412
WYF00000.asd	1481	1830.000	14257.619
WYF00000.asd	1482	1831.000	14250.523
WYF00000.asd	1483	1832.000	14226.404
WYF00000.asd	1484	1833.000	14203.068
WYF00000.asd	1485	1834.000	14159.595
WYF00000.asd	1486	1835.000	14132.518
WYF00000.asd	1487	1836.000	14110.408
WYF00000.asd	1488	1837.000	14085.064
WYF00000.asd	1489	1838.000	14079.289
WYF00000.asd	1490	1839.000	14077.001
WYF00000.asd	1491	1840.000	14103.990
WYF00000.asd	1492	1841.000	14151.530
WYF00000.asd	1493	1842.000	14206.957
WYF00000.asd	1494	1843.000	14312.623
WYF00000.asd	1495	1844.000	14380.710
WYF00000.asd	1496	1845.000	14442.509
WYF00000.asd	1497	1846.000	14492.022
WYF00000.asd	1498	1847.000	14541.330
WYF00000.asd	1499	1848.000	14572.730
WYF00000.asd	1500	1849.000	14611.065
WYF00000.asd	1501	1850.000	14656.203
WYF00000.asd	1502	1851.000	14690.521
WYF00000.asd	1503	1852.000	14726.476
WYF00000.asd	1504	1853.000	14742.111
WYF00000.asd	1505	1854.000	14751.559
WYF00000.asd	1506	1855.000	14746.023
WYF00000.asd	1507	1856.000	14726.042
WYF00000.asd	1508	1857.000	14680.567
WYF00000.asd	1509	1858.000	14646.192
WYF00000.asd	1510	1859.000	14611.938
WYF00000.asd	1511	1860.000	14559.633
WYF00000.asd	1512	1861.000	14524.934
WYF00000.asd	1513	1862.000	14433.858
WYF00000.asd	1514	1863.000	14329.013
WYF00000.asd	1515	1864.000	14173.210
WYF00000.asd	1516	1865.000	13972.912
WYF00000.asd	1517	1866.000	13738.972
WYF00000.asd	1518	1867.000	13467.963
WYF00000.asd	1519	1868.000	13131.010
WYF00000.asd	1520	1869.000	12831.764
WYF00000.asd	1521	1870.000	12477.165
WYF00000.asd	1522	1871.000	12202.281
WYF00000.asd	1523	1872.000	11934.360
WYF00000.asd	1524	1873.000	11732.412
WYF00000.asd	1525	1874.000	11588.866
WYF00000.asd	1526	1875.000	11466.547
WYF00000.asd	1527	1876.000	11400.836
WYF00000.asd	1528	1877.000	11363.058
WYF00000.asd	1529	1878.000	11300.113
WYF00000.asd	1530	1879.000	11271.406
WYF00000.asd	1531	1880.000	11183.025
WYF00000.asd	1532	1881.000	11081.236
WYF00000.asd	1533	1882.000	10943.129
WYF00000.asd	1534	1883.000	10768.268
WYF00000.asd	1535	1884.000	10577.109
WYF00000.asd	1536	1885.000	10335.848
WYF00000.asd	1537	1886.000	10113.232
WYF00000.asd	1538	1887.000	9872.274
WYF00000.asd	1539	1888.000	9637.785
WYF00000.asd	1540	1889.000	9418.466
WYF00000.asd	1541	1890.000	9205.451
WYF00000.asd	1542	1891.000	9009.641
WYF00000.asd	1543	1892.000	8826.346
WYF00000.asd	1544	1893.000	8651.362
WYF00000.asd	1545	1894.000	8495.374
WYF00000.asd	1546	1895.000	8341.650
WYF00000.asd	1547	1896.000	8203.580
WYF00000.asd	1548	1897.000	8056.105
WYF00000.asd	1549	1898.000	7905.301
WYF00000.asd	1550	1899.000	7755.971
WYF00000.asd	1551	1900.000	7626.160
WYF00000.asd	1552	1901.000	7482.919
WYF00000.asd	1553	1902.000	7385.447
WYF00000.asd	1554	1903.000	7326.917
WYF00000.asd	1555	1904.000	7267.923
WYF00000.asd	1556	1905.000	7230.554
WYF00000.asd	1557	1906.000	7198.075
WYF00000.asd	1558	1907.000	7175.637
WYF00000.asd	1559	1908.000	7154.872
WYF00000.asd	1560	1909.000	7164.740
WYF00000.asd	1561	1910.000	7180.479
WYF00000.asd	1562	1911.000	7191.398
WYF00000.asd	1563	1912.000	7219.154
WYF00000.asd	1564	1913.000	7231.559
WYF00000.asd	1565	1914.000	7232.286
WYF00000.asd	1566	1915.000	7238.921
WYF00000.asd	1567	1916.000	7254.919
WYF00000.asd	1568	1917.000	7251.572
WYF00000.asd	1569	1918.000	7227.329
WYF00000.asd	1570	1919.000	7216.927
WYF00000.asd	1571	1920.000	7220.727
WYF00000.asd	1572	1921.000	7226.003
WYF00000.asd	1573	1922.000	7247.101
WYF00000.asd	1574	1923.000	7300.124
WYF00000.asd	1575	1924.000	7333.984
WYF00000.asd	1576	1925.000	7362.883
WYF00000.asd	1577	1926.000	7398.927
WYF00000.asd	1578	1927.000	7445.632
WYF00000.asd	1579	1928.000	7479.438
WYF00000.asd	1580	1929.000	7514.565
WYF00000.asd	1581	1930.000	7538.706
WYF00000.asd	1582	1931.000	7545.067
WYF00000.asd	1583	1932.000	7557.331
WYF00000.asd	1584	1933.000	7569.464
WYF00000.asd	1585	1934.000	7581.816
WYF00000.asd	1586	1935.000	7594.174
WYF00000.asd	1587	1936.000	7608.854
WYF00000.asd	1588	1937.000	7623.361
WYF00000.asd	1589	1938.000	7630.715
WYF00000.asd	1590	1939.000	7646.692
WYF00000.asd	1591	1940.000	7666.214
WYF00000.asd	1592	1941.000	7695.242
WYF00000.asd	1593	1942.000	7716.936
WYF00000.asd	1594	1943.000	7755.654
WYF00000.asd	1595	1944.000	7782.758
WYF00000.asd	1596	1945.000	7802.034
WYF00000.asd	1597	1946.000	7827.719
WYF00000.asd	1598	1947.000	7851.857
WYF00000.asd	1599	1948.000	7873.944
WYF00000.asd	1600	1949.000	7902.301
WYF00000.asd	1601	1950.000	7921.300
WYF00000.asd	1602	1951.000	7932.327
WYF00000.asd	1603	1952.000	7948.352
WYF00000.asd	1604	1953.000	7960.466
WYF00000.asd	1605	1954.000	7974.809
WYF00000.asd	1606	1955.000	8000.751
WYF00000.asd	1607	1956.000	8021.096
WYF00000.asd	1608	1957.000	8042.599
WYF00000.asd	1609	1958.000	8059.597
WYF00000.asd	1610	1959.000	8076.645
WYF00000.asd	1611	1960.000	8086.048
WYF00000.asd	1612	1961.000	8103.878
WYF00000.asd	1613	1962.000	8129.431
WYF00000.asd	1614	1963.000	8152.363
WYF00000.asd	1615	1964.000	8178.656
WYF00000.asd	1616	1965.000	8201.578
WYF00000.asd	1617	1966.000	8215.968
WYF00000.asd	1618	1967.000	8218.679
WYF00000.asd	1619	1968.000	8238.076
WYF00000.asd	1620	1969.000	8253.739
WYF00000.asd	1621	1970.000	8271.735
WYF00000.asd	1622	1971.000	8303.684
WYF00000.asd	1623	1972.000	8324.906
WYF00000.asd	1624	1973.000	8339.966
WYF00000.asd	1625	1974.000	8352.249
WYF00000.asd	1626	1975.000	8356.308
WYF00000.asd	1627	1976.000	8364.021
WYF00000.asd	1628	1977.000	8369.683
WYF00000.asd	1629	1978.000	8377.878
WYF00000.asd	1630	1979.000	8378.325
WYF00000.asd	1631	1980.000	8398.221
WYF00000.asd	1632	1981.000	8414.956
WYF00000.asd	1633	1982.000	8425.179
WYF00000.asd	1634	1983.000	8444.028
WYF00000.asd	1635	1984.000	8474.731
WYF00000.asd	1636	1985.000	8493.748
WYF00000.asd	1637	1986.000	8511.712
WYF00000.asd	1638	1987.000	8530.666
WYF00000.asd	1639	1988.000	8548.083
WYF00000.asd	1640	1989.000	8558.325
WYF00000.asd	1641	1990.000	8581.457
WYF00000.asd	1642	1991.000	8600.530
WYF00000.asd	1643	1992.000	8620.888
WYF00000.asd	1644	1993.000	8654.989
WYF00000.asd	1645	1994.000	8675.403
WYF00000.asd	1646	1995.000	8683.925
WYF00000.asd	1647	1996.000	8697.549
WYF00000.asd	1648	1997.000	8700.279
WYF00000.asd	1649	1998.000	8714.742
WYF00000.asd	1650	1999.000	8748.203
WYF00000.asd	1651	2000.000	8764.363
WYF00000.asd	1652	2001.000	8773.829
WYF00000.asd	1653	2002.000	8782.914
WYF00000.asd	1654	2003.000	8795.562
WYF00000.asd	1655	2004.000	8798.810
WYF00000.asd	1656	2005.000	8815.140
WYF00000.asd	1657	2006.000	8850.311
WYF00000.asd	1658	2007.000	8871.550
WYF00000.asd	1659	2008.000	8881.986
WYF00000.asd	1660	2009.000	8902.159
WYF00000.asd	1661	2010.000	8922.421
WYF00000.asd	1662	2011.000	8944.531
WYF00000.asd	1663	2012.000	8979.111
WYF00000.asd	1664	2013.000	8999.142
WYF00000.asd	1665	2014.000	9012.890
WYF00000.asd	1666	2015.000	9025.517
WYF00000.asd	1667	2016.000	9029.169
WYF00000.asd	1668	2017.000	9043.323
WYF00000.asd	1669	2018.000	9075.791
WYF00000.asd	1670	2019.000	9100.706
WYF00000.asd	1671	2020.000	9120.685
WYF00000.asd	1672	2021.000	9143.227
WYF00000.asd	1673	2022.000	9152.325
WYF00000.asd	1674	2023.000	9158.191
WYF00000.asd	1675	2024.000	9167.810
WYF00000.asd	1676	2025.000	9175.638
WYF00000.asd	1677	2026.000	9186.078
WYF00000.asd	1678	2027.000	9198.276
WYF00000.asd	1679	2028.000	9215.424
WYF00000.asd	1680	2029.000	9227.429
WYF00000.asd	1681	2030.000	9245.142
WYF00000.asd	1682	2031.000	9250.478
WYF00000.asd	1683	2032.000	9242.996
WYF00000.asd	1684	2033.000	9242.198
WYF00000.asd	1685	2034.000	9244.094
WYF00000.asd	1686	2035.000	9255.948
WYF00000.asd	1687	2036.000	9270.297
WYF00000.asd	1688	2037.000	9278.677
WYF00000.asd	1689	2038.000	9286.421
WYF00000.asd	1690	2039.000	9289.940
WYF00000.asd	1691	2040.000	9286.542
WYF00000.asd	1692	2041.000	9288.066
WYF00000.asd	1693	2042.000	9289.437
WYF00000.asd	1694	2043.000	9287.927
WYF00000.asd	1695	2044.000	9296.642
WYF00000.asd	1696	2045.000	9311.292
WYF00000.asd	1697	2046.000	9330.906
WYF00000.asd	1698	2047.000	9361.961
WYF00000.asd	1699	2048.000	9374.407
WYF00000.asd	1700	2049.000	9378.818
WYF00000.asd	1701	2050.000	9395.198
WYF00000.asd	1702	2051.000	9395.217
WYF00000.asd	1703	2052.000	9396.446
WYF00000.asd	1704	2053.000	9405.917
WYF00000.asd	1705	2054.000	9406.668
WYF00000.asd	1706	2055.000	9393.654
WYF00000.asd	1707	2056.000	9386.371
WYF00000.asd	1708	2057.000	9396.111
WYF00000.asd	1709	2058.000	9403.781
WYF00000.asd	1710	2059.000	9416.459
WYF00000.asd	1711	2060.000	9433.911
WYF00000.asd	1712	2061.000	9443.108
WYF00000.asd	1713	2062.000	9443.801
WYF00000.asd	1714	2063.000	9433.347
WYF00000.asd	1715	2064.000	9424.559
WYF00000.asd	1716	2065.000	9419.030
WYF00000.asd	1717	2066.000	9420.297
WYF00000.asd	1718	2067.000	9421.618
WYF00000.asd	1719	2068.000	9434.945
WYF00000.asd	1720	2069.000	9438.507
WYF00000.asd	1721	2070.000	9435.479
WYF00000.asd	1722	2071.000	9430.963
WYF00000.asd	1723	2072.000	9445.715
WYF00000.asd	1724	2073.000	9456.944
WYF00000.asd	1725	2074.000	9473.688
WYF00000.asd	1726	2075.000	9489.749
WYF00000.asd	1727	2076.000	9485.477
WYF00000.asd	1728	2077.000	9485.499
WYF00000.asd	1729	2078.000	9485.737
WYF00000.asd	1730	2079.000	9485.553
WYF00000.asd	1731	2080.000	9501.644
WYF00000.asd	1732	2081.000	9510.326
WYF00000.asd	1733	2082.000	9516.180
WYF00000.asd	1734	2083.000	9524.729
WYF00000.asd	1735	2084.000	9532.093
WYF00000.asd	1736	2085.000	9531.829
WYF00000.asd	1737	2086.000	9534.556
WYF00000.asd	1738	2087.000	9555.041
WYF00000.asd	1739	2088.000	9563.494
WYF00000.asd	1740	2089.000	9565.731
WYF00000.asd	1741	2090.000	9574.164
WYF00000.asd	1742	2091.000	9563.278
WYF00000.asd	1743	2092.000	9545.834
WYF00000.asd	1744	2093.000	9555.646
WYF00000.asd	1745	2094.000	9563.668
WYF00000.asd	1746	2095.000	9557.227
WYF00000.asd	1747	2096.000	9563.708
WYF00000.asd	1748	2097.000	9562.981
WYF00000.asd	1749	2098.000	9552.563
WYF00000.asd	1750	2099.000	9548.703
WYF00000.asd	1751	2100.000	9557.394
WYF00000.asd	1752	2101.000	9558.607
WYF00000.asd	1753	2102.000	9554.977
WYF00000.asd	1754	2103.000	9549.644
WYF00000.asd	1755	2104.000	9552.974
WYF00000.asd	1756	2105.000	9561.767
WYF00000.asd	1757	2106.000	9566.565
WYF00000.asd	1758	2107.000	9575.803
WYF00000.asd	1759	2108.000	9589.104
WYF00000.asd	1760	2109.000	9584.241
WYF00000.asd	1761	2110.000	9573.006
WYF00000.asd	1762	2111.000	9564.793
WYF00000.asd	1763	2112.000	9553.166
WYF00000.asd	1764	2113.000	9548.143
WYF00000.asd	1765	2114.000	9545.551
WYF00000.asd	1766	2115.000	9551.168
WYF00000.asd	1767	2116.000	9555.923
WYF00000.asd	1768	2117.000	9565.092
WYF00000.asd	1769	2118.000	9563.281
WYF00000.asd	1770	2119.000	9560.391
WYF00000.asd	1771	2120.000	9553.469
WYF00000.asd	1772	2121.000	9535.516
WYF00000.asd	1773	2122.000	9524.818
WYF00000.asd	1774	2123.000	9520.899
WYF00000.asd	1775	2124.000	9507.797
WYF00000.asd	1776	2125.000	9492.921
WYF00000.asd	1777	2126.000	9489.436
WYF00000.asd	1778	2127.000	9490.420
WYF00000.asd	1779	2128.000	9480.267
WYF00000.asd	1780	2129.000	9475.252
WYF00000.asd	1781	2130.000	9468.259
WYF00000.asd	1782	2131.000	9445.938
WYF00000.asd	1783	2132.000	9434.107
WYF00000.asd	1784	2133.000	9430.246
WYF00000.asd	1785	2134.000	9440.091
WYF00000.asd	1786	2135.000	9435.067
WYF00000.asd	1787	2136.000	9429.399
WYF00000.asd	1788	2137.000	9425.670
WYF00000.asd	1789	2138.000	9412.385
WYF00000.asd	1790	2139.000	9384.356
WYF00000.asd	1791	2140.000	9373.253
WYF00000.asd	1792	2141.000	9367.560
WYF00000.asd	1793	2142.000	9362.674
WYF00000.asd	1794	2143.000	9376.743
WYF00000.asd	1795	2144.000	9383.891
WYF00000.asd	1796	2145.000	9373.007
WYF00000.asd	1797	2146.000	9363.423
WYF00000.asd	1798	2147.000	9348.770
WYF00000.asd	1799	2148.000	9334.493
WYF00000.asd	1800	2149.000	9332.998
WYF00000.asd	1801	2150.000	9326.899
WYF00000.asd	1802	2151.000	9321.078
WYF00000.asd	1803	2152.000	9315.018
WYF00000.asd	1804	2153.000	9309.412
WYF00000.asd	1805	2154.000	9301.945
WYF00000.asd	1806	2155.000	9295.386
WYF00000.asd	1807	2156.000	9285.574
WYF00000.asd	1808	2157.000	9272.746
WYF00000.asd	1809	2158.000	9257.757
WYF00000.asd	1810	2159.000	9251.111
WYF00000.asd	1811	2160.000	9250.060
WYF00000.asd	1812	2161.000	9250.258
WYF00000.asd	1813	2162.000	9240.869
WYF00000.asd	1814	2163.000	9225.261
WYF00000.asd	1815	2164.000	9206.738
WYF00000.asd	1816	2165.000	9181.807
WYF00000.asd	1817	2166.000	9167.621
WYF00000.asd	1818	2167.000	9163.937
WYF00000.asd	1819	2168.000	9161.391
WYF00000.asd	1820	2169.000	9166.709
WYF00000.asd	1821	2170.000	9170.147
WYF00000.asd	1822	2171.000	9160.137
WYF00000.asd	1823	2172.000	9134.803
WYF00000.asd	1824	2173.000	9120.173
WYF00000.asd	1825	2174.000	9097.370
WYF00000.asd	1826	2175.000	9078.113
WYF00000.asd	1827	2176.000	9064.955
WYF00000.asd	1828	2177.000	9060.993
WYF00000.asd	1829	2178.000	9037.989
WYF00000.asd	1830	2179.000	9024.262
WYF00000.asd	1831	2180.000	9021.250
WYF00000.asd	1832	2181.000	9000.069
WYF00000.asd	1833	2182.000	8980.391
WYF00000.asd	1834	2183.000	8965.988
WYF00000.asd	1835	2184.000	8936.916
WYF00000.asd	1836	2185.000	8904.064
WYF00000.asd	1837	2186.000	8873.884
WYF00000.asd	1838	2187.000	8837.270
WYF00000.asd	1839	2188.000	8793.325
WYF00000.asd	1840	2189.000	8748.330
WYF00000.asd	1841	2190.000	8706.175
WYF00000.asd	1842	2191.000	8665.367
WYF00000.asd	1843	2192.000	8628.603
WYF00000.asd	1844	2193.000	8600.810
WYF00000.asd	1845	2194.000	8570.788
WYF00000.asd	1846	2195.000	8542.019
WYF00000.asd	1847	2196.000	8511.231
WYF00000.asd	1848	2197.000	8482.869
WYF00000.asd	1849	2198.000	8449.185
WYF00000.asd	1850	2199.000	8408.707
WYF00000.asd	1851	2200.000	8366.567
WYF00000.asd	1852	2201.000	8321.122
WYF00000.asd	1853	2202.000	8290.051
WYF00000.asd	1854	2203.000	8267.838
WYF00000.asd	1855	2204.000	8245.517
WYF00000.asd	1856	2205.000	8225.923
WYF00000.asd	1857	2206.000	8202.989
WYF00000.asd	1858	2207.000	8175.777
WYF00000.asd	1859	2208.000	8151.325
WYF00000.asd	1860	2209.000	8131.061
WYF00000.asd	1861	2210.000	8102.863
WYF00000.asd	1862	2211.000	8079.998
WYF00000.asd	1863	2212.000	8061.428
WYF00000.asd	1864	2213.000	8041.502
WYF00000.asd	1865	2214.000	8022.125
WYF00000.asd	1866	2215.000	8005.099
WYF00000.asd	1867	2216.000	7994.237
WYF00000.asd	1868	2217.000	7972.169
WYF00000.asd	1869	2218.000	7952.693
WYF00000.asd	1870	2219.000	7926.606
WYF00000.asd	1871	2220.000	7884.045
WYF00000.asd	1872	2221.000	7847.581
WYF00000.asd	1873	2222.000	7811.568
WYF00000.asd	1874	2223.000	7771.048
WYF00000.asd	1875	2224.000	7740.805
WYF00000.asd	1876	2225.000	7721.406
WYF00000.asd	1877	2226.000	7698.617
WYF00000.asd	1878	2227.000	7672.381
WYF00000.asd	1879	2228.000	7646.852
WYF00000.asd	1880	2229.000	7622.995
WYF00000.asd	1881	2230.000	7605.561
WYF00000.asd	1882	2231.000	7587.810
WYF00000.asd	1883	2232.000	7544.543
WYF00000.asd	1884	2233.000	7489.862
WYF00000.asd	1885	2234.000	7446.672
WYF00000.asd	1886	2235.000	7400.944
WYF00000.asd	1887	2236.000	7368.292
WYF00000.asd	1888	2237.000	7343.519
WYF00000.asd	1889	2238.000	7303.953
WYF00000.asd	1890	2239.000	7254.748
WYF00000.asd	1891	2240.000	7213.116
WYF00000.asd	1892	2241.000	7177.854
WYF00000.asd	1893	2242.000	7133.780
WYF00000.asd	1894	2243.000	7089.404
WYF00000.asd	1895	2244.000	7041.201
WYF00000.asd	1896	2245.000	6979.295
WYF00000.asd	1897	2246.000	6931.393
WYF00000.asd	1898	2247.000	6893.881
WYF00000.asd	1899	2248.000	6851.315
WYF00000.asd	1900	2249.000	6808.368
WYF00000.asd	1901	2250.000	6769.265
WYF00000.asd	1902	2251.000	6730.627
WYF00000.asd	1903	2252.000	6687.105
WYF00000.asd	1904	2253.000	6658.688
WYF00000.asd	1905	2254.000	6622.543
WYF00000.asd	1906	2255.000	6567.288
WYF00000.asd	1907	2256.000	6518.584
WYF00000.asd	1908	2257.000	6478.292
WYF00000.asd	1909	2258.000	6429.963
WYF00000.asd	1910	2259.000	6387.549
WYF00000.asd	1911	2260.000	6359.603
WYF00000.asd	1912	2261.000	6325.666
WYF00000.asd	1913	2262.000	6286.822
WYF00000.asd	1914	2263.000	6259.062
WYF00000.asd	1915	2264.000	6229.030
WYF00000.asd	1916	2265.000	6183.509
WYF00000.asd	1917	2266.000	6142.602
WYF00000.asd	1918	2267.000	6110.715
WYF00000.asd	1919	2268.000	6077.708
WYF00000.asd	1920	2269.000	6044.880
WYF00000.asd	1921	2270.000	6021.544
WYF00000.asd	1922	2271.000	5994.631
WYF00000.asd	1923	2272.000	5965.821
WYF00000.asd	1924	2273.000	5933.130
WYF00000.asd	1925	2274.000	5903.605
WYF00000.asd	1926	2275.000	5863.209
WYF00000.asd	1927	2276.000	5808.633
WYF00000.asd	1928	2277.000	5767.508
WYF00000.asd	1929	2278.000	5725.645
WYF00000.asd	1930	2279.000	5689.599
WYF00000.asd	1931	2280.000	5664.824
WYF00000.asd	1932	2281.000	5633.337
WYF00000.asd	1933	2282.000	5602.989
WYF00000.asd	1934	2283.000	5570.101
WYF00000.asd	1935	2284.000	5534.308
WYF00000.asd	1936	2285.000	5498.510
WYF00000.asd	1937	2286.000	5465.665
WYF00000.asd	1938	2287.000	5421.524
WYF00000.asd	1939	2288.000	5379.865
WYF00000.asd	1940	2289.000	5348.476
WYF00000.asd	1941	2290.000	5318.541
WYF00000.asd	1942	2291.000	5287.917
WYF00000.asd	1943	2292.000	5260.461
WYF00000.asd	1944	2293.000	5233.899
WYF00000.asd	1945	2294.000	5196.701
WYF00000.asd	1946	2295.000	5158.510
WYF00000.asd	1947	2296.000	5129.154
WYF00000.asd	1948	2297.000	5089.998
WYF00000.asd	1949	2298.000	5037.972
WYF00000.asd	1950	2299.000	5001.549
WYF00000.asd	1951	2300.000	4956.206
WYF00000.asd	1952	2301.000	4895.180
WYF00000.asd	1953	2302.000	4861.458
WYF00000.asd	1954	2303.000	4827.223
WYF00000.asd	1955	2304.000	4785.820
WYF00000.asd	1956	2305.000	4759.452
WYF00000.asd	1957	2306.000	4727.372
WYF00000.asd	1958	2307.000	4689.332
WYF00000.asd	1959	2308.000	4657.551
WYF00000.asd	1960	2309.000	4632.596
WYF00000.asd	1961	2310.000	4602.829
WYF00000.asd	1962	2311.000	4575.945
WYF00000.asd	1963	2312.000	4538.784
WYF00000.asd	1964	2313.000	4489.931
WYF00000.asd	1965	2314.000	4452.408
WYF00000.asd	1966	2315.000	4413.659
WYF00000.asd	1967	2316.000	4379.639
WYF00000.asd	1968	2317.000	4359.081
WYF00000.asd	1969	2318.000	4329.518
WYF00000.asd	1970	2319.000	4294.142
WYF00000.asd	1971	2320.000	4259.815
WYF00000.asd	1972	2321.000	4224.248
WYF00000.asd	1973	2322.000	4188.382
WYF00000.asd	1974	2323.000	4148.564
WYF00000.asd	1975	2324.000	4115.906
WYF00000.asd	1976	2325.000	4089.732
WYF00000.asd	1977	2326.000	4054.848
WYF00000.asd	1978	2327.000	4019.719
WYF00000.asd	1979	2328.000	3985.285
WYF00000.asd	1980	2329.000	3946.726
WYF00000.asd	1981	2330.000	3912.215
WYF00000.asd	1982	2331.000	3882.353
WYF00000.asd	1983	2332.000	3846.309
WYF00000.asd	1984	2333.000	3805.574
WYF00000.asd	1985	2334.000	3762.474
WYF00000.asd	1986	2335.000	3709.643
WYF00000.asd	1987	2336.000	3676.739
WYF00000.asd	1988	2337.000	3636.931
WYF00000.asd	1989	2338.000	3596.180
WYF00000.asd	1990	2339.000	3569.049
WYF00000.asd	1991	2340.000	3538.298
WYF00000.asd	1992	2341.000	3505.721
WYF00000.asd	1993	2342.000	3481.384
WYF00000.asd	1994	2343.000	3455.528
WYF00000.asd	1995	2344.000	3422.526
WYF00000.asd	1996	2345.000	3388.870
WYF00000.asd	1997	2346.000	3361.126
WYF00000.asd	1998	2347.000	3323.577
WYF00000.asd	1999	2348.000	3280.558
WYF00000.asd	2000	2349.000	3251.880
WYF00000.asd	2001	2350.000	3216.066
WYF00000.asd	2002	2351.000	3181.032
WYF00000.asd	2003	2352.000	3156.280
WYF00000.asd	2004	2353.000	3126.796
WYF00000.asd	2005	2354.000	3097.816
WYF00000.asd	2006	2355.000	3071.307
WYF00000.asd	2007	2356.000	3044.252
WYF00000.asd	2008	2357.000	3016.541
WYF00000.asd	2009	2358.000	2990.786
WYF00000.asd	2010	2359.000	2954.967
WYF00000.asd	2011	2360.000	2913.859
WYF00000.asd	2012	2361.000	2876.873
WYF00000.asd	2013	2362.000	2830.235
WYF00000.asd	2014	2363.000	2784.779
WYF00000.asd	2015	2364.000	2755.687
WYF00000.asd	2016	2365.000	2736.637
WYF00000.asd	2017	2366.000	2716.253
WYF00000.asd	2018	2367.000	2699.552
WYF00000.asd	2019	2368.000	2686.316
WYF00000.asd	2020	2369.000	2655.041
WYF00000.asd	2021	2370.000	2619.314
WYF00000.asd	2022	2371.000	2590.748
WYF00000.asd	2023	2372.000	2564.084
WYF00000.asd	2024	2373.000	2534.990
WYF00000.asd	2025	2374.000	2507.842
WYF00000.asd	2026	2375.000	2482.369
WYF00000.asd	2027	2376.000	2458.718
WYF00000.asd	2028	2377.000	2427.991
WYF00000.asd	2029	2378.000	2394.633
WYF00000.asd	2030	2379.000	2366.767
WYF00000.asd	2031	2380.000	2331.654
WYF00000.asd	2032	2381.000	2309.029
WYF00000.asd	2033	2382.000	2305.310
WYF00000.asd	2034	2383.000	2277.870
WYF00000.asd	2035	2384.000	2239.139
WYF00000.asd	2036	2385.000	2211.547
WYF00000.asd	2037	2386.000	2175.956
WYF00000.asd	2038	2387.000	2148.416
WYF00000.asd	2039	2388.000	2134.437
WYF00000.asd	2040	2389.000	2110.981
WYF00000.asd	2041	2390.000	2078.673
WYF00000.asd	2042	2391.000	2059.108
WYF00000.asd	2043	2392.000	2046.042
WYF00000.asd	2044	2393.000	2034.336
WYF00000.asd	2045	2394.000	2037.620
WYF00000.asd	2046	2395.000	2015.558
WYF00000.asd	2047	2396.000	1978.938
WYF00000.asd	2048	2397.000	1950.279
WYF00000.asd	2049	2398.000	1905.385
WYF00000.asd	2050	2399.000	1880.608
WYF00000.asd	2051	2400.000	1874.378
WYF00000.asd	2052	2401.000	1854.322
WYF00000.asd	2053	2402.000	1838.160
WYF00000.asd	2054	2403.000	1812.966
WYF00000.asd	2055	2404.000	1778.078
WYF00000.asd	2056	2405.000	1750.694
WYF00000.asd	2057	2406.000	1717.823
WYF00000.asd	2058	2407.000	1692.837
WYF00000.asd	2059	2408.000	1675.824
WYF00000.asd	2060	2409.000	1653.951
WYF00000.asd	2061	2410.000	1630.785
WYF00000.asd	2062	2411.000	1615.850
WYF00000.asd	2063	2412.000	1605.991
WYF00000.asd	2064	2413.000	1587.970
WYF00000.asd	2065	2414.000	1575.648
WYF00000.asd	2066	2415.000	1553.751
WYF00000.asd	2067	2416.000	1518.640
WYF00000.asd	2068	2417.000	1493.252
WYF00000.asd	2069	2418.000	1465.727
WYF00000.asd	2070	2419.000	1447.280
WYF00000.asd	2071	2420.000	1436.662
WYF00000.asd	2072	2421.000	1420.671
WYF00000.asd	2073	2422.000	1412.439
WYF00000.asd	2074	2423.000	1392.288
WYF00000.asd	2075	2424.000	1360.563
WYF00000.asd	2076	2425.000	1339.170
WYF00000.asd	2077	2426.000	1319.646
WYF00000.asd	2078	2427.000	1298.261
WYF00000.asd	2079	2428.000	1278.295
WYF00000.asd	2080	2429.000	1260.804
WYF00000.asd	2081	2430.000	1237.699
WYF00000.asd	2082	2431.000	1225.907
WYF00000.asd	2083	2432.000	1223.794
WYF00000.asd	2084	2433.000	1219.882
WYF00000.asd	2085	2434.000	1222.013
WYF00000.asd	2086	2435.000	1216.940
WYF00000.asd	2087	2436.000	1213.939
WYF00000.asd	2088	2437.000	1199.314
WYF00000.asd	2089	2438.000	1175.367
WYF00000.asd	2090	2439.000	1155.077
WYF00000.asd	2091	2440.000	1126.957
WYF00000.asd	2092	2441.000	1111.626
WYF00000.asd	2093	2442.000	1107.730
WYF00000.asd	2094	2443.000	1084.278
WYF00000.asd	2095	2444.000	1055.546
WYF00000.asd	2096	2445.000	1030.316
WYF00000.asd	2097	2446.000	989.846
WYF00000.asd	2098	2447.000	975.394
WYF00000.asd	2099	2448.000	979.620
WYF00000.asd	2100	2449.000	975.341
WYF00000.asd	2101	2450.000	970.644
WYF00000.asd	2102	2451.000	977.524
WYF00000.asd	2103	2452.000	958.718
WYF00000.asd	2104	2453.000	937.259
WYF00000.asd	2105	2454.000	933.650
WYF00000.asd	2106	2455.000	908.005
WYF00000.asd	2107	2456.000	890.998
WYF00000.asd	2108	2457.000	885.730
WYF00000.asd	2109	2458.000	866.704
WYF00000.asd	2110	2459.000	848.034
WYF00000.asd	2111	2460.000	840.986
WYF00000.asd	2112	2461.000	850.426
WYF00000.asd	2113	2462.000	845.960
WYF00000.asd	2114	2463.000	841.404
WYF00000.asd	2115	2464.000	836.285
WYF00000.asd	2116	2465.000	814.970
WYF00000.asd	2117	2466.000	801.395
WYF00000.asd	2118	2467.000	798.733
WYF00000.asd	2119	2468.000	791.069
WYF00000.asd	2120	2469.000	782.880
WYF00000.asd	2121	2470.000	772.093
WYF00000.asd	2122	2471.000	754.942
WYF00000.asd	2123	2472.000	744.089
WYF00000.asd	2124	2473.000	737.407
WYF00000.asd	2125	2474.000	726.550
WYF00000.asd	2126	2475.000	719.881
WYF00000.asd	2127	2476.000	707.688
WYF00000.asd	2128	2477.000	682.138
WYF00000.asd	2129	2478.000	669.879
WYF00000.asd	2130	2479.000	665.714
WYF00000.asd	2131	2480.000	656.633
WYF00000.asd	2132	2481.000	655.166
WYF00000.asd	2133	2482.000	645.508
WYF00000.asd	2134	2483.000	622.227
WYF00000.asd	2135	2484.000	612.441
WYF00000.asd	2136	2485.000	616.482
WYF00000.asd	2137	2486.000	599.931
WYF00000.asd	2138	2487.000	573.730
WYF00000.asd	2139	2488.000	558.437
WYF00000.asd	2140	2489.000	527.385
WYF00000.asd	2141	2490.000	518.795
WYF00000.asd	2142	2491.000	538.263
WYF00000.asd	2143	2492.000	537.647
WYF00000.asd	2144	2493.000	536.965
WYF00000.asd	2145	2494.000	527.082
WYF00000.asd	2146	2495.000	502.161
WYF00000.asd	2147	2496.000	494.214
WYF00000.asd	2148	2497.000	488.254
WYF00000.asd	2149	2498.000	485.704
WYF00000.asd	2150	2499.000	496.513
WYF00000.asd	2151	2500.000	492.116
