WYF00001.asd	1	350.000	13.611
WYF00001.asd	2	351.000	15.204
WYF00001.asd	3	352.000	18.640
WYF00001.asd	4	353.000	17.478
WYF00001.asd	5	354.000	19.605
WYF00001.asd	6	355.000	21.568
WYF00001.asd	7	356.000	22.356
WYF00001.asd	8	357.000	24.483
WYF00001.asd	9	358.000	26.747
WYF00001.asd	10	359.000	28.340
WYF00001.asd	11	360.000	29.603
WYF00001.asd	12	361.000	32.663
WYF00001.asd	13	362.000	35.768
WYF00001.asd	14	363.000	38.178
WYF00001.asd	15	364.000	40.289
WYF00001.asd	16	365.000	45.169
WYF00001.asd	17	366.000	47.965
WYF00001.asd	18	367.000	49.269
WYF00001.asd	19	368.000	51.970
WYF00001.asd	20	369.000	57.165
WYF00001.asd	21	370.000	63.489
WYF00001.asd	22	371.000	68.791
WYF00001.asd	23	372.000	71.215
WYF00001.asd	24	373.000	75.608
WYF00001.asd	25	374.000	78.971
WYF00001.asd	26	375.000	81.462
WYF00001.asd	27	376.000	88.307
WYF00001.asd	28	377.000	91.664
WYF00001.asd	29	378.000	94.710
WYF00001.asd	30	379.000	100.268
WYF00001.asd	31	380.000	104.483
WYF00001.asd	32	381.000	107.744
WYF00001.asd	33	382.000	111.554
WYF00001.asd	34	383.000	116.929
WYF00001.asd	35	384.000	120.455
WYF00001.asd	36	385.000	125.551
WYF00001.asd	37	386.000	131.585
WYF00001.asd	38	387.000	135.384
WYF00001.asd	39	388.000	137.760
WYF00001.asd	40	389.000	141.313
WYF00001.asd	41	390.000	145.918
WYF00001.asd	42	391.000	148.096
WYF00001.asd	43	392.000	153.703
WYF00001.asd	44	393.000	160.429
WYF00001.asd	45	394.000	165.255
WYF00001.asd	46	395.000	167.635
WYF00001.asd	47	396.000	169.767
WYF00001.asd	48	397.000	174.618
WYF00001.asd	49	398.000	183.189
WYF00001.asd	50	399.000	187.086
WYF00001.asd	51	400.000	191.824
WYF00001.asd	52	401.000	198.628
WYF00001.asd	53	402.000	205.225
WYF00001.asd	54	403.000	211.560
WYF00001.asd	55	404.000	217.097
WYF00001.asd	56	405.000	223.017
WYF00001.asd	57	406.000	232.784
WYF00001.asd	58	407.000	241.568
WYF00001.asd	59	408.000	247.886
WYF00001.asd	60	409.000	252.864
WYF00001.asd	61	410.000	262.422
WYF00001.asd	62	411.000	270.769
WYF00001.asd	63	412.000	278.692
WYF00001.asd	64	413.000	288.950
WYF00001.asd	65	414.000	296.982
WYF00001.asd	66	415.000	306.247
WYF00001.asd	67	416.000	317.851
WYF00001.asd	68	417.000	330.068
WYF00001.asd	69	418.000	341.507
WYF00001.asd	70	419.000	352.498
WYF00001.asd	71	420.000	363.504
WYF00001.asd	72	421.000	374.105
WYF00001.asd	73	422.000	391.540
WYF00001.asd	74	423.000	408.570
WYF00001.asd	75	424.000	417.794
WYF00001.asd	76	425.000	431.930
WYF00001.asd	77	426.000	445.714
WYF00001.asd	78	427.000	459.706
WYF00001.asd	79	428.000	477.978
WYF00001.asd	80	429.000	495.832
WYF00001.asd	81	430.000	510.386
WYF00001.asd	82	431.000	524.352
WYF00001.asd	83	432.000	548.011
WYF00001.asd	84	433.000	565.273
WYF00001.asd	85	434.000	581.978
WYF00001.asd	86	435.000	604.357
WYF00001.asd	87	436.000	620.549
WYF00001.asd	88	437.000	637.439
WYF00001.asd	89	438.000	655.030
WYF00001.asd	90	439.000	670.173
WYF00001.asd	91	440.000	685.487
WYF00001.asd	92	441.000	702.069
WYF00001.asd	93	442.000	719.593
WYF00001.asd	94	443.000	736.278
WYF00001.asd	95	444.000	754.342
WYF00001.asd	96	445.000	772.508
WYF00001.asd	97	446.000	789.099
WYF00001.asd	98	447.000	803.534
WYF00001.asd	99	448.000	816.156
WYF00001.asd	100	449.000	828.887
WYF00001.asd	101	450.000	843.459
WYF00001.asd	102	451.000	855.551
WYF00001.asd	103	452.000	868.408
WYF00001.asd	104	453.000	881.495
WYF00001.asd	105	454.000	890.096
WYF00001.asd	106	455.000	903.198
WYF00001.asd	107	456.000	916.798
WYF00001.asd	108	457.000	926.592
WYF00001.asd	109	458.000	934.355
WYF00001.asd	110	459.000	939.556
WYF00001.asd	111	460.000	944.985
WYF00001.asd	112	461.000	953.620
WYF00001.asd	113	462.000	961.228
WYF00001.asd	114	463.000	968.146
WYF00001.asd	115	464.000	974.976
WYF00001.asd	116	465.000	982.215
WYF00001.asd	117	466.000	988.650
WYF00001.asd	118	467.000	994.356
WYF00001.asd	119	468.000	999.967
WYF00001.asd	120	469.000	1007.119
WYF00001.asd	121	470.000	1011.946
WYF00001.asd	122	471.000	1014.458
WYF00001.asd	123	472.000	1017.018
WYF00001.asd	124	473.000	1024.814
WYF00001.asd	125	474.000	1030.656
WYF00001.asd	126	475.000	1033.717
WYF00001.asd	127	476.000	1040.361
WYF00001.asd	128	477.000	1043.338
WYF00001.asd	129	478.000	1045.615
WYF00001.asd	130	479.000	1049.950
WYF00001.asd	131	480.000	1053.190
WYF00001.asd	132	481.000	1056.620
WYF00001.asd	133	482.000	1061.553
WYF00001.asd	134	483.000	1068.440
WYF00001.asd	135	484.000	1072.162
WYF00001.asd	136	485.000	1076.259
WYF00001.asd	137	486.000	1082.164
WYF00001.asd	138	487.000	1088.141
WYF00001.asd	139	488.000	1093.934
WYF00001.asd	140	489.000	1099.692
WYF00001.asd	141	490.000	1105.706
WYF00001.asd	142	491.000	1112.141
WYF00001.asd	143	492.000	1119.740
WYF00001.asd	144	493.000	1127.704
WYF00001.asd	145	494.000	1135.132
WYF00001.asd	146	495.000	1146.804
WYF00001.asd	147	496.000	1157.199
WYF00001.asd	148	497.000	1165.453
WYF00001.asd	149	498.000	1177.875
WYF00001.asd	150	499.000	1189.973
WYF00001.asd	151	500.000	1202.602
WYF00001.asd	152	501.000	1217.351
WYF00001.asd	153	502.000	1234.126
WYF00001.asd	154	503.000	1250.005
WYF00001.asd	155	504.000	1265.076
WYF00001.asd	156	505.000	1281.657
WYF00001.asd	157	506.000	1303.341
WYF00001.asd	158	507.000	1325.767
WYF00001.asd	159	508.000	1347.846
WYF00001.asd	160	509.000	1375.248
WYF00001.asd	161	510.000	1403.223
WYF00001.asd	162	511.000	1431.412
WYF00001.asd	163	512.000	1460.975
WYF00001.asd	164	513.000	1493.128
WYF00001.asd	165	514.000	1530.372
WYF00001.asd	166	515.000	1572.177
WYF00001.asd	167	516.000	1615.686
WYF00001.asd	168	517.000	1660.611
WYF00001.asd	169	518.000	1709.822
WYF00001.asd	170	519.000	1763.418
WYF00001.asd	171	520.000	1814.570
WYF00001.asd	172	521.000	1870.737
WYF00001.asd	173	522.000	1929.838
WYF00001.asd	174	523.000	1987.272
WYF00001.asd	175	524.000	2044.615
WYF00001.asd	176	525.000	2105.988
WYF00001.asd	177	526.000	2169.567
WYF00001.asd	178	527.000	2227.755
WYF00001.asd	179	528.000	2284.183
WYF00001.asd	180	529.000	2339.866
WYF00001.asd	181	530.000	2394.813
WYF00001.asd	182	531.000	2447.248
WYF00001.asd	183	532.000	2501.125
WYF00001.asd	184	533.000	2554.836
WYF00001.asd	185	534.000	2604.624
WYF00001.asd	186	535.000	2653.178
WYF00001.asd	187	536.000	2700.088
WYF00001.asd	188	537.000	2745.712
WYF00001.asd	189	538.000	2791.767
WYF00001.asd	190	539.000	2837.438
WYF00001.asd	191	540.000	2882.645
WYF00001.asd	192	541.000	2928.018
WYF00001.asd	193	542.000	2976.192
WYF00001.asd	194	543.000	3023.333
WYF00001.asd	195	544.000	3072.625
WYF00001.asd	196	545.000	3130.550
WYF00001.asd	197	546.000	3183.820
WYF00001.asd	198	547.000	3228.891
WYF00001.asd	199	548.000	3268.042
WYF00001.asd	200	549.000	3310.850
WYF00001.asd	201	550.000	3359.039
WYF00001.asd	202	551.000	3410.422
WYF00001.asd	203	552.000	3461.694
WYF00001.asd	204	553.000	3514.557
WYF00001.asd	205	554.000	3567.611
WYF00001.asd	206	555.000	3619.524
WYF00001.asd	207	556.000	3669.262
WYF00001.asd	208	557.000	3718.248
WYF00001.asd	209	558.000	3761.774
WYF00001.asd	210	559.000	3798.277
WYF00001.asd	211	560.000	3838.177
WYF00001.asd	212	561.000	3871.940
WYF00001.asd	213	562.000	3898.000
WYF00001.asd	214	563.000	3918.246
WYF00001.asd	215	564.000	3928.163
WYF00001.asd	216	565.000	3931.437
WYF00001.asd	217	566.000	3927.899
WYF00001.asd	218	567.000	3910.749
WYF00001.asd	219	568.000	3884.501
WYF00001.asd	220	569.000	3851.256
WYF00001.asd	221	570.000	3812.874
WYF00001.asd	222	571.000	3771.578
WYF00001.asd	223	572.000	3732.254
WYF00001.asd	224	573.000	3695.905
WYF00001.asd	225	574.000	3660.752
WYF00001.asd	226	575.000	3631.327
WYF00001.asd	227	576.000	3608.084
WYF00001.asd	228	577.000	3588.353
WYF00001.asd	229	578.000	3564.374
WYF00001.asd	230	579.000	3541.397
WYF00001.asd	231	580.000	3516.454
WYF00001.asd	232	581.000	3485.537
WYF00001.asd	233	582.000	3456.637
WYF00001.asd	234	583.000	3431.183
WYF00001.asd	235	584.000	3408.531
WYF00001.asd	236	585.000	3386.300
WYF00001.asd	237	586.000	3366.671
WYF00001.asd	238	587.000	3349.225
WYF00001.asd	239	588.000	3331.904
WYF00001.asd	240	589.000	3308.638
WYF00001.asd	241	590.000	3290.196
WYF00001.asd	242	591.000	3280.594
WYF00001.asd	243	592.000	3279.694
WYF00001.asd	244	593.000	3291.446
WYF00001.asd	245	594.000	3311.234
WYF00001.asd	246	595.000	3334.136
WYF00001.asd	247	596.000	3356.525
WYF00001.asd	248	597.000	3383.235
WYF00001.asd	249	598.000	3408.719
WYF00001.asd	250	599.000	3426.490
WYF00001.asd	251	600.000	3442.708
WYF00001.asd	252	601.000	3453.545
WYF00001.asd	253	602.000	3459.243
WYF00001.asd	254	603.000	3463.851
WYF00001.asd	255	604.000	3462.753
WYF00001.asd	256	605.000	3457.014
WYF00001.asd	257	606.000	3448.990
WYF00001.asd	258	607.000	3441.238
WYF00001.asd	259	608.000	3433.585
WYF00001.asd	260	609.000	3426.249
WYF00001.asd	261	610.000	3419.727
WYF00001.asd	262	611.000	3415.302
WYF00001.asd	263	612.000	3414.818
WYF00001.asd	264	613.000	3417.912
WYF00001.asd	265	614.000	3421.307
WYF00001.asd	266	615.000	3423.520
WYF00001.asd	267	616.000	3424.149
WYF00001.asd	268	617.000	3422.554
WYF00001.asd	269	618.000	3415.232
WYF00001.asd	270	619.000	3405.828
WYF00001.asd	271	620.000	3395.695
WYF00001.asd	272	621.000	3384.317
WYF00001.asd	273	622.000	3371.801
WYF00001.asd	274	623.000	3358.265
WYF00001.asd	275	624.000	3343.999
WYF00001.asd	276	625.000	3329.448
WYF00001.asd	277	626.000	3316.839
WYF00001.asd	278	627.000	3303.401
WYF00001.asd	279	628.000	3286.169
WYF00001.asd	280	629.000	3272.806
WYF00001.asd	281	630.000	3261.860
WYF00001.asd	282	631.000	3250.671
WYF00001.asd	283	632.000	3236.127
WYF00001.asd	284	633.000	3222.260
WYF00001.asd	285	634.000	3207.998
WYF00001.asd	286	635.000	3192.196
WYF00001.asd	287	636.000	3177.136
WYF00001.asd	288	637.000	3160.607
WYF00001.asd	289	638.000	3142.722
WYF00001.asd	290	639.000	3125.000
WYF00001.asd	291	640.000	3108.472
WYF00001.asd	292	641.000	3091.627
WYF00001.asd	293	642.000	3074.265
WYF00001.asd	294	643.000	3058.691
WYF00001.asd	295	644.000	3045.650
WYF00001.asd	296	645.000	3033.484
WYF00001.asd	297	646.000	3020.325
WYF00001.asd	298	647.000	3006.629
WYF00001.asd	299	648.000	2997.509
WYF00001.asd	300	649.000	2992.367
WYF00001.asd	301	650.000	2985.842
WYF00001.asd	302	651.000	2979.099
WYF00001.asd	303	652.000	2974.418
WYF00001.asd	304	653.000	2972.694
WYF00001.asd	305	654.000	2971.547
WYF00001.asd	306	655.000	2967.972
WYF00001.asd	307	656.000	2963.884
WYF00001.asd	308	657.000	2962.390
WYF00001.asd	309	658.000	2958.683
WYF00001.asd	310	659.000	2956.440
WYF00001.asd	311	660.000	2956.554
WYF00001.asd	312	661.000	2955.996
WYF00001.asd	313	662.000	2954.312
WYF00001.asd	314	663.000	2952.001
WYF00001.asd	315	664.000	2950.184
WYF00001.asd	316	665.000	2950.527
WYF00001.asd	317	666.000	2954.172
WYF00001.asd	318	667.000	2958.809
WYF00001.asd	319	668.000	2960.863
WYF00001.asd	320	669.000	2965.461
WYF00001.asd	321	670.000	2971.000
WYF00001.asd	322	671.000	2976.536
WYF00001.asd	323	672.000	2983.373
WYF00001.asd	324	673.000	2992.433
WYF00001.asd	325	674.000	3002.338
WYF00001.asd	326	675.000	3011.772
WYF00001.asd	327	676.000	3023.090
WYF00001.asd	328	677.000	3033.759
WYF00001.asd	329	678.000	3045.225
WYF00001.asd	330	679.000	3061.628
WYF00001.asd	331	680.000	3077.597
WYF00001.asd	332	681.000	3092.995
WYF00001.asd	333	682.000	3108.624
WYF00001.asd	334	683.000	3125.097
WYF00001.asd	335	684.000	3145.234
WYF00001.asd	336	685.000	3166.627
WYF00001.asd	337	686.000	3186.648
WYF00001.asd	338	687.000	3212.705
WYF00001.asd	339	688.000	3244.469
WYF00001.asd	340	689.000	3281.075
WYF00001.asd	341	690.000	3322.061
WYF00001.asd	342	691.000	3379.255
WYF00001.asd	343	692.000	3448.934
WYF00001.asd	344	693.000	3529.609
WYF00001.asd	345	694.000	3634.405
WYF00001.asd	346	695.000	3756.720
WYF00001.asd	347	696.000	3900.661
WYF00001.asd	348	697.000	4072.714
WYF00001.asd	349	698.000	4261.143
WYF00001.asd	350	699.000	4472.753
WYF00001.asd	351	700.000	4707.646
WYF00001.asd	352	701.000	4956.096
WYF00001.asd	353	702.000	5222.301
WYF00001.asd	354	703.000	5501.893
WYF00001.asd	355	704.000	5790.838
WYF00001.asd	356	705.000	6092.495
WYF00001.asd	357	706.000	6400.052
WYF00001.asd	358	707.000	6713.959
WYF00001.asd	359	708.000	7038.330
WYF00001.asd	360	709.000	7370.618
WYF00001.asd	361	710.000	7707.257
WYF00001.asd	362	711.000	8047.678
WYF00001.asd	363	712.000	8395.590
WYF00001.asd	364	713.000	8749.887
WYF00001.asd	365	714.000	9109.028
WYF00001.asd	366	715.000	9471.409
WYF00001.asd	367	716.000	9836.330
WYF00001.asd	368	717.000	10201.289
WYF00001.asd	369	718.000	10568.742
WYF00001.asd	370	719.000	10942.936
WYF00001.asd	371	720.000	11314.296
WYF00001.asd	372	721.000	11682.609
WYF00001.asd	373	722.000	12048.159
WYF00001.asd	374	723.000	12410.192
WYF00001.asd	375	724.000	12764.770
WYF00001.asd	376	725.000	13115.274
WYF00001.asd	377	726.000	13463.029
WYF00001.asd	378	727.000	13793.310
WYF00001.asd	379	728.000	14119.101
WYF00001.asd	380	729.000	14439.123
WYF00001.asd	381	730.000	14743.254
WYF00001.asd	382	731.000	15037.563
WYF00001.asd	383	732.000	15322.967
WYF00001.asd	384	733.000	15598.247
WYF00001.asd	385	734.000	15859.834
WYF00001.asd	386	735.000	16109.923
WYF00001.asd	387	736.000	16346.889
WYF00001.asd	388	737.000	16569.852
WYF00001.asd	389	738.000	16784.175
WYF00001.asd	390	739.000	16989.371
WYF00001.asd	391	740.000	17181.274
WYF00001.asd	392	741.000	17355.159
WYF00001.asd	393	742.000	17523.904
WYF00001.asd	394	743.000	17683.198
WYF00001.asd	395	744.000	17831.555
WYF00001.asd	396	745.000	17975.139
WYF00001.asd	397	746.000	18106.565
WYF00001.asd	398	747.000	18228.843
WYF00001.asd	399	748.000	18346.352
WYF00001.asd	400	749.000	18458.664
WYF00001.asd	401	750.000	18556.306
WYF00001.asd	402	751.000	18643.403
WYF00001.asd	403	752.000	18730.266
WYF00001.asd	404	753.000	18803.039
WYF00001.asd	405	754.000	18870.897
WYF00001.asd	406	755.000	18936.659
WYF00001.asd	407	756.000	18991.410
WYF00001.asd	408	757.000	19044.592
WYF00001.asd	409	758.000	19094.417
WYF00001.asd	410	759.000	19137.496
WYF00001.asd	411	760.000	19173.133
WYF00001.asd	412	761.000	19213.867
WYF00001.asd	413	762.000	19256.904
WYF00001.asd	414	763.000	19292.892
WYF00001.asd	415	764.000	19328.584
WYF00001.asd	416	765.000	19358.162
WYF00001.asd	417	766.000	19381.379
WYF00001.asd	418	767.000	19405.045
WYF00001.asd	419	768.000	19426.561
WYF00001.asd	420	769.000	19445.795
WYF00001.asd	421	770.000	19462.073
WYF00001.asd	422	771.000	19472.019
WYF00001.asd	423	772.000	19481.966
WYF00001.asd	424	773.000	19488.256
WYF00001.asd	425	774.000	19485.804
WYF00001.asd	426	775.000	19483.724
WYF00001.asd	427	776.000	19478.951
WYF00001.asd	428	777.000	19470.927
WYF00001.asd	429	778.000	19461.560
WYF00001.asd	430	779.000	19448.564
WYF00001.asd	431	780.000	19435.681
WYF00001.asd	432	781.000	19421.876
WYF00001.asd	433	782.000	19396.109
WYF00001.asd	434	783.000	19370.540
WYF00001.asd	435	784.000	19341.568
WYF00001.asd	436	785.000	19306.211
WYF00001.asd	437	786.000	19281.808
WYF00001.asd	438	787.000	19250.913
WYF00001.asd	439	788.000	19209.672
WYF00001.asd	440	789.000	19164.137
WYF00001.asd	441	790.000	19124.270
WYF00001.asd	442	791.000	19085.294
WYF00001.asd	443	792.000	19043.238
WYF00001.asd	444	793.000	18997.196
WYF00001.asd	445	794.000	18945.923
WYF00001.asd	446	795.000	18891.594
WYF00001.asd	447	796.000	18835.306
WYF00001.asd	448	797.000	18774.288
WYF00001.asd	449	798.000	18704.451
WYF00001.asd	450	799.000	18630.977
WYF00001.asd	451	800.000	18560.638
WYF00001.asd	452	801.000	18488.538
WYF00001.asd	453	802.000	18423.024
WYF00001.asd	454	803.000	18362.210
WYF00001.asd	455	804.000	18297.447
WYF00001.asd	456	805.000	18235.588
WYF00001.asd	457	806.000	18168.545
WYF00001.asd	458	807.000	18097.084
WYF00001.asd	459	808.000	18035.769
WYF00001.asd	460	809.000	17973.077
WYF00001.asd	461	810.000	17909.016
WYF00001.asd	462	811.000	17842.003
WYF00001.asd	463	812.000	17758.875
WYF00001.asd	464	813.000	17673.265
WYF00001.asd	465	814.000	17586.892
WYF00001.asd	466	815.000	17497.683
WYF00001.asd	467	816.000	17409.045
WYF00001.asd	468	817.000	17320.676
WYF00001.asd	469	818.000	17235.147
WYF00001.asd	470	819.000	17155.627
WYF00001.asd	471	820.000	17071.287
WYF00001.asd	472	821.000	16984.347
WYF00001.asd	473	822.000	16896.570
WYF00001.asd	474	823.000	16806.973
WYF00001.asd	475	824.000	16721.931
WYF00001.asd	476	825.000	16634.306
WYF00001.asd	477	826.000	16539.768
WYF00001.asd	478	827.000	16447.872
WYF00001.asd	479	828.000	16349.694
WYF00001.asd	480	829.000	16249.516
WYF00001.asd	481	830.000	16153.195
WYF00001.asd	482	831.000	16053.768
WYF00001.asd	483	832.000	15953.151
WYF00001.asd	484	833.000	15852.152
WYF00001.asd	485	834.000	15751.081
WYF00001.asd	486	835.000	15652.222
WYF00001.asd	487	836.000	15553.500
WYF00001.asd	488	837.000	15454.519
WYF00001.asd	489	838.000	15356.723
WYF00001.asd	490	839.000	15255.426
WYF00001.asd	491	840.000	15159.372
WYF00001.asd	492	841.000	15068.577
WYF00001.asd	493	842.000	14965.251
WYF00001.asd	494	843.000	14870.963
WYF00001.asd	495	844.000	14777.362
WYF00001.asd	496	845.000	14676.036
WYF00001.asd	497	846.000	14580.410
WYF00001.asd	498	847.000	14487.860
WYF00001.asd	499	848.000	14393.925
WYF00001.asd	500	849.000	14295.917
WYF00001.asd	501	850.000	14202.619
WYF00001.asd	502	851.000	14113.790
WYF00001.asd	503	852.000	14023.385
WYF00001.asd	504	853.000	13924.889
WYF00001.asd	505	854.000	13833.680
WYF00001.asd	506	855.000	13740.286
WYF00001.asd	507	856.000	13643.619
WYF00001.asd	508	857.000	13552.016
WYF00001.asd	509	858.000	13456.135
WYF00001.asd	510	859.000	13359.081
WYF00001.asd	511	860.000	13262.947
WYF00001.asd	512	861.000	13165.465
WYF00001.asd	513	862.000	13071.664
WYF00001.asd	514	863.000	12976.593
WYF00001.asd	515	864.000	12877.069
WYF00001.asd	516	865.000	12779.065
WYF00001.asd	517	866.000	12679.003
WYF00001.asd	518	867.000	12582.443
WYF00001.asd	519	868.000	12491.776
WYF00001.asd	520	869.000	12389.512
WYF00001.asd	521	870.000	12291.530
WYF00001.asd	522	871.000	12195.741
WYF00001.asd	523	872.000	12094.861
WYF00001.asd	524	873.000	11999.429
WYF00001.asd	525	874.000	11900.969
WYF00001.asd	526	875.000	11801.365
WYF00001.asd	527	876.000	11707.458
WYF00001.asd	528	877.000	11607.624
WYF00001.asd	529	878.000	11509.959
WYF00001.asd	530	879.000	11414.627
WYF00001.asd	531	880.000	11314.359
WYF00001.asd	532	881.000	11218.941
WYF00001.asd	533	882.000	11119.966
WYF00001.asd	534	883.000	11018.301
WYF00001.asd	535	884.000	10927.442
WYF00001.asd	536	885.000	10827.994
WYF00001.asd	537	886.000	10727.821
WYF00001.asd	538	887.000	10631.690
WYF00001.asd	539	888.000	10531.072
WYF00001.asd	540	889.000	10436.269
WYF00001.asd	541	890.000	10342.710
WYF00001.asd	542	891.000	10246.995
WYF00001.asd	543	892.000	10156.398
WYF00001.asd	544	893.000	10059.859
WYF00001.asd	545	894.000	9965.273
WYF00001.asd	546	895.000	9878.917
WYF00001.asd	547	896.000	9786.006
WYF00001.asd	548	897.000	9696.190
WYF00001.asd	549	898.000	9606.156
WYF00001.asd	550	899.000	9512.316
WYF00001.asd	551	900.000	9426.696
WYF00001.asd	552	901.000	9342.174
WYF00001.asd	553	902.000	9257.028
WYF00001.asd	554	903.000	9172.100
WYF00001.asd	555	904.000	9087.343
WYF00001.asd	556	905.000	9003.067
WYF00001.asd	557	906.000	8917.190
WYF00001.asd	558	907.000	8828.052
WYF00001.asd	559	908.000	8743.037
WYF00001.asd	560	909.000	8656.086
WYF00001.asd	561	910.000	8567.418
WYF00001.asd	562	911.000	8480.847
WYF00001.asd	563	912.000	8391.194
WYF00001.asd	564	913.000	8305.614
WYF00001.asd	565	914.000	8221.991
WYF00001.asd	566	915.000	8132.315
WYF00001.asd	567	916.000	8045.585
WYF00001.asd	568	917.000	7957.577
WYF00001.asd	569	918.000	7869.319
WYF00001.asd	570	919.000	7786.242
WYF00001.asd	571	920.000	7702.021
WYF00001.asd	572	921.000	7614.900
WYF00001.asd	573	922.000	7525.194
WYF00001.asd	574	923.000	7434.920
WYF00001.asd	575	924.000	7347.565
WYF00001.asd	576	925.000	7257.323
WYF00001.asd	577	926.000	7164.648
WYF00001.asd	578	927.000	7076.439
WYF00001.asd	579	928.000	6979.773
WYF00001.asd	580	929.000	6883.144
WYF00001.asd	581	930.000	6789.604
WYF00001.asd	582	931.000	6693.069
WYF00001.asd	583	932.000	6598.838
WYF00001.asd	584	933.000	6507.282
WYF00001.asd	585	934.000	6418.328
WYF00001.asd	586	935.000	6331.969
WYF00001.asd	587	936.000	6244.013
WYF00001.asd	588	937.000	6157.334
WYF00001.asd	589	938.000	6074.019
WYF00001.asd	590	939.000	5993.392
WYF00001.asd	591	940.000	5912.329
WYF00001.asd	592	941.000	5829.344
WYF00001.asd	593	942.000	5745.330
WYF00001.asd	594	943.000	5663.199
WYF00001.asd	595	944.000	5580.606
WYF00001.asd	596	945.000	5497.599
WYF00001.asd	597	946.000	5415.881
WYF00001.asd	598	947.000	5338.295
WYF00001.asd	599	948.000	5265.179
WYF00001.asd	600	949.000	5189.893
WYF00001.asd	601	950.000	5113.231
WYF00001.asd	602	951.000	5043.856
WYF00001.asd	603	952.000	4969.241
WYF00001.asd	604	953.000	4897.566
WYF00001.asd	605	954.000	4830.270
WYF00001.asd	606	955.000	4759.644
WYF00001.asd	607	956.000	4691.856
WYF00001.asd	608	957.000	4624.110
WYF00001.asd	609	958.000	4557.329
WYF00001.asd	610	959.000	4495.433
WYF00001.asd	611	960.000	4427.636
WYF00001.asd	612	961.000	4362.522
WYF00001.asd	613	962.000	4301.817
WYF00001.asd	614	963.000	4240.031
WYF00001.asd	615	964.000	4179.602
WYF00001.asd	616	965.000	4119.247
WYF00001.asd	617	966.000	4058.929
WYF00001.asd	618	967.000	3999.590
WYF00001.asd	619	968.000	3940.529
WYF00001.asd	620	969.000	3883.167
WYF00001.asd	621	970.000	3826.080
WYF00001.asd	622	971.000	3767.451
WYF00001.asd	623	972.000	3713.315
WYF00001.asd	624	973.000	3657.533
WYF00001.asd	625	974.000	3599.798
WYF00001.asd	626	975.000	3542.980
WYF00001.asd	627	976.000	3487.043
WYF00001.asd	628	977.000	3434.624
WYF00001.asd	629	978.000	3382.323
WYF00001.asd	630	979.000	3326.811
WYF00001.asd	631	980.000	3273.950
WYF00001.asd	632	981.000	3221.469
WYF00001.asd	633	982.000	3168.812
WYF00001.asd	634	983.000	3115.963
WYF00001.asd	635	984.000	3062.611
WYF00001.asd	636	985.000	3013.082
WYF00001.asd	637	986.000	2963.366
WYF00001.asd	638	987.000	2910.407
WYF00001.asd	639	988.000	2857.632
WYF00001.asd	640	989.000	2807.404
WYF00001.asd	641	990.000	2757.833
WYF00001.asd	642	991.000	2708.256
WYF00001.asd	643	992.000	2660.829
WYF00001.asd	644	993.000	2610.833
WYF00001.asd	645	994.000	2562.412
WYF00001.asd	646	995.000	2516.691
WYF00001.asd	647	996.000	2470.383
WYF00001.asd	648	997.000	2423.876
WYF00001.asd	649	998.000	2377.068
WYF00001.asd	650	999.000	2330.056
WYF00001.asd	651	1000.000	2283.503
WYF00001.asd	652	1001.000	9414.904
WYF00001.asd	653	1002.000	9476.066
WYF00001.asd	654	1003.000	9533.975
WYF00001.asd	655	1004.000	9594.316
WYF00001.asd	656	1005.000	9657.025
WYF00001.asd	657	1006.000	9720.456
WYF00001.asd	658	1007.000	9784.721
WYF00001.asd	659	1008.000	9849.049
WYF00001.asd	660	1009.000	9914.016
WYF00001.asd	661	1010.000	9980.165
WYF00001.asd	662	1011.000	10048.933
WYF00001.asd	663	1012.000	10116.717
WYF00001.asd	664	1013.000	10193.620
WYF00001.asd	665	1014.000	10273.978
WYF00001.asd	666	1015.000	10350.681
WYF00001.asd	667	1016.000	10429.883
WYF00001.asd	668	1017.000	10508.476
WYF00001.asd	669	1018.000	10587.033
WYF00001.asd	670	1019.000	10664.473
WYF00001.asd	671	1020.000	10739.064
WYF00001.asd	672	1021.000	10818.594
WYF00001.asd	673	1022.000	10900.672
WYF00001.asd	674	1023.000	10979.477
WYF00001.asd	675	1024.000	11059.718
WYF00001.asd	676	1025.000	11144.992
WYF00001.asd	677	1026.000	11215.776
WYF00001.asd	678	1027.000	11286.294
WYF00001.asd	679	1028.000	11359.552
WYF00001.asd	680	1029.000	11420.019
WYF00001.asd	681	1030.000	11483.898
WYF00001.asd	682	1031.000	11551.801
WYF00001.asd	683	1032.000	11614.564
WYF00001.asd	684	1033.000	11677.193
WYF00001.asd	685	1034.000	11733.443
WYF00001.asd	686	1035.000	11784.662
WYF00001.asd	687	1036.000	11833.743
WYF00001.asd	688	1037.000	11878.163
WYF00001.asd	689	1038.000	11918.818
WYF00001.asd	690	1039.000	11960.496
WYF00001.asd	691	1040.000	11999.499
WYF00001.asd	692	1041.000	12034.338
WYF00001.asd	693	1042.000	12070.749
WYF00001.asd	694	1043.000	12107.267
WYF00001.asd	695	1044.000	12145.444
WYF00001.asd	696	1045.000	12181.918
WYF00001.asd	697	1046.000	12217.515
WYF00001.asd	698	1047.000	12253.885
WYF00001.asd	699	1048.000	12288.590
WYF00001.asd	700	1049.000	12324.617
WYF00001.asd	701	1050.000	12360.982
WYF00001.asd	702	1051.000	12397.887
WYF00001.asd	703	1052.000	12435.694
WYF00001.asd	704	1053.000	12474.094
WYF00001.asd	705	1054.000	12510.182
WYF00001.asd	706	1055.000	12548.090
WYF00001.asd	707	1056.000	12592.252
WYF00001.asd	708	1057.000	12638.634
WYF00001.asd	709	1058.000	12690.230
WYF00001.asd	710	1059.000	12746.298
WYF00001.asd	711	1060.000	12800.941
WYF00001.asd	712	1061.000	12858.712
WYF00001.asd	713	1062.000	12917.771
WYF00001.asd	714	1063.000	12976.135
WYF00001.asd	715	1064.000	13040.490
WYF00001.asd	716	1065.000	13109.616
WYF00001.asd	717	1066.000	13179.000
WYF00001.asd	718	1067.000	13251.277
WYF00001.asd	719	1068.000	13332.774
WYF00001.asd	720	1069.000	13412.297
WYF00001.asd	721	1070.000	13494.622
WYF00001.asd	722	1071.000	13582.645
WYF00001.asd	723	1072.000	13668.246
WYF00001.asd	724	1073.000	13760.841
WYF00001.asd	725	1074.000	13861.847
WYF00001.asd	726	1075.000	13963.721
WYF00001.asd	727	1076.000	14071.428
WYF00001.asd	728	1077.000	14180.786
WYF00001.asd	729	1078.000	14290.742
WYF00001.asd	730	1079.000	14407.635
WYF00001.asd	731	1080.000	14529.106
WYF00001.asd	732	1081.000	14654.400
WYF00001.asd	733	1082.000	14788.324
WYF00001.asd	734	1083.000	14925.484
WYF00001.asd	735	1084.000	15063.255
WYF00001.asd	736	1085.000	15205.767
WYF00001.asd	737	1086.000	15344.241
WYF00001.asd	738	1087.000	15493.517
WYF00001.asd	739	1088.000	15648.209
WYF00001.asd	740	1089.000	15799.997
WYF00001.asd	741	1090.000	15966.785
WYF00001.asd	742	1091.000	16130.394
WYF00001.asd	743	1092.000	16290.851
WYF00001.asd	744	1093.000	16462.497
WYF00001.asd	745	1094.000	16625.701
WYF00001.asd	746	1095.000	16789.516
WYF00001.asd	747	1096.000	16952.657
WYF00001.asd	748	1097.000	17118.202
WYF00001.asd	749	1098.000	17275.738
WYF00001.asd	750	1099.000	17440.548
WYF00001.asd	751	1100.000	17607.490
WYF00001.asd	752	1101.000	17769.546
WYF00001.asd	753	1102.000	17926.770
WYF00001.asd	754	1103.000	18074.252
WYF00001.asd	755	1104.000	18219.235
WYF00001.asd	756	1105.000	18358.876
WYF00001.asd	757	1106.000	18491.947
WYF00001.asd	758	1107.000	18628.520
WYF00001.asd	759	1108.000	18761.438
WYF00001.asd	760	1109.000	18884.770
WYF00001.asd	761	1110.000	19000.031
WYF00001.asd	762	1111.000	19112.366
WYF00001.asd	763	1112.000	19212.861
WYF00001.asd	764	1113.000	19301.090
WYF00001.asd	765	1114.000	19383.991
WYF00001.asd	766	1115.000	19460.307
WYF00001.asd	767	1116.000	19536.064
WYF00001.asd	768	1117.000	19603.885
WYF00001.asd	769	1118.000	19660.864
WYF00001.asd	770	1119.000	19711.219
WYF00001.asd	771	1120.000	19754.916
WYF00001.asd	772	1121.000	19792.771
WYF00001.asd	773	1122.000	19825.958
WYF00001.asd	774	1123.000	19859.877
WYF00001.asd	775	1124.000	19893.293
WYF00001.asd	776	1125.000	19922.858
WYF00001.asd	777	1126.000	19948.594
WYF00001.asd	778	1127.000	19967.156
WYF00001.asd	779	1128.000	19978.130
WYF00001.asd	780	1129.000	19986.463
WYF00001.asd	781	1130.000	19989.163
WYF00001.asd	782	1131.000	19988.450
WYF00001.asd	783	1132.000	19984.118
WYF00001.asd	784	1133.000	19976.129
WYF00001.asd	785	1134.000	19961.193
WYF00001.asd	786	1135.000	19947.679
WYF00001.asd	787	1136.000	19944.087
WYF00001.asd	788	1137.000	19942.673
WYF00001.asd	789	1138.000	19945.286
WYF00001.asd	790	1139.000	19949.138
WYF00001.asd	791	1140.000	19947.522
WYF00001.asd	792	1141.000	19945.605
WYF00001.asd	793	1142.000	19945.240
WYF00001.asd	794	1143.000	19949.425
WYF00001.asd	795	1144.000	19945.026
WYF00001.asd	796	1145.000	19938.785
WYF00001.asd	797	1146.000	19929.532
WYF00001.asd	798	1147.000	19912.308
WYF00001.asd	799	1148.000	19896.283
WYF00001.asd	800	1149.000	19890.970
WYF00001.asd	801	1150.000	19883.141
WYF00001.asd	802	1151.000	19878.288
WYF00001.asd	803	1152.000	19882.713
WYF00001.asd	804	1153.000	19882.132
WYF00001.asd	805	1154.000	19881.643
WYF00001.asd	806	1155.000	19890.250
WYF00001.asd	807	1156.000	19896.661
WYF00001.asd	808	1157.000	19904.496
WYF00001.asd	809	1158.000	19917.780
WYF00001.asd	810	1159.000	19928.263
WYF00001.asd	811	1160.000	19938.328
WYF00001.asd	812	1161.000	19947.529
WYF00001.asd	813	1162.000	19952.910
WYF00001.asd	814	1163.000	19963.403
WYF00001.asd	815	1164.000	19976.095
WYF00001.asd	816	1165.000	19989.726
WYF00001.asd	817	1166.000	19999.788
WYF00001.asd	818	1167.000	20016.468
WYF00001.asd	819	1168.000	20033.404
WYF00001.asd	820	1169.000	20049.498
WYF00001.asd	821	1170.000	20074.077
WYF00001.asd	822	1171.000	20095.365
WYF00001.asd	823	1172.000	20112.300
WYF00001.asd	824	1173.000	20128.062
WYF00001.asd	825	1174.000	20143.495
WYF00001.asd	826	1175.000	20162.614
WYF00001.asd	827	1176.000	20180.342
WYF00001.asd	828	1177.000	20199.390
WYF00001.asd	829	1178.000	20216.669
WYF00001.asd	830	1179.000	20232.314
WYF00001.asd	831	1180.000	20248.387
WYF00001.asd	832	1181.000	20265.251
WYF00001.asd	833	1182.000	20280.417
WYF00001.asd	834	1183.000	20294.621
WYF00001.asd	835	1184.000	20308.368
WYF00001.asd	836	1185.000	20321.066
WYF00001.asd	837	1186.000	20334.941
WYF00001.asd	838	1187.000	20351.410
WYF00001.asd	839	1188.000	20371.150
WYF00001.asd	840	1189.000	20393.708
WYF00001.asd	841	1190.000	20415.009
WYF00001.asd	842	1191.000	20440.655
WYF00001.asd	843	1192.000	20470.239
WYF00001.asd	844	1193.000	20498.507
WYF00001.asd	845	1194.000	20527.149
WYF00001.asd	846	1195.000	20559.588
WYF00001.asd	847	1196.000	20594.101
WYF00001.asd	848	1197.000	20627.303
WYF00001.asd	849	1198.000	20664.794
WYF00001.asd	850	1199.000	20698.796
WYF00001.asd	851	1200.000	20728.179
WYF00001.asd	852	1201.000	20760.877
WYF00001.asd	853	1202.000	20792.793
WYF00001.asd	854	1203.000	20829.165
WYF00001.asd	855	1204.000	20866.159
WYF00001.asd	856	1205.000	20903.956
WYF00001.asd	857	1206.000	20943.024
WYF00001.asd	858	1207.000	20978.842
WYF00001.asd	859	1208.000	21014.572
WYF00001.asd	860	1209.000	21053.170
WYF00001.asd	861	1210.000	21095.208
WYF00001.asd	862	1211.000	21140.254
WYF00001.asd	863	1212.000	21185.692
WYF00001.asd	864	1213.000	21233.272
WYF00001.asd	865	1214.000	21282.569
WYF00001.asd	866	1215.000	21332.212
WYF00001.asd	867	1216.000	21384.072
WYF00001.asd	868	1217.000	21436.453
WYF00001.asd	869	1218.000	21496.690
WYF00001.asd	870	1219.000	21563.256
WYF00001.asd	871	1220.000	21627.532
WYF00001.asd	872	1221.000	21699.663
WYF00001.asd	873	1222.000	21765.561
WYF00001.asd	874	1223.000	21824.035
WYF00001.asd	875	1224.000	21885.922
WYF00001.asd	876	1225.000	21946.064
WYF00001.asd	877	1226.000	22013.110
WYF00001.asd	878	1227.000	22082.324
WYF00001.asd	879	1228.000	22144.973
WYF00001.asd	880	1229.000	22204.783
WYF00001.asd	881	1230.000	22260.793
WYF00001.asd	882	1231.000	22316.773
WYF00001.asd	883	1232.000	22370.594
WYF00001.asd	884	1233.000	22421.796
WYF00001.asd	885	1234.000	22473.259
WYF00001.asd	886	1235.000	22520.305
WYF00001.asd	887	1236.000	22559.206
WYF00001.asd	888	1237.000	22603.544
WYF00001.asd	889	1238.000	22649.863
WYF00001.asd	890	1239.000	22693.313
WYF00001.asd	891	1240.000	22736.960
WYF00001.asd	892	1241.000	22779.802
WYF00001.asd	893	1242.000	22820.117
WYF00001.asd	894	1243.000	22860.688
WYF00001.asd	895	1244.000	22901.733
WYF00001.asd	896	1245.000	22941.843
WYF00001.asd	897	1246.000	22984.551
WYF00001.asd	898	1247.000	23024.738
WYF00001.asd	899	1248.000	23060.237
WYF00001.asd	900	1249.000	23096.180
WYF00001.asd	901	1250.000	23124.542
WYF00001.asd	902	1251.000	23146.486
WYF00001.asd	903	1252.000	23165.071
WYF00001.asd	904	1253.000	23181.185
WYF00001.asd	905	1254.000	23189.989
WYF00001.asd	906	1255.000	23193.805
WYF00001.asd	907	1256.000	23191.488
WYF00001.asd	908	1257.000	23180.286
WYF00001.asd	909	1258.000	23168.408
WYF00001.asd	910	1259.000	23153.932
WYF00001.asd	911	1260.000	23132.009
WYF00001.asd	912	1261.000	23104.866
WYF00001.asd	913	1262.000	23076.127
WYF00001.asd	914	1263.000	23040.432
WYF00001.asd	915	1264.000	23003.558
WYF00001.asd	916	1265.000	22966.906
WYF00001.asd	917	1266.000	22926.265
WYF00001.asd	918	1267.000	22887.529
WYF00001.asd	919	1268.000	22849.892
WYF00001.asd	920	1269.000	22813.374
WYF00001.asd	921	1270.000	22777.298
WYF00001.asd	922	1271.000	22747.585
WYF00001.asd	923	1272.000	22719.803
WYF00001.asd	924	1273.000	22694.107
WYF00001.asd	925	1274.000	22670.957
WYF00001.asd	926	1275.000	22655.071
WYF00001.asd	927	1276.000	22642.835
WYF00001.asd	928	1277.000	22634.193
WYF00001.asd	929	1278.000	22635.159
WYF00001.asd	930	1279.000	22634.608
WYF00001.asd	931	1280.000	22630.743
WYF00001.asd	932	1281.000	22634.574
WYF00001.asd	933	1282.000	22641.503
WYF00001.asd	934	1283.000	22655.244
WYF00001.asd	935	1284.000	22676.482
WYF00001.asd	936	1285.000	22700.343
WYF00001.asd	937	1286.000	22729.940
WYF00001.asd	938	1287.000	22761.431
WYF00001.asd	939	1288.000	22787.500
WYF00001.asd	940	1289.000	22817.167
WYF00001.asd	941	1290.000	22848.504
WYF00001.asd	942	1291.000	22880.298
WYF00001.asd	943	1292.000	22911.717
WYF00001.asd	944	1293.000	22946.092
WYF00001.asd	945	1294.000	22980.106
WYF00001.asd	946	1295.000	23011.759
WYF00001.asd	947	1296.000	23046.235
WYF00001.asd	948	1297.000	23085.699
WYF00001.asd	949	1298.000	23120.258
WYF00001.asd	950	1299.000	23152.376
WYF00001.asd	951	1300.000	23185.804
WYF00001.asd	952	1301.000	23218.630
WYF00001.asd	953	1302.000	23250.131
WYF00001.asd	954	1303.000	23283.988
WYF00001.asd	955	1304.000	23313.090
WYF00001.asd	956	1305.000	23337.858
WYF00001.asd	957	1306.000	23363.224
WYF00001.asd	958	1307.000	23386.340
WYF00001.asd	959	1308.000	23410.060
WYF00001.asd	960	1309.000	23429.655
WYF00001.asd	961	1310.000	23446.576
WYF00001.asd	962	1311.000	23465.992
WYF00001.asd	963	1312.000	23479.735
WYF00001.asd	964	1313.000	23493.875
WYF00001.asd	965	1314.000	23511.693
WYF00001.asd	966	1315.000	23520.020
WYF00001.asd	967	1316.000	23521.051
WYF00001.asd	968	1317.000	23523.415
WYF00001.asd	969	1318.000	23523.137
WYF00001.asd	970	1319.000	23520.285
WYF00001.asd	971	1320.000	23515.103
WYF00001.asd	972	1321.000	23510.337
WYF00001.asd	973	1322.000	23504.343
WYF00001.asd	974	1323.000	23494.488
WYF00001.asd	975	1324.000	23486.110
WYF00001.asd	976	1325.000	23470.900
WYF00001.asd	977	1326.000	23448.395
WYF00001.asd	978	1327.000	23425.659
WYF00001.asd	979	1328.000	23400.214
WYF00001.asd	980	1329.000	23372.270
WYF00001.asd	981	1330.000	23343.082
WYF00001.asd	982	1331.000	23309.671
WYF00001.asd	983	1332.000	23271.578
WYF00001.asd	984	1333.000	23233.475
WYF00001.asd	985	1334.000	23190.075
WYF00001.asd	986	1335.000	23143.914
WYF00001.asd	987	1336.000	23094.705
WYF00001.asd	988	1337.000	23040.676
WYF00001.asd	989	1338.000	22988.708
WYF00001.asd	990	1339.000	22938.594
WYF00001.asd	991	1340.000	22877.945
WYF00001.asd	992	1341.000	22818.837
WYF00001.asd	993	1342.000	22743.219
WYF00001.asd	994	1343.000	22657.304
WYF00001.asd	995	1344.000	22559.958
WYF00001.asd	996	1345.000	22454.403
WYF00001.asd	997	1346.000	22334.193
WYF00001.asd	998	1347.000	22206.314
WYF00001.asd	999	1348.000	22056.455
WYF00001.asd	1000	1349.000	21885.715
WYF00001.asd	1001	1350.000	21708.021
WYF00001.asd	1002	1351.000	21511.960
WYF00001.asd	1003	1352.000	21308.635
WYF00001.asd	1004	1353.000	21091.791
WYF00001.asd	1005	1354.000	20876.139
WYF00001.asd	1006	1355.000	20641.757
WYF00001.asd	1007	1356.000	20422.285
WYF00001.asd	1008	1357.000	20196.491
WYF00001.asd	1009	1358.000	19993.865
WYF00001.asd	1010	1359.000	19802.277
WYF00001.asd	1011	1360.000	19624.152
WYF00001.asd	1012	1361.000	19473.205
WYF00001.asd	1013	1362.000	19351.616
WYF00001.asd	1014	1363.000	19261.681
WYF00001.asd	1015	1364.000	19202.133
WYF00001.asd	1016	1365.000	19164.552
WYF00001.asd	1017	1366.000	19162.892
WYF00001.asd	1018	1367.000	19166.760
WYF00001.asd	1019	1368.000	19198.183
WYF00001.asd	1020	1369.000	19221.843
WYF00001.asd	1021	1370.000	19270.567
WYF00001.asd	1022	1371.000	19286.101
WYF00001.asd	1023	1372.000	19313.123
WYF00001.asd	1024	1373.000	19283.864
WYF00001.asd	1025	1374.000	19240.172
WYF00001.asd	1026	1375.000	19135.191
WYF00001.asd	1027	1376.000	18985.773
WYF00001.asd	1028	1377.000	18788.779
WYF00001.asd	1029	1378.000	18513.854
WYF00001.asd	1030	1379.000	18250.462
WYF00001.asd	1031	1380.000	17923.281
WYF00001.asd	1032	1381.000	17642.605
WYF00001.asd	1033	1382.000	17354.683
WYF00001.asd	1034	1383.000	17111.406
WYF00001.asd	1035	1384.000	16910.229
WYF00001.asd	1036	1385.000	16715.393
WYF00001.asd	1037	1386.000	16555.847
WYF00001.asd	1038	1387.000	16406.433
WYF00001.asd	1039	1388.000	16240.780
WYF00001.asd	1040	1389.000	16071.071
WYF00001.asd	1041	1390.000	15863.917
WYF00001.asd	1042	1391.000	15634.753
WYF00001.asd	1043	1392.000	15394.473
WYF00001.asd	1044	1393.000	15120.972
WYF00001.asd	1045	1394.000	14862.597
WYF00001.asd	1046	1395.000	14590.724
WYF00001.asd	1047	1396.000	14344.528
WYF00001.asd	1048	1397.000	14103.529
WYF00001.asd	1049	1398.000	13874.238
WYF00001.asd	1050	1399.000	13661.279
WYF00001.asd	1051	1400.000	13453.331
WYF00001.asd	1052	1401.000	13250.403
WYF00001.asd	1053	1402.000	13056.438
WYF00001.asd	1054	1403.000	12873.995
WYF00001.asd	1055	1404.000	12698.764
WYF00001.asd	1056	1405.000	12527.674
WYF00001.asd	1057	1406.000	12369.262
WYF00001.asd	1058	1407.000	12220.755
WYF00001.asd	1059	1408.000	12083.623
WYF00001.asd	1060	1409.000	11956.104
WYF00001.asd	1061	1410.000	11840.044
WYF00001.asd	1062	1411.000	11742.004
WYF00001.asd	1063	1412.000	11643.852
WYF00001.asd	1064	1413.000	11553.321
WYF00001.asd	1065	1414.000	11467.492
WYF00001.asd	1066	1415.000	11383.834
WYF00001.asd	1067	1416.000	11307.405
WYF00001.asd	1068	1417.000	11240.418
WYF00001.asd	1069	1418.000	11175.652
WYF00001.asd	1070	1419.000	11113.446
WYF00001.asd	1071	1420.000	11058.490
WYF00001.asd	1072	1421.000	11008.208
WYF00001.asd	1073	1422.000	10964.170
WYF00001.asd	1074	1423.000	10917.955
WYF00001.asd	1075	1424.000	10874.918
WYF00001.asd	1076	1425.000	10835.918
WYF00001.asd	1077	1426.000	10796.993
WYF00001.asd	1078	1427.000	10761.806
WYF00001.asd	1079	1428.000	10733.581
WYF00001.asd	1080	1429.000	10704.057
WYF00001.asd	1081	1430.000	10671.826
WYF00001.asd	1082	1431.000	10648.195
WYF00001.asd	1083	1432.000	10631.235
WYF00001.asd	1084	1433.000	10613.180
WYF00001.asd	1085	1434.000	10598.823
WYF00001.asd	1086	1435.000	10584.453
WYF00001.asd	1087	1436.000	10568.578
WYF00001.asd	1088	1437.000	10558.593
WYF00001.asd	1089	1438.000	10553.652
WYF00001.asd	1090	1439.000	10547.760
WYF00001.asd	1091	1440.000	10545.289
WYF00001.asd	1092	1441.000	10541.584
WYF00001.asd	1093	1442.000	10535.761
WYF00001.asd	1094	1443.000	10533.408
WYF00001.asd	1095	1444.000	10531.958
WYF00001.asd	1096	1445.000	10533.261
WYF00001.asd	1097	1446.000	10539.838
WYF00001.asd	1098	1447.000	10543.389
WYF00001.asd	1099	1448.000	10544.832
WYF00001.asd	1100	1449.000	10550.719
WYF00001.asd	1101	1450.000	10555.873
WYF00001.asd	1102	1451.000	10564.450
WYF00001.asd	1103	1452.000	10581.960
WYF00001.asd	1104	1453.000	10594.569
WYF00001.asd	1105	1454.000	10604.670
WYF00001.asd	1106	1455.000	10616.014
WYF00001.asd	1107	1456.000	10629.187
WYF00001.asd	1108	1457.000	10638.988
WYF00001.asd	1109	1458.000	10650.042
WYF00001.asd	1110	1459.000	10663.592
WYF00001.asd	1111	1460.000	10673.992
WYF00001.asd	1112	1461.000	10681.603
WYF00001.asd	1113	1462.000	10690.495
WYF00001.asd	1114	1463.000	10698.021
WYF00001.asd	1115	1464.000	10709.646
WYF00001.asd	1116	1465.000	10721.823
WYF00001.asd	1117	1466.000	10736.597
WYF00001.asd	1118	1467.000	10754.520
WYF00001.asd	1119	1468.000	10774.204
WYF00001.asd	1120	1469.000	10794.787
WYF00001.asd	1121	1470.000	10818.245
WYF00001.asd	1122	1471.000	10843.361
WYF00001.asd	1123	1472.000	10873.489
WYF00001.asd	1124	1473.000	10907.961
WYF00001.asd	1125	1474.000	10942.413
WYF00001.asd	1126	1475.000	10980.083
WYF00001.asd	1127	1476.000	11020.180
WYF00001.asd	1128	1477.000	11063.093
WYF00001.asd	1129	1478.000	11103.641
WYF00001.asd	1130	1479.000	11145.726
WYF00001.asd	1131	1480.000	11188.628
WYF00001.asd	1132	1481.000	11229.072
WYF00001.asd	1133	1482.000	11271.812
WYF00001.asd	1134	1483.000	11317.515
WYF00001.asd	1135	1484.000	11363.883
WYF00001.asd	1136	1485.000	11411.510
WYF00001.asd	1137	1486.000	11457.870
WYF00001.asd	1138	1487.000	11505.954
WYF00001.asd	1139	1488.000	11553.143
WYF00001.asd	1140	1489.000	11596.010
WYF00001.asd	1141	1490.000	11643.007
WYF00001.asd	1142	1491.000	11694.042
WYF00001.asd	1143	1492.000	11742.709
WYF00001.asd	1144	1493.000	11793.364
WYF00001.asd	1145	1494.000	11841.779
WYF00001.asd	1146	1495.000	11885.902
WYF00001.asd	1147	1496.000	11932.668
WYF00001.asd	1148	1497.000	11981.669
WYF00001.asd	1149	1498.000	12028.416
WYF00001.asd	1150	1499.000	12074.430
WYF00001.asd	1151	1500.000	12121.139
WYF00001.asd	1152	1501.000	12167.477
WYF00001.asd	1153	1502.000	12211.114
WYF00001.asd	1154	1503.000	12259.329
WYF00001.asd	1155	1504.000	12308.718
WYF00001.asd	1156	1505.000	12357.269
WYF00001.asd	1157	1506.000	12407.059
WYF00001.asd	1158	1507.000	12453.473
WYF00001.asd	1159	1508.000	12498.382
WYF00001.asd	1160	1509.000	12544.072
WYF00001.asd	1161	1510.000	12588.307
WYF00001.asd	1162	1511.000	12633.184
WYF00001.asd	1163	1512.000	12678.402
WYF00001.asd	1164	1513.000	12723.820
WYF00001.asd	1165	1514.000	12768.366
WYF00001.asd	1166	1515.000	12814.147
WYF00001.asd	1167	1516.000	12861.870
WYF00001.asd	1168	1517.000	12908.100
WYF00001.asd	1169	1518.000	12953.061
WYF00001.asd	1170	1519.000	13000.010
WYF00001.asd	1171	1520.000	13049.063
WYF00001.asd	1172	1521.000	13094.013
WYF00001.asd	1173	1522.000	13139.212
WYF00001.asd	1174	1523.000	13182.077
WYF00001.asd	1175	1524.000	13219.668
WYF00001.asd	1176	1525.000	13260.980
WYF00001.asd	1177	1526.000	13303.905
WYF00001.asd	1178	1527.000	13344.808
WYF00001.asd	1179	1528.000	13386.758
WYF00001.asd	1180	1529.000	13426.091
WYF00001.asd	1181	1530.000	13463.267
WYF00001.asd	1182	1531.000	13500.159
WYF00001.asd	1183	1532.000	13534.809
WYF00001.asd	1184	1533.000	13571.250
WYF00001.asd	1185	1534.000	13610.010
WYF00001.asd	1186	1535.000	13644.003
WYF00001.asd	1187	1536.000	13676.197
WYF00001.asd	1188	1537.000	13708.064
WYF00001.asd	1189	1538.000	13735.166
WYF00001.asd	1190	1539.000	13765.151
WYF00001.asd	1191	1540.000	13796.987
WYF00001.asd	1192	1541.000	13828.573
WYF00001.asd	1193	1542.000	13861.501
WYF00001.asd	1194	1543.000	13892.522
WYF00001.asd	1195	1544.000	13924.377
WYF00001.asd	1196	1545.000	13953.347
WYF00001.asd	1197	1546.000	13976.906
WYF00001.asd	1198	1547.000	14004.706
WYF00001.asd	1199	1548.000	14035.205
WYF00001.asd	1200	1549.000	14062.438
WYF00001.asd	1201	1550.000	14090.944
WYF00001.asd	1202	1551.000	14117.353
WYF00001.asd	1203	1552.000	14139.142
WYF00001.asd	1204	1553.000	14162.230
WYF00001.asd	1205	1554.000	14187.466
WYF00001.asd	1206	1555.000	14209.508
WYF00001.asd	1207	1556.000	14227.507
WYF00001.asd	1208	1557.000	14248.434
WYF00001.asd	1209	1558.000	14269.635
WYF00001.asd	1210	1559.000	14290.448
WYF00001.asd	1211	1560.000	14314.835
WYF00001.asd	1212	1561.000	14335.492
WYF00001.asd	1213	1562.000	14354.096
WYF00001.asd	1214	1563.000	14370.217
WYF00001.asd	1215	1564.000	14383.689
WYF00001.asd	1216	1565.000	14398.615
WYF00001.asd	1217	1566.000	14413.122
WYF00001.asd	1218	1567.000	14426.360
WYF00001.asd	1219	1568.000	14436.659
WYF00001.asd	1220	1569.000	14449.030
WYF00001.asd	1221	1570.000	14460.400
WYF00001.asd	1222	1571.000	14470.054
WYF00001.asd	1223	1572.000	14483.315
WYF00001.asd	1224	1573.000	14494.167
WYF00001.asd	1225	1574.000	14502.989
WYF00001.asd	1226	1575.000	14509.497
WYF00001.asd	1227	1576.000	14514.150
WYF00001.asd	1228	1577.000	14518.747
WYF00001.asd	1229	1578.000	14523.197
WYF00001.asd	1230	1579.000	14529.675
WYF00001.asd	1231	1580.000	14535.688
WYF00001.asd	1232	1581.000	14542.598
WYF00001.asd	1233	1582.000	14550.740
WYF00001.asd	1234	1583.000	14558.641
WYF00001.asd	1235	1584.000	14564.893
WYF00001.asd	1236	1585.000	14569.892
WYF00001.asd	1237	1586.000	14572.536
WYF00001.asd	1238	1587.000	14570.538
WYF00001.asd	1239	1588.000	14572.252
WYF00001.asd	1240	1589.000	14574.071
WYF00001.asd	1241	1590.000	14577.061
WYF00001.asd	1242	1591.000	14583.213
WYF00001.asd	1243	1592.000	14584.032
WYF00001.asd	1244	1593.000	14583.198
WYF00001.asd	1245	1594.000	14582.457
WYF00001.asd	1246	1595.000	14578.322
WYF00001.asd	1247	1596.000	14576.578
WYF00001.asd	1248	1597.000	14577.288
WYF00001.asd	1249	1598.000	14573.026
WYF00001.asd	1250	1599.000	14566.208
WYF00001.asd	1251	1600.000	14561.196
WYF00001.asd	1252	1601.000	14554.152
WYF00001.asd	1253	1602.000	14549.499
WYF00001.asd	1254	1603.000	14548.534
WYF00001.asd	1255	1604.000	14541.873
WYF00001.asd	1256	1605.000	14533.412
WYF00001.asd	1257	1606.000	14524.267
WYF00001.asd	1258	1607.000	14511.965
WYF00001.asd	1259	1608.000	14500.404
WYF00001.asd	1260	1609.000	14489.201
WYF00001.asd	1261	1610.000	14476.115
WYF00001.asd	1262	1611.000	14461.760
WYF00001.asd	1263	1612.000	14447.096
WYF00001.asd	1264	1613.000	14432.224
WYF00001.asd	1265	1614.000	14413.537
WYF00001.asd	1266	1615.000	14392.811
WYF00001.asd	1267	1616.000	14371.644
WYF00001.asd	1268	1617.000	14349.457
WYF00001.asd	1269	1618.000	14324.206
WYF00001.asd	1270	1619.000	14296.762
WYF00001.asd	1271	1620.000	14268.322
WYF00001.asd	1272	1621.000	14236.272
WYF00001.asd	1273	1622.000	14205.120
WYF00001.asd	1274	1623.000	14175.362
WYF00001.asd	1275	1624.000	14142.521
WYF00001.asd	1276	1625.000	14107.022
WYF00001.asd	1277	1626.000	14071.710
WYF00001.asd	1278	1627.000	14035.112
WYF00001.asd	1279	1628.000	13999.160
WYF00001.asd	1280	1629.000	13963.724
WYF00001.asd	1281	1630.000	13925.369
WYF00001.asd	1282	1631.000	13885.015
WYF00001.asd	1283	1632.000	13846.667
WYF00001.asd	1284	1633.000	13807.590
WYF00001.asd	1285	1634.000	13768.723
WYF00001.asd	1286	1635.000	13732.346
WYF00001.asd	1287	1636.000	13692.040
WYF00001.asd	1288	1637.000	13649.338
WYF00001.asd	1289	1638.000	13604.996
WYF00001.asd	1290	1639.000	13559.747
WYF00001.asd	1291	1640.000	13511.826
WYF00001.asd	1292	1641.000	13462.466
WYF00001.asd	1293	1642.000	13409.539
WYF00001.asd	1294	1643.000	13352.464
WYF00001.asd	1295	1644.000	13297.958
WYF00001.asd	1296	1645.000	13241.564
WYF00001.asd	1297	1646.000	13183.852
WYF00001.asd	1298	1647.000	13128.892
WYF00001.asd	1299	1648.000	13066.939
WYF00001.asd	1300	1649.000	13000.773
WYF00001.asd	1301	1650.000	12933.217
WYF00001.asd	1302	1651.000	12860.740
WYF00001.asd	1303	1652.000	12791.463
WYF00001.asd	1304	1653.000	12721.578
WYF00001.asd	1305	1654.000	12650.180
WYF00001.asd	1306	1655.000	12580.577
WYF00001.asd	1307	1656.000	12507.739
WYF00001.asd	1308	1657.000	12431.340
WYF00001.asd	1309	1658.000	12356.703
WYF00001.asd	1310	1659.000	12280.516
WYF00001.asd	1311	1660.000	12207.020
WYF00001.asd	1312	1661.000	12133.143
WYF00001.asd	1313	1662.000	12061.628
WYF00001.asd	1314	1663.000	11994.902
WYF00001.asd	1315	1664.000	11925.640
WYF00001.asd	1316	1665.000	11861.697
WYF00001.asd	1317	1666.000	11800.735
WYF00001.asd	1318	1667.000	11736.414
WYF00001.asd	1319	1668.000	11675.402
WYF00001.asd	1320	1669.000	11615.735
WYF00001.asd	1321	1670.000	11557.337
WYF00001.asd	1322	1671.000	11506.286
WYF00001.asd	1323	1672.000	11458.421
WYF00001.asd	1324	1673.000	11410.553
WYF00001.asd	1325	1674.000	11364.579
WYF00001.asd	1326	1675.000	11316.652
WYF00001.asd	1327	1676.000	11270.877
WYF00001.asd	1328	1677.000	11225.843
WYF00001.asd	1329	1678.000	11177.969
WYF00001.asd	1330	1679.000	11132.272
WYF00001.asd	1331	1680.000	11085.666
WYF00001.asd	1332	1681.000	11039.470
WYF00001.asd	1333	1682.000	10990.719
WYF00001.asd	1334	1683.000	10939.829
WYF00001.asd	1335	1684.000	10888.301
WYF00001.asd	1336	1685.000	10834.339
WYF00001.asd	1337	1686.000	10787.935
WYF00001.asd	1338	1687.000	10742.281
WYF00001.asd	1339	1688.000	10694.614
WYF00001.asd	1340	1689.000	10648.452
WYF00001.asd	1341	1690.000	10593.210
WYF00001.asd	1342	1691.000	10538.762
WYF00001.asd	1343	1692.000	10488.261
WYF00001.asd	1344	1693.000	10429.350
WYF00001.asd	1345	1694.000	10373.531
WYF00001.asd	1346	1695.000	10319.959
WYF00001.asd	1347	1696.000	10260.316
WYF00001.asd	1348	1697.000	10206.487
WYF00001.asd	1349	1698.000	10153.729
WYF00001.asd	1350	1699.000	10097.541
WYF00001.asd	1351	1700.000	10042.837
WYF00001.asd	1352	1701.000	9989.599
WYF00001.asd	1353	1702.000	9940.499
WYF00001.asd	1354	1703.000	9890.855
WYF00001.asd	1355	1704.000	9841.342
WYF00001.asd	1356	1705.000	9790.374
WYF00001.asd	1357	1706.000	9733.739
WYF00001.asd	1358	1707.000	9679.277
WYF00001.asd	1359	1708.000	9623.884
WYF00001.asd	1360	1709.000	9567.160
WYF00001.asd	1361	1710.000	9513.131
WYF00001.asd	1362	1711.000	9457.264
WYF00001.asd	1363	1712.000	9402.446
WYF00001.asd	1364	1713.000	9348.868
WYF00001.asd	1365	1714.000	9289.937
WYF00001.asd	1366	1715.000	9231.463
WYF00001.asd	1367	1716.000	9175.907
WYF00001.asd	1368	1717.000	9117.015
WYF00001.asd	1369	1718.000	9063.497
WYF00001.asd	1370	1719.000	9012.973
WYF00001.asd	1371	1720.000	8961.992
WYF00001.asd	1372	1721.000	8910.543
WYF00001.asd	1373	1722.000	8857.471
WYF00001.asd	1374	1723.000	8806.881
WYF00001.asd	1375	1724.000	8754.914
WYF00001.asd	1376	1725.000	8705.007
WYF00001.asd	1377	1726.000	8657.855
WYF00001.asd	1378	1727.000	8614.240
WYF00001.asd	1379	1728.000	8573.693
WYF00001.asd	1380	1729.000	8534.486
WYF00001.asd	1381	1730.000	8499.755
WYF00001.asd	1382	1731.000	8461.069
WYF00001.asd	1383	1732.000	8420.735
WYF00001.asd	1384	1733.000	8380.270
WYF00001.asd	1385	1734.000	8338.635
WYF00001.asd	1386	1735.000	8299.613
WYF00001.asd	1387	1736.000	8262.325
WYF00001.asd	1388	1737.000	8224.802
WYF00001.asd	1389	1738.000	8187.901
WYF00001.asd	1390	1739.000	8153.893
WYF00001.asd	1391	1740.000	8112.919
WYF00001.asd	1392	1741.000	8068.883
WYF00001.asd	1393	1742.000	8025.064
WYF00001.asd	1394	1743.000	7976.899
WYF00001.asd	1395	1744.000	7932.430
WYF00001.asd	1396	1745.000	7887.105
WYF00001.asd	1397	1746.000	7840.918
WYF00001.asd	1398	1747.000	7797.367
WYF00001.asd	1399	1748.000	7749.088
WYF00001.asd	1400	1749.000	7701.745
WYF00001.asd	1401	1750.000	7656.259
WYF00001.asd	1402	1751.000	7604.793
WYF00001.asd	1403	1752.000	7553.709
WYF00001.asd	1404	1753.000	7505.261
WYF00001.asd	1405	1754.000	7456.942
WYF00001.asd	1406	1755.000	7407.378
WYF00001.asd	1407	1756.000	7356.596
WYF00001.asd	1408	1757.000	7308.702
WYF00001.asd	1409	1758.000	7257.401
WYF00001.asd	1410	1759.000	7207.208
WYF00001.asd	1411	1760.000	7160.429
WYF00001.asd	1412	1761.000	7107.103
WYF00001.asd	1413	1762.000	7056.942
WYF00001.asd	1414	1763.000	7010.155
WYF00001.asd	1415	1764.000	6963.484
WYF00001.asd	1416	1765.000	6923.328
WYF00001.asd	1417	1766.000	6883.148
WYF00001.asd	1418	1767.000	6843.844
WYF00001.asd	1419	1768.000	6804.353
WYF00001.asd	1420	1769.000	6761.846
WYF00001.asd	1421	1770.000	6718.165
WYF00001.asd	1422	1771.000	6672.255
WYF00001.asd	1423	1772.000	6629.508
WYF00001.asd	1424	1773.000	6588.174
WYF00001.asd	1425	1774.000	6545.274
WYF00001.asd	1426	1775.000	6503.643
WYF00001.asd	1427	1776.000	6460.934
WYF00001.asd	1428	1777.000	6414.250
WYF00001.asd	1429	1778.000	6371.087
WYF00001.asd	1430	1779.000	6326.602
WYF00001.asd	1431	1780.000	6283.071
WYF00001.asd	1432	1781.000	6241.386
WYF00001.asd	1433	1782.000	6191.280
WYF00001.asd	1434	1783.000	6148.312
WYF00001.asd	1435	1784.000	6104.044
WYF00001.asd	1436	1785.000	6054.800
WYF00001.asd	1437	1786.000	6010.478
WYF00001.asd	1438	1787.000	5957.866
WYF00001.asd	1439	1788.000	5900.887
WYF00001.asd	1440	1789.000	5843.032
WYF00001.asd	1441	1790.000	5777.440
WYF00001.asd	1442	1791.000	5716.162
WYF00001.asd	1443	1792.000	5652.607
WYF00001.asd	1444	1793.000	5582.830
WYF00001.asd	1445	1794.000	5512.427
WYF00001.asd	1446	1795.000	5430.092
WYF00001.asd	1447	1796.000	5341.923
WYF00001.asd	1448	1797.000	5249.411
WYF00001.asd	1449	1798.000	5152.287
WYF00001.asd	1450	1799.000	5059.610
WYF00001.asd	1451	1800.000	4957.994
WYF00001.asd	1452	1801.000	11151.229
WYF00001.asd	1453	1802.000	11269.289
WYF00001.asd	1454	1803.000	11388.188
WYF00001.asd	1455	1804.000	11504.024
WYF00001.asd	1456	1805.000	11620.708
WYF00001.asd	1457	1806.000	11727.972
WYF00001.asd	1458	1807.000	11830.488
WYF00001.asd	1459	1808.000	11929.298
WYF00001.asd	1460	1809.000	12024.673
WYF00001.asd	1461	1810.000	12119.465
WYF00001.asd	1462	1811.000	12197.142
WYF00001.asd	1463	1812.000	12277.949
WYF00001.asd	1464	1813.000	12332.407
WYF00001.asd	1465	1814.000	12347.123
WYF00001.asd	1466	1815.000	12379.815
WYF00001.asd	1467	1816.000	12407.145
WYF00001.asd	1468	1817.000	12430.411
WYF00001.asd	1469	1818.000	12456.594
WYF00001.asd	1470	1819.000	12493.107
WYF00001.asd	1471	1820.000	12520.449
WYF00001.asd	1472	1821.000	12536.010
WYF00001.asd	1473	1822.000	12560.097
WYF00001.asd	1474	1823.000	12584.297
WYF00001.asd	1475	1824.000	12614.180
WYF00001.asd	1476	1825.000	12646.661
WYF00001.asd	1477	1826.000	12688.776
WYF00001.asd	1478	1827.000	12720.830
WYF00001.asd	1479	1828.000	12761.860
WYF00001.asd	1480	1829.000	12781.575
WYF00001.asd	1481	1830.000	12789.995
WYF00001.asd	1482	1831.000	12792.084
WYF00001.asd	1483	1832.000	12786.060
WYF00001.asd	1484	1833.000	12770.185
WYF00001.asd	1485	1834.000	12734.417
WYF00001.asd	1486	1835.000	12709.467
WYF00001.asd	1487	1836.000	12683.631
WYF00001.asd	1488	1837.000	12638.079
WYF00001.asd	1489	1838.000	12630.439
WYF00001.asd	1490	1839.000	12631.288
WYF00001.asd	1491	1840.000	12658.021
WYF00001.asd	1492	1841.000	12721.679
WYF00001.asd	1493	1842.000	12772.100
WYF00001.asd	1494	1843.000	12849.615
WYF00001.asd	1495	1844.000	12905.227
WYF00001.asd	1496	1845.000	12952.927
WYF00001.asd	1497	1846.000	12990.727
WYF00001.asd	1498	1847.000	13028.237
WYF00001.asd	1499	1848.000	13058.780
WYF00001.asd	1500	1849.000	13086.981
WYF00001.asd	1501	1850.000	13120.798
WYF00001.asd	1502	1851.000	13133.324
WYF00001.asd	1503	1852.000	13132.670
WYF00001.asd	1504	1853.000	13127.827
WYF00001.asd	1505	1854.000	13107.142
WYF00001.asd	1506	1855.000	13085.503
WYF00001.asd	1507	1856.000	13059.745
WYF00001.asd	1508	1857.000	13031.118
WYF00001.asd	1509	1858.000	12997.956
WYF00001.asd	1510	1859.000	12963.443
WYF00001.asd	1511	1860.000	12915.564
WYF00001.asd	1512	1861.000	12887.875
WYF00001.asd	1513	1862.000	12801.169
WYF00001.asd	1514	1863.000	12705.249
WYF00001.asd	1515	1864.000	12553.669
WYF00001.asd	1516	1865.000	12346.563
WYF00001.asd	1517	1866.000	12115.398
WYF00001.asd	1518	1867.000	11850.464
WYF00001.asd	1519	1868.000	11521.775
WYF00001.asd	1520	1869.000	11233.650
WYF00001.asd	1521	1870.000	10900.478
WYF00001.asd	1522	1871.000	10636.006
WYF00001.asd	1523	1872.000	10377.263
WYF00001.asd	1524	1873.000	10180.492
WYF00001.asd	1525	1874.000	10042.245
WYF00001.asd	1526	1875.000	9915.870
WYF00001.asd	1527	1876.000	9837.666
WYF00001.asd	1528	1877.000	9784.154
WYF00001.asd	1529	1878.000	9710.417
WYF00001.asd	1530	1879.000	9665.444
WYF00001.asd	1531	1880.000	9563.763
WYF00001.asd	1532	1881.000	9451.759
WYF00001.asd	1533	1882.000	9307.010
WYF00001.asd	1534	1883.000	9118.836
WYF00001.asd	1535	1884.000	8925.037
WYF00001.asd	1536	1885.000	8695.392
WYF00001.asd	1537	1886.000	8479.515
WYF00001.asd	1538	1887.000	8241.548
WYF00001.asd	1539	1888.000	8024.158
WYF00001.asd	1540	1889.000	7814.203
WYF00001.asd	1541	1890.000	7613.102
WYF00001.asd	1542	1891.000	7420.682
WYF00001.asd	1543	1892.000	7232.371
WYF00001.asd	1544	1893.000	7060.233
WYF00001.asd	1545	1894.000	6905.233
WYF00001.asd	1546	1895.000	6751.112
WYF00001.asd	1547	1896.000	6611.148
WYF00001.asd	1548	1897.000	6472.134
WYF00001.asd	1549	1898.000	6326.955
WYF00001.asd	1550	1899.000	6198.079
WYF00001.asd	1551	1900.000	6082.867
WYF00001.asd	1552	1901.000	5973.922
WYF00001.asd	1553	1902.000	5881.524
WYF00001.asd	1554	1903.000	5801.941
WYF00001.asd	1555	1904.000	5742.422
WYF00001.asd	1556	1905.000	5698.156
WYF00001.asd	1557	1906.000	5669.674
WYF00001.asd	1558	1907.000	5669.542
WYF00001.asd	1559	1908.000	5669.593
WYF00001.asd	1560	1909.000	5667.052
WYF00001.asd	1561	1910.000	5681.232
WYF00001.asd	1562	1911.000	5691.553
WYF00001.asd	1563	1912.000	5705.976
WYF00001.asd	1564	1913.000	5713.724
WYF00001.asd	1565	1914.000	5726.335
WYF00001.asd	1566	1915.000	5727.505
WYF00001.asd	1567	1916.000	5719.987
WYF00001.asd	1568	1917.000	5712.392
WYF00001.asd	1569	1918.000	5691.468
WYF00001.asd	1570	1919.000	5685.805
WYF00001.asd	1571	1920.000	5692.986
WYF00001.asd	1572	1921.000	5683.490
WYF00001.asd	1573	1922.000	5691.486
WYF00001.asd	1574	1923.000	5715.845
WYF00001.asd	1575	1924.000	5734.301
WYF00001.asd	1576	1925.000	5752.986
WYF00001.asd	1577	1926.000	5778.603
WYF00001.asd	1578	1927.000	5815.998
WYF00001.asd	1579	1928.000	5839.481
WYF00001.asd	1580	1929.000	5856.632
WYF00001.asd	1581	1930.000	5880.702
WYF00001.asd	1582	1931.000	5898.858
WYF00001.asd	1583	1932.000	5912.561
WYF00001.asd	1584	1933.000	5936.782
WYF00001.asd	1585	1934.000	5951.160
WYF00001.asd	1586	1935.000	5965.569
WYF00001.asd	1587	1936.000	5980.010
WYF00001.asd	1588	1937.000	5987.632
WYF00001.asd	1589	1938.000	5984.620
WYF00001.asd	1590	1939.000	5992.588
WYF00001.asd	1591	1940.000	5999.019
WYF00001.asd	1592	1941.000	6003.908
WYF00001.asd	1593	1942.000	6031.081
WYF00001.asd	1594	1943.000	6061.901
WYF00001.asd	1595	1944.000	6090.647
WYF00001.asd	1596	1945.000	6116.539
WYF00001.asd	1597	1946.000	6137.741
WYF00001.asd	1598	1947.000	6150.131
WYF00001.asd	1599	1948.000	6171.074
WYF00001.asd	1600	1949.000	6192.933
WYF00001.asd	1601	1950.000	6216.712
WYF00001.asd	1602	1951.000	6252.863
WYF00001.asd	1603	1952.000	6271.989
WYF00001.asd	1604	1953.000	6283.462
WYF00001.asd	1605	1954.000	6288.552
WYF00001.asd	1606	1955.000	6295.947
WYF00001.asd	1607	1956.000	6306.367
WYF00001.asd	1608	1957.000	6324.790
WYF00001.asd	1609	1958.000	6348.064
WYF00001.asd	1610	1959.000	6371.804
WYF00001.asd	1611	1960.000	6399.944
WYF00001.asd	1612	1961.000	6420.229
WYF00001.asd	1613	1962.000	6446.558
WYF00001.asd	1614	1963.000	6460.271
WYF00001.asd	1615	1964.000	6459.475
WYF00001.asd	1616	1965.000	6463.148
WYF00001.asd	1617	1966.000	6469.569
WYF00001.asd	1618	1967.000	6470.285
WYF00001.asd	1619	1968.000	6483.311
WYF00001.asd	1620	1969.000	6502.853
WYF00001.asd	1621	1970.000	6523.203
WYF00001.asd	1622	1971.000	6553.348
WYF00001.asd	1623	1972.000	6572.189
WYF00001.asd	1624	1973.000	6586.426
WYF00001.asd	1625	1974.000	6601.848
WYF00001.asd	1626	1975.000	6611.365
WYF00001.asd	1627	1976.000	6622.531
WYF00001.asd	1628	1977.000	6635.957
WYF00001.asd	1629	1978.000	6649.423
WYF00001.asd	1630	1979.000	6661.179
WYF00001.asd	1631	1980.000	6686.613
WYF00001.asd	1632	1981.000	6717.713
WYF00001.asd	1633	1982.000	6744.915
WYF00001.asd	1634	1983.000	6763.866
WYF00001.asd	1635	1984.000	6773.714
WYF00001.asd	1636	1985.000	6787.862
WYF00001.asd	1637	1986.000	6795.678
WYF00001.asd	1638	1987.000	6809.615
WYF00001.asd	1639	1988.000	6830.761
WYF00001.asd	1640	1989.000	6848.148
WYF00001.asd	1641	1990.000	6855.830
WYF00001.asd	1642	1991.000	6876.156
WYF00001.asd	1643	1992.000	6896.522
WYF00001.asd	1644	1993.000	6912.644
WYF00001.asd	1645	1994.000	6936.024
WYF00001.asd	1646	1995.000	6948.514
WYF00001.asd	1647	1996.000	6964.850
WYF00001.asd	1648	1997.000	6980.460
WYF00001.asd	1649	1998.000	7000.894
WYF00001.asd	1650	1999.000	7024.206
WYF00001.asd	1651	2000.000	7046.767
WYF00001.asd	1652	2001.000	7074.910
WYF00001.asd	1653	2002.000	7090.054
WYF00001.asd	1654	2003.000	7109.441
WYF00001.asd	1655	2004.000	7132.299
WYF00001.asd	1656	2005.000	7156.073
WYF00001.asd	1657	2006.000	7176.004
WYF00001.asd	1658	2007.000	7175.702
WYF00001.asd	1659	2008.000	7182.601
WYF00001.asd	1660	2009.000	7199.622
WYF00001.asd	1661	2010.000	7212.913
WYF00001.asd	1662	2011.000	7234.904
WYF00001.asd	1663	2012.000	7286.817
WYF00001.asd	1664	2013.000	7309.993
WYF00001.asd	1665	2014.000	7316.148
WYF00001.asd	1666	2015.000	7332.385
WYF00001.asd	1667	2016.000	7343.941
WYF00001.asd	1668	2017.000	7346.694
WYF00001.asd	1669	2018.000	7368.319
WYF00001.asd	1670	2019.000	7384.854
WYF00001.asd	1671	2020.000	7401.585
WYF00001.asd	1672	2021.000	7413.854
WYF00001.asd	1673	2022.000	7422.556
WYF00001.asd	1674	2023.000	7434.970
WYF00001.asd	1675	2024.000	7444.290
WYF00001.asd	1676	2025.000	7448.048
WYF00001.asd	1677	2026.000	7464.030
WYF00001.asd	1678	2027.000	7484.400
WYF00001.asd	1679	2028.000	7503.551
WYF00001.asd	1680	2029.000	7530.930
WYF00001.asd	1681	2030.000	7552.797
WYF00001.asd	1682	2031.000	7570.248
WYF00001.asd	1683	2032.000	7581.429
WYF00001.asd	1684	2033.000	7584.308
WYF00001.asd	1685	2034.000	7583.615
WYF00001.asd	1686	2035.000	7581.913
WYF00001.asd	1687	2036.000	7588.015
WYF00001.asd	1688	2037.000	7593.903
WYF00001.asd	1689	2038.000	7606.319
WYF00001.asd	1690	2039.000	7618.205
WYF00001.asd	1691	2040.000	7631.046
WYF00001.asd	1692	2041.000	7638.606
WYF00001.asd	1693	2042.000	7646.247
WYF00001.asd	1694	2043.000	7651.511
WYF00001.asd	1695	2044.000	7660.008
WYF00001.asd	1696	2045.000	7664.004
WYF00001.asd	1697	2046.000	7674.926
WYF00001.asd	1698	2047.000	7698.821
WYF00001.asd	1699	2048.000	7710.805
WYF00001.asd	1700	2049.000	7712.999
WYF00001.asd	1701	2050.000	7714.290
WYF00001.asd	1702	2051.000	7722.433
WYF00001.asd	1703	2052.000	7727.823
WYF00001.asd	1704	2053.000	7733.842
WYF00001.asd	1705	2054.000	7740.048
WYF00001.asd	1706	2055.000	7750.320
WYF00001.asd	1707	2056.000	7747.168
WYF00001.asd	1708	2057.000	7747.031
WYF00001.asd	1709	2058.000	7756.048
WYF00001.asd	1710	2059.000	7775.415
WYF00001.asd	1711	2060.000	7795.070
WYF00001.asd	1712	2061.000	7814.283
WYF00001.asd	1713	2062.000	7822.280
WYF00001.asd	1714	2063.000	7816.729
WYF00001.asd	1715	2064.000	7817.707
WYF00001.asd	1716	2065.000	7801.424
WYF00001.asd	1717	2066.000	7799.692
WYF00001.asd	1718	2067.000	7803.362
WYF00001.asd	1719	2068.000	7808.302
WYF00001.asd	1720	2069.000	7812.763
WYF00001.asd	1721	2070.000	7827.658
WYF00001.asd	1722	2071.000	7835.618
WYF00001.asd	1723	2072.000	7842.707
WYF00001.asd	1724	2073.000	7863.457
WYF00001.asd	1725	2074.000	7874.270
WYF00001.asd	1726	2075.000	7874.139
WYF00001.asd	1727	2076.000	7870.894
WYF00001.asd	1728	2077.000	7864.252
WYF00001.asd	1729	2078.000	7851.449
WYF00001.asd	1730	2079.000	7850.840
WYF00001.asd	1731	2080.000	7857.723
WYF00001.asd	1732	2081.000	7861.322
WYF00001.asd	1733	2082.000	7871.616
WYF00001.asd	1734	2083.000	7898.446
WYF00001.asd	1735	2084.000	7912.323
WYF00001.asd	1736	2085.000	7924.211
WYF00001.asd	1737	2086.000	7930.215
WYF00001.asd	1738	2087.000	7932.026
WYF00001.asd	1739	2088.000	7927.861
WYF00001.asd	1740	2089.000	7932.736
WYF00001.asd	1741	2090.000	7942.197
WYF00001.asd	1742	2091.000	7945.900
WYF00001.asd	1743	2092.000	7955.729
WYF00001.asd	1744	2093.000	7961.227
WYF00001.asd	1745	2094.000	7949.577
WYF00001.asd	1746	2095.000	7952.484
WYF00001.asd	1747	2096.000	7959.314
WYF00001.asd	1748	2097.000	7947.520
WYF00001.asd	1749	2098.000	7951.195
WYF00001.asd	1750	2099.000	7955.931
WYF00001.asd	1751	2100.000	7956.642
WYF00001.asd	1752	2101.000	7958.756
WYF00001.asd	1753	2102.000	7970.076
WYF00001.asd	1754	2103.000	7976.035
WYF00001.asd	1755	2104.000	7977.129
WYF00001.asd	1756	2105.000	7978.486
WYF00001.asd	1757	2106.000	7977.944
WYF00001.asd	1758	2107.000	7981.631
WYF00001.asd	1759	2108.000	7977.330
WYF00001.asd	1760	2109.000	7976.029
WYF00001.asd	1761	2110.000	7982.282
WYF00001.asd	1762	2111.000	7978.960
WYF00001.asd	1763	2112.000	7981.211
WYF00001.asd	1764	2113.000	7983.558
WYF00001.asd	1765	2114.000	7981.665
WYF00001.asd	1766	2115.000	7975.248
WYF00001.asd	1767	2116.000	7973.560
WYF00001.asd	1768	2117.000	7972.072
WYF00001.asd	1769	2118.000	7967.989
WYF00001.asd	1770	2119.000	7961.795
WYF00001.asd	1771	2120.000	7962.342
WYF00001.asd	1772	2121.000	7956.742
WYF00001.asd	1773	2122.000	7956.700
WYF00001.asd	1774	2123.000	7974.943
WYF00001.asd	1775	2124.000	7986.319
WYF00001.asd	1776	2125.000	7999.926
WYF00001.asd	1777	2126.000	8010.186
WYF00001.asd	1778	2127.000	7998.584
WYF00001.asd	1779	2128.000	7980.119
WYF00001.asd	1780	2129.000	7959.271
WYF00001.asd	1781	2130.000	7936.973
WYF00001.asd	1782	2131.000	7910.430
WYF00001.asd	1783	2132.000	7882.068
WYF00001.asd	1784	2133.000	7873.810
WYF00001.asd	1785	2134.000	7887.002
WYF00001.asd	1786	2135.000	7885.524
WYF00001.asd	1787	2136.000	7891.782
WYF00001.asd	1788	2137.000	7892.352
WYF00001.asd	1789	2138.000	7885.277
WYF00001.asd	1790	2139.000	7865.699
WYF00001.asd	1791	2140.000	7847.225
WYF00001.asd	1792	2141.000	7853.155
WYF00001.asd	1793	2142.000	7850.905
WYF00001.asd	1794	2143.000	7841.527
WYF00001.asd	1795	2144.000	7849.804
WYF00001.asd	1796	2145.000	7856.923
WYF00001.asd	1797	2146.000	7855.439
WYF00001.asd	1798	2147.000	7856.634
WYF00001.asd	1799	2148.000	7861.262
WYF00001.asd	1800	2149.000	7853.227
WYF00001.asd	1801	2150.000	7853.028
WYF00001.asd	1802	2151.000	7865.961
WYF00001.asd	1803	2152.000	7864.282
WYF00001.asd	1804	2153.000	7857.496
WYF00001.asd	1805	2154.000	7853.053
WYF00001.asd	1806	2155.000	7846.051
WYF00001.asd	1807	2156.000	7824.335
WYF00001.asd	1808	2157.000	7820.263
WYF00001.asd	1809	2158.000	7822.934
WYF00001.asd	1810	2159.000	7814.443
WYF00001.asd	1811	2160.000	7817.568
WYF00001.asd	1812	2161.000	7815.292
WYF00001.asd	1813	2162.000	7793.237
WYF00001.asd	1814	2163.000	7787.961
WYF00001.asd	1815	2164.000	7787.219
WYF00001.asd	1816	2165.000	7784.448
WYF00001.asd	1817	2166.000	7784.029
WYF00001.asd	1818	2167.000	7776.020
WYF00001.asd	1819	2168.000	7764.103
WYF00001.asd	1820	2169.000	7745.922
WYF00001.asd	1821	2170.000	7732.823
WYF00001.asd	1822	2171.000	7715.625
WYF00001.asd	1823	2172.000	7689.620
WYF00001.asd	1824	2173.000	7673.777
WYF00001.asd	1825	2174.000	7666.765
WYF00001.asd	1826	2175.000	7649.962
WYF00001.asd	1827	2176.000	7632.896
WYF00001.asd	1828	2177.000	7615.871
WYF00001.asd	1829	2178.000	7596.838
WYF00001.asd	1830	2179.000	7574.777
WYF00001.asd	1831	2180.000	7564.248
WYF00001.asd	1832	2181.000	7567.283
WYF00001.asd	1833	2182.000	7565.337
WYF00001.asd	1834	2183.000	7553.593
WYF00001.asd	1835	2184.000	7544.331
WYF00001.asd	1836	2185.000	7524.497
WYF00001.asd	1837	2186.000	7489.443
WYF00001.asd	1838	2187.000	7459.267
WYF00001.asd	1839	2188.000	7423.202
WYF00001.asd	1840	2189.000	7388.177
WYF00001.asd	1841	2190.000	7358.518
WYF00001.asd	1842	2191.000	7334.519
WYF00001.asd	1843	2192.000	7307.185
WYF00001.asd	1844	2193.000	7273.349
WYF00001.asd	1845	2194.000	7244.887
WYF00001.asd	1846	2195.000	7221.033
WYF00001.asd	1847	2196.000	7195.089
WYF00001.asd	1848	2197.000	7169.320
WYF00001.asd	1849	2198.000	7153.046
WYF00001.asd	1850	2199.000	7120.004
WYF00001.asd	1851	2200.000	7086.510
WYF00001.asd	1852	2201.000	7060.276
WYF00001.asd	1853	2202.000	7023.164
WYF00001.asd	1854	2203.000	6987.641
WYF00001.asd	1855	2204.000	6961.542
WYF00001.asd	1856	2205.000	6923.705
WYF00001.asd	1857	2206.000	6888.882
WYF00001.asd	1858	2207.000	6868.915
WYF00001.asd	1859	2208.000	6833.831
WYF00001.asd	1860	2209.000	6808.915
WYF00001.asd	1861	2210.000	6800.509
WYF00001.asd	1862	2211.000	6786.142
WYF00001.asd	1863	2212.000	6778.931
WYF00001.asd	1864	2213.000	6766.000
WYF00001.asd	1865	2214.000	6751.650
WYF00001.asd	1866	2215.000	6737.369
WYF00001.asd	1867	2216.000	6723.278
WYF00001.asd	1868	2217.000	6711.655
WYF00001.asd	1869	2218.000	6698.645
WYF00001.asd	1870	2219.000	6680.986
WYF00001.asd	1871	2220.000	6674.295
WYF00001.asd	1872	2221.000	6650.212
WYF00001.asd	1873	2222.000	6610.172
WYF00001.asd	1874	2223.000	6579.228
WYF00001.asd	1875	2224.000	6547.345
WYF00001.asd	1876	2225.000	6513.994
WYF00001.asd	1877	2226.000	6495.034
WYF00001.asd	1878	2227.000	6479.841
WYF00001.asd	1879	2228.000	6453.489
WYF00001.asd	1880	2229.000	6420.739
WYF00001.asd	1881	2230.000	6383.760
WYF00001.asd	1882	2231.000	6342.072
WYF00001.asd	1883	2232.000	6309.058
WYF00001.asd	1884	2233.000	6271.329
WYF00001.asd	1885	2234.000	6231.155
WYF00001.asd	1886	2235.000	6197.256
WYF00001.asd	1887	2236.000	6166.005
WYF00001.asd	1888	2237.000	6128.756
WYF00001.asd	1889	2238.000	6094.748
WYF00001.asd	1890	2239.000	6070.509
WYF00001.asd	1891	2240.000	6030.822
WYF00001.asd	1892	2241.000	5995.108
WYF00001.asd	1893	2242.000	5958.232
WYF00001.asd	1894	2243.000	5917.620
WYF00001.asd	1895	2244.000	5875.440
WYF00001.asd	1896	2245.000	5830.186
WYF00001.asd	1897	2246.000	5788.690
WYF00001.asd	1898	2247.000	5746.483
WYF00001.asd	1899	2248.000	5707.369
WYF00001.asd	1900	2249.000	5671.159
WYF00001.asd	1901	2250.000	5643.704
WYF00001.asd	1902	2251.000	5627.556
WYF00001.asd	1903	2252.000	5597.799
WYF00001.asd	1904	2253.000	5561.809
WYF00001.asd	1905	2254.000	5520.480
WYF00001.asd	1906	2255.000	5457.439
WYF00001.asd	1907	2256.000	5405.425
WYF00001.asd	1908	2257.000	5372.474
WYF00001.asd	1909	2258.000	5339.489
WYF00001.asd	1910	2259.000	5319.348
WYF00001.asd	1911	2260.000	5293.579
WYF00001.asd	1912	2261.000	5263.457
WYF00001.asd	1913	2262.000	5233.092
WYF00001.asd	1914	2263.000	5195.400
WYF00001.asd	1915	2264.000	5160.399
WYF00001.asd	1916	2265.000	5117.377
WYF00001.asd	1917	2266.000	5073.055
WYF00001.asd	1918	2267.000	5034.483
WYF00001.asd	1919	2268.000	4992.950
WYF00001.asd	1920	2269.000	4961.138
WYF00001.asd	1921	2270.000	4932.045
WYF00001.asd	1922	2271.000	4898.067
WYF00001.asd	1923	2272.000	4855.996
WYF00001.asd	1924	2273.000	4832.491
WYF00001.asd	1925	2274.000	4818.017
WYF00001.asd	1926	2275.000	4796.194
WYF00001.asd	1927	2276.000	4787.939
WYF00001.asd	1928	2277.000	4764.753
WYF00001.asd	1929	2278.000	4722.919
WYF00001.asd	1930	2279.000	4696.589
WYF00001.asd	1931	2280.000	4678.945
WYF00001.asd	1932	2281.000	4648.722
WYF00001.asd	1933	2282.000	4612.620
WYF00001.asd	1934	2283.000	4582.793
WYF00001.asd	1935	2284.000	4550.230
WYF00001.asd	1936	2285.000	4516.653
WYF00001.asd	1937	2286.000	4492.798
WYF00001.asd	1938	2287.000	4464.760
WYF00001.asd	1939	2288.000	4424.023
WYF00001.asd	1940	2289.000	4396.667
WYF00001.asd	1941	2290.000	4371.101
WYF00001.asd	1942	2291.000	4350.907
WYF00001.asd	1943	2292.000	4337.576
WYF00001.asd	1944	2293.000	4305.669
WYF00001.asd	1945	2294.000	4256.300
WYF00001.asd	1946	2295.000	4213.323
WYF00001.asd	1947	2296.000	4172.971
WYF00001.asd	1948	2297.000	4126.289
WYF00001.asd	1949	2298.000	4091.291
WYF00001.asd	1950	2299.000	4067.699
WYF00001.asd	1951	2300.000	4035.463
WYF00001.asd	1952	2301.000	4000.792
WYF00001.asd	1953	2302.000	3971.881
WYF00001.asd	1954	2303.000	3933.645
WYF00001.asd	1955	2304.000	3900.018
WYF00001.asd	1956	2305.000	3873.366
WYF00001.asd	1957	2306.000	3844.047
WYF00001.asd	1958	2307.000	3827.911
WYF00001.asd	1959	2308.000	3797.872
WYF00001.asd	1960	2309.000	3749.241
WYF00001.asd	1961	2310.000	3723.519
WYF00001.asd	1962	2311.000	3704.753
WYF00001.asd	1963	2312.000	3680.800
WYF00001.asd	1964	2313.000	3675.078
WYF00001.asd	1965	2314.000	3652.026
WYF00001.asd	1966	2315.000	3617.879
WYF00001.asd	1967	2316.000	3581.146
WYF00001.asd	1968	2317.000	3529.015
WYF00001.asd	1969	2318.000	3494.449
WYF00001.asd	1970	2319.000	3465.392
WYF00001.asd	1971	2320.000	3433.974
WYF00001.asd	1972	2321.000	3413.228
WYF00001.asd	1973	2322.000	3386.686
WYF00001.asd	1974	2323.000	3353.434
WYF00001.asd	1975	2324.000	3318.882
WYF00001.asd	1976	2325.000	3287.719
WYF00001.asd	1977	2326.000	3254.895
WYF00001.asd	1978	2327.000	3212.754
WYF00001.asd	1979	2328.000	3178.244
WYF00001.asd	1980	2329.000	3147.641
WYF00001.asd	1981	2330.000	3115.112
WYF00001.asd	1982	2331.000	3086.307
WYF00001.asd	1983	2332.000	3058.614
WYF00001.asd	1984	2333.000	3027.517
WYF00001.asd	1985	2334.000	3003.392
WYF00001.asd	1986	2335.000	2984.668
WYF00001.asd	1987	2336.000	2964.665
WYF00001.asd	1988	2337.000	2946.464
WYF00001.asd	1989	2338.000	2925.012
WYF00001.asd	1990	2339.000	2899.230
WYF00001.asd	1991	2340.000	2861.242
WYF00001.asd	1992	2341.000	2825.684
WYF00001.asd	1993	2342.000	2792.594
WYF00001.asd	1994	2343.000	2754.886
WYF00001.asd	1995	2344.000	2723.256
WYF00001.asd	1996	2345.000	2693.654
WYF00001.asd	1997	2346.000	2664.527
WYF00001.asd	1998	2347.000	2646.753
WYF00001.asd	1999	2348.000	2636.091
WYF00001.asd	2000	2349.000	2617.519
WYF00001.asd	2001	2350.000	2591.468
WYF00001.asd	2002	2351.000	2559.579
WYF00001.asd	2003	2352.000	2526.870
WYF00001.asd	2004	2353.000	2497.273
WYF00001.asd	2005	2354.000	2476.408
WYF00001.asd	2006	2355.000	2465.999
WYF00001.asd	2007	2356.000	2439.318
WYF00001.asd	2008	2357.000	2400.895
WYF00001.asd	2009	2358.000	2366.166
WYF00001.asd	2010	2359.000	2328.900
WYF00001.asd	2011	2360.000	2298.393
WYF00001.asd	2012	2361.000	2269.312
WYF00001.asd	2013	2362.000	2244.123
WYF00001.asd	2014	2363.000	2219.013
WYF00001.asd	2015	2364.000	2192.231
WYF00001.asd	2016	2365.000	2178.850
WYF00001.asd	2017	2366.000	2162.358
WYF00001.asd	2018	2367.000	2134.512
WYF00001.asd	2019	2368.000	2108.293
WYF00001.asd	2020	2369.000	2083.846
WYF00001.asd	2021	2370.000	2063.267
WYF00001.asd	2022	2371.000	2045.254
WYF00001.asd	2023	2372.000	2040.841
WYF00001.asd	2024	2373.000	2012.672
WYF00001.asd	2025	2374.000	1970.435
WYF00001.asd	2026	2375.000	1944.904
WYF00001.asd	2027	2376.000	1911.570
WYF00001.asd	2028	2377.000	1895.429
WYF00001.asd	2029	2378.000	1900.392
WYF00001.asd	2030	2379.000	1888.388
WYF00001.asd	2031	2380.000	1875.313
WYF00001.asd	2032	2381.000	1857.688
WYF00001.asd	2033	2382.000	1833.939
WYF00001.asd	2034	2383.000	1808.209
WYF00001.asd	2035	2384.000	1784.937
WYF00001.asd	2036	2385.000	1752.336
WYF00001.asd	2037	2386.000	1705.109
WYF00001.asd	2038	2387.000	1677.032
WYF00001.asd	2039	2388.000	1650.158
WYF00001.asd	2040	2389.000	1625.778
WYF00001.asd	2041	2390.000	1612.742
WYF00001.asd	2042	2391.000	1597.281
WYF00001.asd	2043	2392.000	1580.117
WYF00001.asd	2044	2393.000	1561.558
WYF00001.asd	2045	2394.000	1547.276
WYF00001.asd	2046	2395.000	1536.177
WYF00001.asd	2047	2396.000	1521.781
WYF00001.asd	2048	2397.000	1511.925
WYF00001.asd	2049	2398.000	1510.543
WYF00001.asd	2050	2399.000	1497.771
WYF00001.asd	2051	2400.000	1482.013
WYF00001.asd	2052	2401.000	1462.627
WYF00001.asd	2053	2402.000	1438.441
WYF00001.asd	2054	2403.000	1417.642
WYF00001.asd	2055	2404.000	1391.826
WYF00001.asd	2056	2405.000	1371.223
WYF00001.asd	2057	2406.000	1353.823
WYF00001.asd	2058	2407.000	1335.497
WYF00001.asd	2059	2408.000	1323.454
WYF00001.asd	2060	2409.000	1299.829
WYF00001.asd	2061	2410.000	1265.115
WYF00001.asd	2062	2411.000	1246.479
WYF00001.asd	2063	2412.000	1230.703
WYF00001.asd	2064	2413.000	1212.733
WYF00001.asd	2065	2414.000	1205.490
WYF00001.asd	2066	2415.000	1190.617
WYF00001.asd	2067	2416.000	1160.714
WYF00001.asd	2068	2417.000	1146.665
WYF00001.asd	2069	2418.000	1147.087
WYF00001.asd	2070	2419.000	1134.639
WYF00001.asd	2071	2420.000	1121.110
WYF00001.asd	2072	2421.000	1107.847
WYF00001.asd	2073	2422.000	1088.027
WYF00001.asd	2074	2423.000	1072.066
WYF00001.asd	2075	2424.000	1058.068
WYF00001.asd	2076	2425.000	1048.030
WYF00001.asd	2077	2426.000	1041.310
WYF00001.asd	2078	2427.000	1030.317
WYF00001.asd	2079	2428.000	1019.930
WYF00001.asd	2080	2429.000	1010.776
WYF00001.asd	2081	2430.000	999.453
WYF00001.asd	2082	2431.000	985.437
WYF00001.asd	2083	2432.000	977.550
WYF00001.asd	2084	2433.000	959.076
WYF00001.asd	2085	2434.000	928.135
WYF00001.asd	2086	2435.000	908.019
WYF00001.asd	2087	2436.000	887.133
WYF00001.asd	2088	2437.000	871.924
WYF00001.asd	2089	2438.000	860.949
WYF00001.asd	2090	2439.000	854.545
WYF00001.asd	2091	2440.000	856.173
WYF00001.asd	2092	2441.000	845.771
WYF00001.asd	2093	2442.000	836.259
WYF00001.asd	2094	2443.000	822.894
WYF00001.asd	2095	2444.000	795.852
WYF00001.asd	2096	2445.000	788.686
WYF00001.asd	2097	2446.000	795.108
WYF00001.asd	2098	2447.000	781.558
WYF00001.asd	2099	2448.000	767.085
WYF00001.asd	2100	2449.000	747.778
WYF00001.asd	2101	2450.000	723.891
WYF00001.asd	2102	2451.000	707.853
WYF00001.asd	2103	2452.000	696.595
WYF00001.asd	2104	2453.000	686.808
WYF00001.asd	2105	2454.000	677.828
WYF00001.asd	2106	2455.000	677.040
WYF00001.asd	2107	2456.000	675.623
WYF00001.asd	2108	2457.000	664.560
WYF00001.asd	2109	2458.000	654.673
WYF00001.asd	2110	2459.000	641.424
WYF00001.asd	2111	2460.000	629.985
WYF00001.asd	2112	2461.000	611.271
WYF00001.asd	2113	2462.000	606.750
WYF00001.asd	2114	2463.000	621.481
WYF00001.asd	2115	2464.000	621.117
WYF00001.asd	2116	2465.000	624.576
WYF00001.asd	2117	2466.000	622.214
WYF00001.asd	2118	2467.000	595.044
WYF00001.asd	2119	2468.000	585.751
WYF00001.asd	2120	2469.000	597.349
WYF00001.asd	2121	2470.000	590.749
WYF00001.asd	2122	2471.000	576.406
WYF00001.asd	2123	2472.000	569.271
WYF00001.asd	2124	2473.000	554.236
WYF00001.asd	2125	2474.000	542.355
WYF00001.asd	2126	2475.000	542.948
WYF00001.asd	2127	2476.000	536.372
WYF00001.asd	2128	2477.000	519.432
WYF00001.asd	2129	2478.000	509.343
WYF00001.asd	2130	2479.000	509.385
WYF00001.asd	2131	2480.000	495.707
WYF00001.asd	2132	2481.000	474.552
WYF00001.asd	2133	2482.000	456.553
WYF00001.asd	2134	2483.000	419.248
WYF00001.asd	2135	2484.000	411.692
WYF00001.asd	2136	2485.000	427.144
WYF00001.asd	2137	2486.000	432.055
WYF00001.asd	2138	2487.000	454.255
WYF00001.asd	2139	2488.000	456.885
WYF00001.asd	2140	2489.000	442.962
WYF00001.asd	2141	2490.000	435.342
WYF00001.asd	2142	2491.000	423.498
WYF00001.asd	2143	2492.000	415.154
WYF00001.asd	2144	2493.000	408.427
WYF00001.asd	2145	2494.000	401.273
WYF00001.asd	2146	2495.000	396.310
WYF00001.asd	2147	2496.000	386.866
WYF00001.asd	2148	2497.000	374.305
WYF00001.asd	2149	2498.000	365.088
WYF00001.asd	2150	2499.000	351.794
WYF00001.asd	2151	2500.000	349.470
