WYF00010.asd	1	350.000	19.623
WYF00010.asd	2	351.000	20.141
WYF00010.asd	3	352.000	21.052
WYF00010.asd	4	353.000	20.416
WYF00010.asd	5	354.000	21.852
WYF00010.asd	6	355.000	22.591
WYF00010.asd	7	356.000	22.132
WYF00010.asd	8	357.000	22.874
WYF00010.asd	9	358.000	24.310
WYF00010.asd	10	359.000	25.977
WYF00010.asd	11	360.000	27.194
WYF00010.asd	12	361.000	26.977
WYF00010.asd	13	362.000	27.777
WYF00010.asd	14	363.000	29.137
WYF00010.asd	15	364.000	30.122
WYF00010.asd	16	365.000	30.972
WYF00010.asd	17	366.000	31.442
WYF00010.asd	18	367.000	32.143
WYF00010.asd	19	368.000	33.694
WYF00010.asd	20	369.000	34.932
WYF00010.asd	21	370.000	35.669
WYF00010.asd	22	371.000	36.391
WYF00010.asd	23	372.000	37.993
WYF00010.asd	24	373.000	40.941
WYF00010.asd	25	374.000	41.277
WYF00010.asd	26	375.000	39.995
WYF00010.asd	27	376.000	44.733
WYF00010.asd	28	377.000	45.028
WYF00010.asd	29	378.000	44.915
WYF00010.asd	30	379.000	47.666
WYF00010.asd	31	380.000	46.774
WYF00010.asd	32	381.000	47.476
WYF00010.asd	33	382.000	49.571
WYF00010.asd	34	383.000	51.099
WYF00010.asd	35	384.000	51.131
WYF00010.asd	36	385.000	53.683
WYF00010.asd	37	386.000	56.559
WYF00010.asd	38	387.000	54.836
WYF00010.asd	39	388.000	58.471
WYF00010.asd	40	389.000	61.809
WYF00010.asd	41	390.000	62.498
WYF00010.asd	42	391.000	64.316
WYF00010.asd	43	392.000	65.310
WYF00010.asd	44	393.000	66.212
WYF00010.asd	45	394.000	67.961
WYF00010.asd	46	395.000	70.858
WYF00010.asd	47	396.000	73.242
WYF00010.asd	48	397.000	75.076
WYF00010.asd	49	398.000	76.921
WYF00010.asd	50	399.000	78.762
WYF00010.asd	51	400.000	81.785
WYF00010.asd	52	401.000	84.713
WYF00010.asd	53	402.000	85.180
WYF00010.asd	54	403.000	88.753
WYF00010.asd	55	404.000	90.996
WYF00010.asd	56	405.000	91.490
WYF00010.asd	57	406.000	97.039
WYF00010.asd	58	407.000	99.010
WYF00010.asd	59	408.000	100.443
WYF00010.asd	60	409.000	104.520
WYF00010.asd	61	410.000	106.271
WYF00010.asd	62	411.000	109.232
WYF00010.asd	63	412.000	113.184
WYF00010.asd	64	413.000	116.613
WYF00010.asd	65	414.000	121.189
WYF00010.asd	66	415.000	125.136
WYF00010.asd	67	416.000	128.429
WYF00010.asd	68	417.000	132.844
WYF00010.asd	69	418.000	138.194
WYF00010.asd	70	419.000	143.420
WYF00010.asd	71	420.000	147.972
WYF00010.asd	72	421.000	152.517
WYF00010.asd	73	422.000	158.714
WYF00010.asd	74	423.000	165.147
WYF00010.asd	75	424.000	170.010
WYF00010.asd	76	425.000	174.310
WYF00010.asd	77	426.000	180.173
WYF00010.asd	78	427.000	187.549
WYF00010.asd	79	428.000	194.771
WYF00010.asd	80	429.000	200.840
WYF00010.asd	81	430.000	207.761
WYF00010.asd	82	431.000	215.624
WYF00010.asd	83	432.000	221.168
WYF00010.asd	84	433.000	229.486
WYF00010.asd	85	434.000	238.028
WYF00010.asd	86	435.000	244.352
WYF00010.asd	87	436.000	253.001
WYF00010.asd	88	437.000	261.983
WYF00010.asd	89	438.000	270.428
WYF00010.asd	90	439.000	278.343
WYF00010.asd	91	440.000	287.309
WYF00010.asd	92	441.000	296.597
WYF00010.asd	93	442.000	305.885
WYF00010.asd	94	443.000	315.623
WYF00010.asd	95	444.000	326.331
WYF00010.asd	96	445.000	338.451
WYF00010.asd	97	446.000	351.242
WYF00010.asd	98	447.000	360.789
WYF00010.asd	99	448.000	371.238
WYF00010.asd	100	449.000	382.496
WYF00010.asd	101	450.000	392.760
WYF00010.asd	102	451.000	402.494
WYF00010.asd	103	452.000	414.140
WYF00010.asd	104	453.000	426.580
WYF00010.asd	105	454.000	435.057
WYF00010.asd	106	455.000	444.414
WYF00010.asd	107	456.000	453.768
WYF00010.asd	108	457.000	461.912
WYF00010.asd	109	458.000	469.873
WYF00010.asd	110	459.000	476.298
WYF00010.asd	111	460.000	481.857
WYF00010.asd	112	461.000	487.827
WYF00010.asd	113	462.000	493.489
WYF00010.asd	114	463.000	498.738
WYF00010.asd	115	464.000	503.807
WYF00010.asd	116	465.000	509.208
WYF00010.asd	117	466.000	514.712
WYF00010.asd	118	467.000	519.477
WYF00010.asd	119	468.000	523.577
WYF00010.asd	120	469.000	529.712
WYF00010.asd	121	470.000	535.148
WYF00010.asd	122	471.000	539.726
WYF00010.asd	123	472.000	544.610
WYF00010.asd	124	473.000	551.918
WYF00010.asd	125	474.000	558.578
WYF00010.asd	126	475.000	563.967
WYF00010.asd	127	476.000	570.348
WYF00010.asd	128	477.000	577.097
WYF00010.asd	129	478.000	583.079
WYF00010.asd	130	479.000	588.192
WYF00010.asd	131	480.000	595.281
WYF00010.asd	132	481.000	602.664
WYF00010.asd	133	482.000	609.191
WYF00010.asd	134	483.000	614.589
WYF00010.asd	135	484.000	622.416
WYF00010.asd	136	485.000	631.161
WYF00010.asd	137	486.000	640.269
WYF00010.asd	138	487.000	650.702
WYF00010.asd	139	488.000	661.307
WYF00010.asd	140	489.000	672.957
WYF00010.asd	141	490.000	686.482
WYF00010.asd	142	491.000	701.277
WYF00010.asd	143	492.000	717.846
WYF00010.asd	144	493.000	735.971
WYF00010.asd	145	494.000	755.045
WYF00010.asd	146	495.000	774.260
WYF00010.asd	147	496.000	796.895
WYF00010.asd	148	497.000	823.453
WYF00010.asd	149	498.000	850.421
WYF00010.asd	150	499.000	877.213
WYF00010.asd	151	500.000	907.006
WYF00010.asd	152	501.000	941.658
WYF00010.asd	153	502.000	975.178
WYF00010.asd	154	503.000	1012.087
WYF00010.asd	155	504.000	1052.133
WYF00010.asd	156	505.000	1092.622
WYF00010.asd	157	506.000	1137.244
WYF00010.asd	158	507.000	1184.441
WYF00010.asd	159	508.000	1233.566
WYF00010.asd	160	509.000	1286.370
WYF00010.asd	161	510.000	1342.727
WYF00010.asd	162	511.000	1401.488
WYF00010.asd	163	512.000	1462.098
WYF00010.asd	164	513.000	1527.867
WYF00010.asd	165	514.000	1596.177
WYF00010.asd	166	515.000	1666.630
WYF00010.asd	167	516.000	1740.559
WYF00010.asd	168	517.000	1816.710
WYF00010.asd	169	518.000	1896.420
WYF00010.asd	170	519.000	1979.568
WYF00010.asd	171	520.000	2062.505
WYF00010.asd	172	521.000	2145.172
WYF00010.asd	173	522.000	2228.285
WYF00010.asd	174	523.000	2312.506
WYF00010.asd	175	524.000	2396.002
WYF00010.asd	176	525.000	2478.153
WYF00010.asd	177	526.000	2558.943
WYF00010.asd	178	527.000	2638.853
WYF00010.asd	179	528.000	2716.832
WYF00010.asd	180	529.000	2792.238
WYF00010.asd	181	530.000	2865.139
WYF00010.asd	182	531.000	2937.164
WYF00010.asd	183	532.000	3007.232
WYF00010.asd	184	533.000	3075.169
WYF00010.asd	185	534.000	3141.591
WYF00010.asd	186	535.000	3209.357
WYF00010.asd	187	536.000	3275.445
WYF00010.asd	188	537.000	3339.025
WYF00010.asd	189	538.000	3402.937
WYF00010.asd	190	539.000	3466.986
WYF00010.asd	191	540.000	3532.015
WYF00010.asd	192	541.000	3598.393
WYF00010.asd	193	542.000	3664.289
WYF00010.asd	194	543.000	3729.990
WYF00010.asd	195	544.000	3797.204
WYF00010.asd	196	545.000	3868.111
WYF00010.asd	197	546.000	3939.044
WYF00010.asd	198	547.000	4009.063
WYF00010.asd	199	548.000	4079.021
WYF00010.asd	200	549.000	4152.292
WYF00010.asd	201	550.000	4227.583
WYF00010.asd	202	551.000	4302.170
WYF00010.asd	203	552.000	4374.496
WYF00010.asd	204	553.000	4452.154
WYF00010.asd	205	554.000	4528.436
WYF00010.asd	206	555.000	4601.949
WYF00010.asd	207	556.000	4677.063
WYF00010.asd	208	557.000	4748.605
WYF00010.asd	209	558.000	4818.073
WYF00010.asd	210	559.000	4885.470
WYF00010.asd	211	560.000	4943.066
WYF00010.asd	212	561.000	4995.710
WYF00010.asd	213	562.000	5042.852
WYF00010.asd	214	563.000	5081.497
WYF00010.asd	215	564.000	5112.184
WYF00010.asd	216	565.000	5133.606
WYF00010.asd	217	566.000	5144.585
WYF00010.asd	218	567.000	5144.350
WYF00010.asd	219	568.000	5132.851
WYF00010.asd	220	569.000	5109.860
WYF00010.asd	221	570.000	5076.516
WYF00010.asd	222	571.000	5037.914
WYF00010.asd	223	572.000	4997.106
WYF00010.asd	224	573.000	4957.017
WYF00010.asd	225	574.000	4920.739
WYF00010.asd	226	575.000	4895.083
WYF00010.asd	227	576.000	4880.726
WYF00010.asd	228	577.000	4873.377
WYF00010.asd	229	578.000	4861.405
WYF00010.asd	230	579.000	4847.603
WYF00010.asd	231	580.000	4825.832
WYF00010.asd	232	581.000	4790.536
WYF00010.asd	233	582.000	4755.672
WYF00010.asd	234	583.000	4729.477
WYF00010.asd	235	584.000	4713.658
WYF00010.asd	236	585.000	4703.022
WYF00010.asd	237	586.000	4696.324
WYF00010.asd	238	587.000	4688.190
WYF00010.asd	239	588.000	4673.462
WYF00010.asd	240	589.000	4648.980
WYF00010.asd	241	590.000	4624.101
WYF00010.asd	242	591.000	4602.037
WYF00010.asd	243	592.000	4583.105
WYF00010.asd	244	593.000	4578.294
WYF00010.asd	245	594.000	4584.216
WYF00010.asd	246	595.000	4596.022
WYF00010.asd	247	596.000	4609.961
WYF00010.asd	248	597.000	4626.042
WYF00010.asd	249	598.000	4646.305
WYF00010.asd	250	599.000	4671.586
WYF00010.asd	251	600.000	4693.615
WYF00010.asd	252	601.000	4715.650
WYF00010.asd	253	602.000	4738.785
WYF00010.asd	254	603.000	4761.251
WYF00010.asd	255	604.000	4774.402
WYF00010.asd	256	605.000	4780.783
WYF00010.asd	257	606.000	4782.439
WYF00010.asd	258	607.000	4772.949
WYF00010.asd	259	608.000	4762.373
WYF00010.asd	260	609.000	4754.168
WYF00010.asd	261	610.000	4747.316
WYF00010.asd	262	611.000	4734.524
WYF00010.asd	263	612.000	4720.728
WYF00010.asd	264	613.000	4708.375
WYF00010.asd	265	614.000	4694.913
WYF00010.asd	266	615.000	4676.344
WYF00010.asd	267	616.000	4655.356
WYF00010.asd	268	617.000	4635.347
WYF00010.asd	269	618.000	4614.531
WYF00010.asd	270	619.000	4590.887
WYF00010.asd	271	620.000	4566.446
WYF00010.asd	272	621.000	4545.870
WYF00010.asd	273	622.000	4526.304
WYF00010.asd	274	623.000	4506.710
WYF00010.asd	275	624.000	4487.161
WYF00010.asd	276	625.000	4469.280
WYF00010.asd	277	626.000	4454.732
WYF00010.asd	278	627.000	4441.326
WYF00010.asd	279	628.000	4426.054
WYF00010.asd	280	629.000	4411.216
WYF00010.asd	281	630.000	4397.297
WYF00010.asd	282	631.000	4382.652
WYF00010.asd	283	632.000	4363.524
WYF00010.asd	284	633.000	4340.214
WYF00010.asd	285	634.000	4313.135
WYF00010.asd	286	635.000	4281.743
WYF00010.asd	287	636.000	4242.324
WYF00010.asd	288	637.000	4196.942
WYF00010.asd	289	638.000	4145.918
WYF00010.asd	290	639.000	4088.857
WYF00010.asd	291	640.000	4027.817
WYF00010.asd	292	641.000	3961.839
WYF00010.asd	293	642.000	3892.798
WYF00010.asd	294	643.000	3827.751
WYF00010.asd	295	644.000	3759.024
WYF00010.asd	296	645.000	3689.011
WYF00010.asd	297	646.000	3622.675
WYF00010.asd	298	647.000	3561.337
WYF00010.asd	299	648.000	3504.630
WYF00010.asd	300	649.000	3452.637
WYF00010.asd	301	650.000	3406.065
WYF00010.asd	302	651.000	3368.501
WYF00010.asd	303	652.000	3336.751
WYF00010.asd	304	653.000	3307.455
WYF00010.asd	305	654.000	3279.633
WYF00010.asd	306	655.000	3255.508
WYF00010.asd	307	656.000	3231.063
WYF00010.asd	308	657.000	3200.733
WYF00010.asd	309	658.000	3167.223
WYF00010.asd	310	659.000	3130.525
WYF00010.asd	311	660.000	3090.927
WYF00010.asd	312	661.000	3049.238
WYF00010.asd	313	662.000	3008.203
WYF00010.asd	314	663.000	2966.145
WYF00010.asd	315	664.000	2922.814
WYF00010.asd	316	665.000	2885.408
WYF00010.asd	317	666.000	2852.938
WYF00010.asd	318	667.000	2824.986
WYF00010.asd	319	668.000	2801.462
WYF00010.asd	320	669.000	2782.809
WYF00010.asd	321	670.000	2772.056
WYF00010.asd	322	671.000	2768.631
WYF00010.asd	323	672.000	2765.801
WYF00010.asd	324	673.000	2771.031
WYF00010.asd	325	674.000	2783.277
WYF00010.asd	326	675.000	2799.933
WYF00010.asd	327	676.000	2823.227
WYF00010.asd	328	677.000	2852.384
WYF00010.asd	329	678.000	2887.117
WYF00010.asd	330	679.000	2927.853
WYF00010.asd	331	680.000	2977.427
WYF00010.asd	332	681.000	3038.229
WYF00010.asd	333	682.000	3112.479
WYF00010.asd	334	683.000	3201.878
WYF00010.asd	335	684.000	3311.439
WYF00010.asd	336	685.000	3442.409
WYF00010.asd	337	686.000	3595.315
WYF00010.asd	338	687.000	3775.328
WYF00010.asd	339	688.000	3984.185
WYF00010.asd	340	689.000	4222.548
WYF00010.asd	341	690.000	4490.206
WYF00010.asd	342	691.000	4788.648
WYF00010.asd	343	692.000	5113.457
WYF00010.asd	344	693.000	5460.352
WYF00010.asd	345	694.000	5828.361
WYF00010.asd	346	695.000	6220.115
WYF00010.asd	347	696.000	6633.534
WYF00010.asd	348	697.000	7064.982
WYF00010.asd	349	698.000	7517.384
WYF00010.asd	350	699.000	7985.450
WYF00010.asd	351	700.000	8469.453
WYF00010.asd	352	701.000	8976.968
WYF00010.asd	353	702.000	9497.850
WYF00010.asd	354	703.000	10030.118
WYF00010.asd	355	704.000	10573.566
WYF00010.asd	356	705.000	11126.483
WYF00010.asd	357	706.000	11692.563
WYF00010.asd	358	707.000	12270.441
WYF00010.asd	359	708.000	12856.783
WYF00010.asd	360	709.000	13457.883
WYF00010.asd	361	710.000	14067.546
WYF00010.asd	362	711.000	14684.236
WYF00010.asd	363	712.000	15314.792
WYF00010.asd	364	713.000	15951.080
WYF00010.asd	365	714.000	16598.564
WYF00010.asd	366	715.000	17261.812
WYF00010.asd	367	716.000	17930.163
WYF00010.asd	368	717.000	18603.643
WYF00010.asd	369	718.000	19283.574
WYF00010.asd	370	719.000	19971.904
WYF00010.asd	371	720.000	20668.269
WYF00010.asd	372	721.000	21364.081
WYF00010.asd	373	722.000	22058.109
WYF00010.asd	374	723.000	22762.021
WYF00010.asd	375	724.000	23458.411
WYF00010.asd	376	725.000	24148.430
WYF00010.asd	377	726.000	24836.093
WYF00010.asd	378	727.000	25513.774
WYF00010.asd	379	728.000	26192.856
WYF00010.asd	380	729.000	26870.013
WYF00010.asd	381	730.000	27531.618
WYF00010.asd	382	731.000	28170.399
WYF00010.asd	383	732.000	28795.508
WYF00010.asd	384	733.000	29409.107
WYF00010.asd	385	734.000	29998.195
WYF00010.asd	386	735.000	30585.438
WYF00010.asd	387	736.000	31158.129
WYF00010.asd	388	737.000	31698.794
WYF00010.asd	389	738.000	32210.952
WYF00010.asd	390	739.000	32717.279
WYF00010.asd	391	740.000	33209.737
WYF00010.asd	392	741.000	33663.793
WYF00010.asd	393	742.000	34108.979
WYF00010.asd	394	743.000	34533.884
WYF00010.asd	395	744.000	34934.184
WYF00010.asd	396	745.000	35323.807
WYF00010.asd	397	746.000	35688.187
WYF00010.asd	398	747.000	36038.017
WYF00010.asd	399	748.000	36384.922
WYF00010.asd	400	749.000	36719.323
WYF00010.asd	401	750.000	37042.587
WYF00010.asd	402	751.000	37348.507
WYF00010.asd	403	752.000	37629.098
WYF00010.asd	404	753.000	37899.047
WYF00010.asd	405	754.000	38160.626
WYF00010.asd	406	755.000	38407.802
WYF00010.asd	407	756.000	38625.886
WYF00010.asd	408	757.000	38841.332
WYF00010.asd	409	758.000	39051.089
WYF00010.asd	410	759.000	39246.995
WYF00010.asd	411	760.000	39429.212
WYF00010.asd	412	761.000	39602.177
WYF00010.asd	413	762.000	39769.866
WYF00010.asd	414	763.000	39932.333
WYF00010.asd	415	764.000	40068.172
WYF00010.asd	416	765.000	40189.035
WYF00010.asd	417	766.000	40304.234
WYF00010.asd	418	767.000	40416.711
WYF00010.asd	419	768.000	40528.363
WYF00010.asd	420	769.000	40631.704
WYF00010.asd	421	770.000	40722.797
WYF00010.asd	422	771.000	40811.901
WYF00010.asd	423	772.000	40886.630
WYF00010.asd	424	773.000	40951.751
WYF00010.asd	425	774.000	41016.777
WYF00010.asd	426	775.000	41078.807
WYF00010.asd	427	776.000	41127.471
WYF00010.asd	428	777.000	41167.028
WYF00010.asd	429	778.000	41212.465
WYF00010.asd	430	779.000	41244.000
WYF00010.asd	431	780.000	41266.172
WYF00010.asd	432	781.000	41282.913
WYF00010.asd	433	782.000	41289.658
WYF00010.asd	434	783.000	41302.502
WYF00010.asd	435	784.000	41310.812
WYF00010.asd	436	785.000	41302.271
WYF00010.asd	437	786.000	41289.592
WYF00010.asd	438	787.000	41270.303
WYF00010.asd	439	788.000	41243.989
WYF00010.asd	440	789.000	41209.582
WYF00010.asd	441	790.000	41151.557
WYF00010.asd	442	791.000	41087.426
WYF00010.asd	443	792.000	41028.879
WYF00010.asd	444	793.000	40975.798
WYF00010.asd	445	794.000	40915.031
WYF00010.asd	446	795.000	40847.722
WYF00010.asd	447	796.000	40779.565
WYF00010.asd	448	797.000	40722.814
WYF00010.asd	449	798.000	40628.541
WYF00010.asd	450	799.000	40517.324
WYF00010.asd	451	800.000	40424.167
WYF00010.asd	452	801.000	40316.415
WYF00010.asd	453	802.000	40222.843
WYF00010.asd	454	803.000	40146.676
WYF00010.asd	455	804.000	40069.934
WYF00010.asd	456	805.000	39983.630
WYF00010.asd	457	806.000	39875.615
WYF00010.asd	458	807.000	39751.560
WYF00010.asd	459	808.000	39639.642
WYF00010.asd	460	809.000	39509.644
WYF00010.asd	461	810.000	39384.858
WYF00010.asd	462	811.000	39277.543
WYF00010.asd	463	812.000	39138.484
WYF00010.asd	464	813.000	39005.400
WYF00010.asd	465	814.000	38876.296
WYF00010.asd	466	815.000	38738.766
WYF00010.asd	467	816.000	38607.615
WYF00010.asd	468	817.000	38481.761
WYF00010.asd	469	818.000	38356.380
WYF00010.asd	470	819.000	38225.422
WYF00010.asd	471	820.000	38094.921
WYF00010.asd	472	821.000	37956.944
WYF00010.asd	473	822.000	37809.134
WYF00010.asd	474	823.000	37658.543
WYF00010.asd	475	824.000	37520.981
WYF00010.asd	476	825.000	37370.544
WYF00010.asd	477	826.000	37193.588
WYF00010.asd	478	827.000	37025.681
WYF00010.asd	479	828.000	36859.808
WYF00010.asd	480	829.000	36694.975
WYF00010.asd	481	830.000	36527.715
WYF00010.asd	482	831.000	36339.648
WYF00010.asd	483	832.000	36158.728
WYF00010.asd	484	833.000	35986.416
WYF00010.asd	485	834.000	35808.565
WYF00010.asd	486	835.000	35630.136
WYF00010.asd	487	836.000	35454.176
WYF00010.asd	488	837.000	35280.318
WYF00010.asd	489	838.000	35104.490
WYF00010.asd	490	839.000	34918.009
WYF00010.asd	491	840.000	34738.748
WYF00010.asd	492	841.000	34568.827
WYF00010.asd	493	842.000	34377.242
WYF00010.asd	494	843.000	34200.999
WYF00010.asd	495	844.000	34026.772
WYF00010.asd	496	845.000	33842.137
WYF00010.asd	497	846.000	33676.381
WYF00010.asd	498	847.000	33498.287
WYF00010.asd	499	848.000	33311.642
WYF00010.asd	500	849.000	33133.388
WYF00010.asd	501	850.000	32972.750
WYF00010.asd	502	851.000	32802.835
WYF00010.asd	503	852.000	32617.276
WYF00010.asd	504	853.000	32426.349
WYF00010.asd	505	854.000	32246.527
WYF00010.asd	506	855.000	32063.523
WYF00010.asd	507	856.000	31876.713
WYF00010.asd	508	857.000	31699.822
WYF00010.asd	509	858.000	31513.494
WYF00010.asd	510	859.000	31326.951
WYF00010.asd	511	860.000	31144.461
WYF00010.asd	512	861.000	30956.568
WYF00010.asd	513	862.000	30768.339
WYF00010.asd	514	863.000	30582.228
WYF00010.asd	515	864.000	30395.901
WYF00010.asd	516	865.000	30197.055
WYF00010.asd	517	866.000	30005.096
WYF00010.asd	518	867.000	29824.237
WYF00010.asd	519	868.000	29647.371
WYF00010.asd	520	869.000	29449.504
WYF00010.asd	521	870.000	29247.004
WYF00010.asd	522	871.000	29051.302
WYF00010.asd	523	872.000	28864.837
WYF00010.asd	524	873.000	28661.505
WYF00010.asd	525	874.000	28462.613
WYF00010.asd	526	875.000	28272.666
WYF00010.asd	527	876.000	28082.527
WYF00010.asd	528	877.000	27881.096
WYF00010.asd	529	878.000	27687.120
WYF00010.asd	530	879.000	27501.032
WYF00010.asd	531	880.000	27305.425
WYF00010.asd	532	881.000	27103.296
WYF00010.asd	533	882.000	26901.143
WYF00010.asd	534	883.000	26705.655
WYF00010.asd	535	884.000	26520.957
WYF00010.asd	536	885.000	26320.267
WYF00010.asd	537	886.000	26116.398
WYF00010.asd	538	887.000	25919.331
WYF00010.asd	539	888.000	25721.541
WYF00010.asd	540	889.000	25520.952
WYF00010.asd	541	890.000	25315.322
WYF00010.asd	542	891.000	25107.367
WYF00010.asd	543	892.000	24909.563
WYF00010.asd	544	893.000	24709.105
WYF00010.asd	545	894.000	24513.696
WYF00010.asd	546	895.000	24329.188
WYF00010.asd	547	896.000	24139.637
WYF00010.asd	548	897.000	23948.734
WYF00010.asd	549	898.000	23751.100
WYF00010.asd	550	899.000	23545.103
WYF00010.asd	551	900.000	23351.241
WYF00010.asd	552	901.000	23160.961
WYF00010.asd	553	902.000	22974.707
WYF00010.asd	554	903.000	22793.700
WYF00010.asd	555	904.000	22605.037
WYF00010.asd	556	905.000	22413.468
WYF00010.asd	557	906.000	22222.408
WYF00010.asd	558	907.000	22032.201
WYF00010.asd	559	908.000	21833.928
WYF00010.asd	560	909.000	21632.661
WYF00010.asd	561	910.000	21431.758
WYF00010.asd	562	911.000	21232.353
WYF00010.asd	563	912.000	21033.235
WYF00010.asd	564	913.000	20838.542
WYF00010.asd	565	914.000	20642.504
WYF00010.asd	566	915.000	20435.650
WYF00010.asd	567	916.000	20240.530
WYF00010.asd	568	917.000	20039.849
WYF00010.asd	569	918.000	19836.354
WYF00010.asd	570	919.000	19649.007
WYF00010.asd	571	920.000	19450.545
WYF00010.asd	572	921.000	19248.472
WYF00010.asd	573	922.000	19047.182
WYF00010.asd	574	923.000	18844.081
WYF00010.asd	575	924.000	18640.900
WYF00010.asd	576	925.000	18432.790
WYF00010.asd	577	926.000	18222.955
WYF00010.asd	578	927.000	18021.728
WYF00010.asd	579	928.000	17813.920
WYF00010.asd	580	929.000	17601.133
WYF00010.asd	581	930.000	17386.717
WYF00010.asd	582	931.000	17173.346
WYF00010.asd	583	932.000	16969.045
WYF00010.asd	584	933.000	16764.163
WYF00010.asd	585	934.000	16556.075
WYF00010.asd	586	935.000	16353.054
WYF00010.asd	587	936.000	16148.059
WYF00010.asd	588	937.000	15943.778
WYF00010.asd	589	938.000	15743.847
WYF00010.asd	590	939.000	15550.374
WYF00010.asd	591	940.000	15358.387
WYF00010.asd	592	941.000	15162.797
WYF00010.asd	593	942.000	14964.430
WYF00010.asd	594	943.000	14770.310
WYF00010.asd	595	944.000	14576.230
WYF00010.asd	596	945.000	14381.293
WYF00010.asd	597	946.000	14188.050
WYF00010.asd	598	947.000	14001.567
WYF00010.asd	599	948.000	13817.377
WYF00010.asd	600	949.000	13627.872
WYF00010.asd	601	950.000	13437.353
WYF00010.asd	602	951.000	13260.602
WYF00010.asd	603	952.000	13074.230
WYF00010.asd	604	953.000	12889.979
WYF00010.asd	605	954.000	12709.763
WYF00010.asd	606	955.000	12522.328
WYF00010.asd	607	956.000	12345.248
WYF00010.asd	608	957.000	12174.032
WYF00010.asd	609	958.000	12005.411
WYF00010.asd	610	959.000	11839.951
WYF00010.asd	611	960.000	11674.288
WYF00010.asd	612	961.000	11512.104
WYF00010.asd	613	962.000	11352.635
WYF00010.asd	614	963.000	11191.716
WYF00010.asd	615	964.000	11034.196
WYF00010.asd	616	965.000	10878.904
WYF00010.asd	617	966.000	10726.705
WYF00010.asd	618	967.000	10579.265
WYF00010.asd	619	968.000	10431.335
WYF00010.asd	620	969.000	10287.380
WYF00010.asd	621	970.000	10143.804
WYF00010.asd	622	971.000	9995.265
WYF00010.asd	623	972.000	9856.131
WYF00010.asd	624	973.000	9716.185
WYF00010.asd	625	974.000	9573.647
WYF00010.asd	626	975.000	9432.264
WYF00010.asd	627	976.000	9294.829
WYF00010.asd	628	977.000	9158.620
WYF00010.asd	629	978.000	9020.779
WYF00010.asd	630	979.000	8881.669
WYF00010.asd	631	980.000	8751.532
WYF00010.asd	632	981.000	8619.766
WYF00010.asd	633	982.000	8486.178
WYF00010.asd	634	983.000	8354.387
WYF00010.asd	635	984.000	8227.325
WYF00010.asd	636	985.000	8099.573
WYF00010.asd	637	986.000	7972.413
WYF00010.asd	638	987.000	7846.651
WYF00010.asd	639	988.000	7718.685
WYF00010.asd	640	989.000	7594.086
WYF00010.asd	641	990.000	7470.982
WYF00010.asd	642	991.000	7347.784
WYF00010.asd	643	992.000	7225.658
WYF00010.asd	644	993.000	7103.206
WYF00010.asd	645	994.000	6982.716
WYF00010.asd	646	995.000	6865.520
WYF00010.asd	647	996.000	6750.495
WYF00010.asd	648	997.000	6630.831
WYF00010.asd	649	998.000	6513.278
WYF00010.asd	650	999.000	6399.521
WYF00010.asd	651	1000.000	6286.369
WYF00010.asd	652	1001.000	6848.651
WYF00010.asd	653	1002.000	6898.710
WYF00010.asd	654	1003.000	6948.048
WYF00010.asd	655	1004.000	6998.453
WYF00010.asd	656	1005.000	7050.281
WYF00010.asd	657	1006.000	7100.530
WYF00010.asd	658	1007.000	7150.711
WYF00010.asd	659	1008.000	7201.413
WYF00010.asd	660	1009.000	7250.352
WYF00010.asd	661	1010.000	7301.795
WYF00010.asd	662	1011.000	7356.026
WYF00010.asd	663	1012.000	7408.401
WYF00010.asd	664	1013.000	7466.700
WYF00010.asd	665	1014.000	7525.450
WYF00010.asd	666	1015.000	7582.668
WYF00010.asd	667	1016.000	7644.166
WYF00010.asd	668	1017.000	7703.699
WYF00010.asd	669	1018.000	7761.044
WYF00010.asd	670	1019.000	7821.821
WYF00010.asd	671	1020.000	7883.139
WYF00010.asd	672	1021.000	7946.560
WYF00010.asd	673	1022.000	8014.168
WYF00010.asd	674	1023.000	8079.189
WYF00010.asd	675	1024.000	8144.210
WYF00010.asd	676	1025.000	8210.270
WYF00010.asd	677	1026.000	8272.801
WYF00010.asd	678	1027.000	8336.527
WYF00010.asd	679	1028.000	8402.492
WYF00010.asd	680	1029.000	8465.450
WYF00010.asd	681	1030.000	8529.432
WYF00010.asd	682	1031.000	8592.956
WYF00010.asd	683	1032.000	8654.523
WYF00010.asd	684	1033.000	8714.763
WYF00010.asd	685	1034.000	8773.536
WYF00010.asd	686	1035.000	8830.891
WYF00010.asd	687	1036.000	8887.706
WYF00010.asd	688	1037.000	8943.244
WYF00010.asd	689	1038.000	8996.185
WYF00010.asd	690	1039.000	9051.311
WYF00010.asd	691	1040.000	9103.347
WYF00010.asd	692	1041.000	9152.408
WYF00010.asd	693	1042.000	9201.825
WYF00010.asd	694	1043.000	9246.762
WYF00010.asd	695	1044.000	9290.558
WYF00010.asd	696	1045.000	9334.406
WYF00010.asd	697	1046.000	9376.030
WYF00010.asd	698	1047.000	9418.971
WYF00010.asd	699	1048.000	9461.044
WYF00010.asd	700	1049.000	9501.251
WYF00010.asd	701	1050.000	9539.772
WYF00010.asd	702	1051.000	9577.626
WYF00010.asd	703	1052.000	9613.721
WYF00010.asd	704	1053.000	9649.961
WYF00010.asd	705	1054.000	9686.010
WYF00010.asd	706	1055.000	9721.672
WYF00010.asd	707	1056.000	9759.592
WYF00010.asd	708	1057.000	9796.868
WYF00010.asd	709	1058.000	9832.983
WYF00010.asd	710	1059.000	9871.339
WYF00010.asd	711	1060.000	9908.742
WYF00010.asd	712	1061.000	9947.173
WYF00010.asd	713	1062.000	9988.208
WYF00010.asd	714	1063.000	10028.322
WYF00010.asd	715	1064.000	10071.231
WYF00010.asd	716	1065.000	10116.572
WYF00010.asd	717	1066.000	10162.529
WYF00010.asd	718	1067.000	10208.380
WYF00010.asd	719	1068.000	10257.166
WYF00010.asd	720	1069.000	10305.857
WYF00010.asd	721	1070.000	10358.606
WYF00010.asd	722	1071.000	10415.224
WYF00010.asd	723	1072.000	10473.342
WYF00010.asd	724	1073.000	10537.623
WYF00010.asd	725	1074.000	10603.293
WYF00010.asd	726	1075.000	10668.869
WYF00010.asd	727	1076.000	10738.988
WYF00010.asd	728	1077.000	10809.243
WYF00010.asd	729	1078.000	10883.173
WYF00010.asd	730	1079.000	10962.052
WYF00010.asd	731	1080.000	11045.504
WYF00010.asd	732	1081.000	11130.643
WYF00010.asd	733	1082.000	11222.979
WYF00010.asd	734	1083.000	11317.863
WYF00010.asd	735	1084.000	11412.580
WYF00010.asd	736	1085.000	11512.920
WYF00010.asd	737	1086.000	11613.220
WYF00010.asd	738	1087.000	11717.248
WYF00010.asd	739	1088.000	11826.492
WYF00010.asd	740	1089.000	11935.725
WYF00010.asd	741	1090.000	12053.394
WYF00010.asd	742	1091.000	12173.108
WYF00010.asd	743	1092.000	12291.493
WYF00010.asd	744	1093.000	12415.474
WYF00010.asd	745	1094.000	12534.260
WYF00010.asd	746	1095.000	12655.374
WYF00010.asd	747	1096.000	12776.252
WYF00010.asd	748	1097.000	12900.039
WYF00010.asd	749	1098.000	13019.925
WYF00010.asd	750	1099.000	13147.760
WYF00010.asd	751	1100.000	13273.553
WYF00010.asd	752	1101.000	13394.524
WYF00010.asd	753	1102.000	13519.790
WYF00010.asd	754	1103.000	13638.192
WYF00010.asd	755	1104.000	13755.755
WYF00010.asd	756	1105.000	13874.427
WYF00010.asd	757	1106.000	13986.489
WYF00010.asd	758	1107.000	14102.130
WYF00010.asd	759	1108.000	14215.930
WYF00010.asd	760	1109.000	14322.943
WYF00010.asd	761	1110.000	14428.526
WYF00010.asd	762	1111.000	14532.941
WYF00010.asd	763	1112.000	14633.142
WYF00010.asd	764	1113.000	14729.211
WYF00010.asd	765	1114.000	14824.239
WYF00010.asd	766	1115.000	14914.275
WYF00010.asd	767	1116.000	15004.929
WYF00010.asd	768	1117.000	15090.370
WYF00010.asd	769	1118.000	15170.854
WYF00010.asd	770	1119.000	15251.682
WYF00010.asd	771	1120.000	15325.090
WYF00010.asd	772	1121.000	15396.679
WYF00010.asd	773	1122.000	15468.189
WYF00010.asd	774	1123.000	15533.700
WYF00010.asd	775	1124.000	15601.436
WYF00010.asd	776	1125.000	15667.758
WYF00010.asd	777	1126.000	15727.873
WYF00010.asd	778	1127.000	15784.835
WYF00010.asd	779	1128.000	15840.238
WYF00010.asd	780	1129.000	15889.004
WYF00010.asd	781	1130.000	15931.985
WYF00010.asd	782	1131.000	15972.531
WYF00010.asd	783	1132.000	16006.503
WYF00010.asd	784	1133.000	16038.034
WYF00010.asd	785	1134.000	16064.637
WYF00010.asd	786	1135.000	16086.032
WYF00010.asd	787	1136.000	16105.149
WYF00010.asd	788	1137.000	16119.885
WYF00010.asd	789	1138.000	16131.955
WYF00010.asd	790	1139.000	16140.790
WYF00010.asd	791	1140.000	16145.433
WYF00010.asd	792	1141.000	16149.476
WYF00010.asd	793	1142.000	16151.103
WYF00010.asd	794	1143.000	16148.027
WYF00010.asd	795	1144.000	16146.481
WYF00010.asd	796	1145.000	16143.218
WYF00010.asd	797	1146.000	16141.447
WYF00010.asd	798	1147.000	16138.783
WYF00010.asd	799	1148.000	16139.215
WYF00010.asd	800	1149.000	16142.104
WYF00010.asd	801	1150.000	16148.693
WYF00010.asd	802	1151.000	16159.630
WYF00010.asd	803	1152.000	16173.513
WYF00010.asd	804	1153.000	16191.436
WYF00010.asd	805	1154.000	16213.072
WYF00010.asd	806	1155.000	16239.708
WYF00010.asd	807	1156.000	16271.546
WYF00010.asd	808	1157.000	16306.784
WYF00010.asd	809	1158.000	16346.455
WYF00010.asd	810	1159.000	16389.135
WYF00010.asd	811	1160.000	16436.221
WYF00010.asd	812	1161.000	16483.892
WYF00010.asd	813	1162.000	16534.586
WYF00010.asd	814	1163.000	16586.166
WYF00010.asd	815	1164.000	16639.183
WYF00010.asd	816	1165.000	16694.069
WYF00010.asd	817	1166.000	16748.052
WYF00010.asd	818	1167.000	16806.292
WYF00010.asd	819	1168.000	16865.659
WYF00010.asd	820	1169.000	16923.195
WYF00010.asd	821	1170.000	16982.522
WYF00010.asd	822	1171.000	17039.541
WYF00010.asd	823	1172.000	17094.274
WYF00010.asd	824	1173.000	17149.220
WYF00010.asd	825	1174.000	17202.451
WYF00010.asd	826	1175.000	17256.868
WYF00010.asd	827	1176.000	17309.834
WYF00010.asd	828	1177.000	17362.163
WYF00010.asd	829	1178.000	17412.167
WYF00010.asd	830	1179.000	17461.334
WYF00010.asd	831	1180.000	17508.100
WYF00010.asd	832	1181.000	17552.745
WYF00010.asd	833	1182.000	17595.900
WYF00010.asd	834	1183.000	17636.692
WYF00010.asd	835	1184.000	17677.561
WYF00010.asd	836	1185.000	17717.040
WYF00010.asd	837	1186.000	17755.530
WYF00010.asd	838	1187.000	17795.176
WYF00010.asd	839	1188.000	17834.202
WYF00010.asd	840	1189.000	17873.613
WYF00010.asd	841	1190.000	17913.157
WYF00010.asd	842	1191.000	17951.323
WYF00010.asd	843	1192.000	17991.444
WYF00010.asd	844	1193.000	18030.976
WYF00010.asd	845	1194.000	18070.644
WYF00010.asd	846	1195.000	18109.185
WYF00010.asd	847	1196.000	18146.797
WYF00010.asd	848	1197.000	18184.901
WYF00010.asd	849	1198.000	18223.021
WYF00010.asd	850	1199.000	18260.372
WYF00010.asd	851	1200.000	18297.637
WYF00010.asd	852	1201.000	18335.900
WYF00010.asd	853	1202.000	18374.062
WYF00010.asd	854	1203.000	18411.106
WYF00010.asd	855	1204.000	18450.245
WYF00010.asd	856	1205.000	18487.761
WYF00010.asd	857	1206.000	18524.793
WYF00010.asd	858	1207.000	18561.951
WYF00010.asd	859	1208.000	18597.410
WYF00010.asd	860	1209.000	18635.070
WYF00010.asd	861	1210.000	18672.344
WYF00010.asd	862	1211.000	18709.439
WYF00010.asd	863	1212.000	18745.828
WYF00010.asd	864	1213.000	18781.814
WYF00010.asd	865	1214.000	18818.637
WYF00010.asd	866	1215.000	18855.680
WYF00010.asd	867	1216.000	18892.232
WYF00010.asd	868	1217.000	18929.745
WYF00010.asd	869	1218.000	18966.929
WYF00010.asd	870	1219.000	19002.869
WYF00010.asd	871	1220.000	19038.783
WYF00010.asd	872	1221.000	19075.843
WYF00010.asd	873	1222.000	19111.406
WYF00010.asd	874	1223.000	19145.553
WYF00010.asd	875	1224.000	19179.294
WYF00010.asd	876	1225.000	19210.521
WYF00010.asd	877	1226.000	19241.661
WYF00010.asd	878	1227.000	19272.545
WYF00010.asd	879	1228.000	19300.760
WYF00010.asd	880	1229.000	19328.087
WYF00010.asd	881	1230.000	19354.260
WYF00010.asd	882	1231.000	19379.993
WYF00010.asd	883	1232.000	19404.788
WYF00010.asd	884	1233.000	19428.104
WYF00010.asd	885	1234.000	19449.725
WYF00010.asd	886	1235.000	19472.601
WYF00010.asd	887	1236.000	19494.026
WYF00010.asd	888	1237.000	19516.195
WYF00010.asd	889	1238.000	19540.490
WYF00010.asd	890	1239.000	19562.949
WYF00010.asd	891	1240.000	19583.570
WYF00010.asd	892	1241.000	19605.198
WYF00010.asd	893	1242.000	19626.182
WYF00010.asd	894	1243.000	19648.547
WYF00010.asd	895	1244.000	19672.467
WYF00010.asd	896	1245.000	19695.145
WYF00010.asd	897	1246.000	19717.845
WYF00010.asd	898	1247.000	19739.995
WYF00010.asd	899	1248.000	19760.869
WYF00010.asd	900	1249.000	19780.901
WYF00010.asd	901	1250.000	19799.541
WYF00010.asd	902	1251.000	19817.122
WYF00010.asd	903	1252.000	19833.771
WYF00010.asd	904	1253.000	19849.719
WYF00010.asd	905	1254.000	19863.109
WYF00010.asd	906	1255.000	19875.860
WYF00010.asd	907	1256.000	19885.572
WYF00010.asd	908	1257.000	19892.082
WYF00010.asd	909	1258.000	19897.489
WYF00010.asd	910	1259.000	19901.419
WYF00010.asd	911	1260.000	19903.029
WYF00010.asd	912	1261.000	19901.844
WYF00010.asd	913	1262.000	19900.214
WYF00010.asd	914	1263.000	19896.306
WYF00010.asd	915	1264.000	19891.904
WYF00010.asd	916	1265.000	19888.484
WYF00010.asd	917	1266.000	19884.745
WYF00010.asd	918	1267.000	19879.655
WYF00010.asd	919	1268.000	19873.174
WYF00010.asd	920	1269.000	19866.964
WYF00010.asd	921	1270.000	19859.350
WYF00010.asd	922	1271.000	19852.157
WYF00010.asd	923	1272.000	19845.107
WYF00010.asd	924	1273.000	19838.597
WYF00010.asd	925	1274.000	19831.206
WYF00010.asd	926	1275.000	19825.292
WYF00010.asd	927	1276.000	19821.219
WYF00010.asd	928	1277.000	19816.030
WYF00010.asd	929	1278.000	19811.002
WYF00010.asd	930	1279.000	19805.776
WYF00010.asd	931	1280.000	19800.002
WYF00010.asd	932	1281.000	19794.563
WYF00010.asd	933	1282.000	19789.160
WYF00010.asd	934	1283.000	19783.805
WYF00010.asd	935	1284.000	19778.203
WYF00010.asd	936	1285.000	19773.438
WYF00010.asd	937	1286.000	19769.338
WYF00010.asd	938	1287.000	19764.038
WYF00010.asd	939	1288.000	19758.586
WYF00010.asd	940	1289.000	19754.149
WYF00010.asd	941	1290.000	19749.197
WYF00010.asd	942	1291.000	19743.989
WYF00010.asd	943	1292.000	19738.731
WYF00010.asd	944	1293.000	19733.469
WYF00010.asd	945	1294.000	19728.040
WYF00010.asd	946	1295.000	19722.574
WYF00010.asd	947	1296.000	19716.627
WYF00010.asd	948	1297.000	19710.365
WYF00010.asd	949	1298.000	19704.503
WYF00010.asd	950	1299.000	19698.727
WYF00010.asd	951	1300.000	19691.980
WYF00010.asd	952	1301.000	19684.755
WYF00010.asd	953	1302.000	19678.047
WYF00010.asd	954	1303.000	19671.178
WYF00010.asd	955	1304.000	19663.770
WYF00010.asd	956	1305.000	19657.072
WYF00010.asd	957	1306.000	19649.470
WYF00010.asd	958	1307.000	19640.910
WYF00010.asd	959	1308.000	19631.741
WYF00010.asd	960	1309.000	19622.238
WYF00010.asd	961	1310.000	19611.555
WYF00010.asd	962	1311.000	19599.615
WYF00010.asd	963	1312.000	19587.940
WYF00010.asd	964	1313.000	19576.543
WYF00010.asd	965	1314.000	19566.145
WYF00010.asd	966	1315.000	19552.986
WYF00010.asd	967	1316.000	19538.719
WYF00010.asd	968	1317.000	19524.375
WYF00010.asd	969	1318.000	19508.617
WYF00010.asd	970	1319.000	19492.263
WYF00010.asd	971	1320.000	19476.550
WYF00010.asd	972	1321.000	19458.981
WYF00010.asd	973	1322.000	19439.174
WYF00010.asd	974	1323.000	19419.581
WYF00010.asd	975	1324.000	19399.379
WYF00010.asd	976	1325.000	19378.793
WYF00010.asd	977	1326.000	19357.964
WYF00010.asd	978	1327.000	19335.953
WYF00010.asd	979	1328.000	19313.250
WYF00010.asd	980	1329.000	19290.089
WYF00010.asd	981	1330.000	19266.117
WYF00010.asd	982	1331.000	19241.436
WYF00010.asd	983	1332.000	19216.053
WYF00010.asd	984	1333.000	19190.229
WYF00010.asd	985	1334.000	19164.754
WYF00010.asd	986	1335.000	19137.813
WYF00010.asd	987	1336.000	19111.486
WYF00010.asd	988	1337.000	19085.920
WYF00010.asd	989	1338.000	19058.621
WYF00010.asd	990	1339.000	19031.372
WYF00010.asd	991	1340.000	19001.209
WYF00010.asd	992	1341.000	18969.146
WYF00010.asd	993	1342.000	18936.808
WYF00010.asd	994	1343.000	18903.595
WYF00010.asd	995	1344.000	18867.275
WYF00010.asd	996	1345.000	18831.202
WYF00010.asd	997	1346.000	18789.981
WYF00010.asd	998	1347.000	18745.855
WYF00010.asd	999	1348.000	18696.829
WYF00010.asd	1000	1349.000	18643.241
WYF00010.asd	1001	1350.000	18587.202
WYF00010.asd	1002	1351.000	18527.564
WYF00010.asd	1003	1352.000	18463.514
WYF00010.asd	1004	1353.000	18395.720
WYF00010.asd	1005	1354.000	18325.511
WYF00010.asd	1006	1355.000	18248.592
WYF00010.asd	1007	1356.000	18173.167
WYF00010.asd	1008	1357.000	18092.618
WYF00010.asd	1009	1358.000	18018.166
WYF00010.asd	1010	1359.000	17945.387
WYF00010.asd	1011	1360.000	17873.525
WYF00010.asd	1012	1361.000	17809.849
WYF00010.asd	1013	1362.000	17755.900
WYF00010.asd	1014	1363.000	17710.682
WYF00010.asd	1015	1364.000	17674.726
WYF00010.asd	1016	1365.000	17643.802
WYF00010.asd	1017	1366.000	17624.540
WYF00010.asd	1018	1367.000	17601.655
WYF00010.asd	1019	1368.000	17586.410
WYF00010.asd	1020	1369.000	17561.263
WYF00010.asd	1021	1370.000	17539.464
WYF00010.asd	1022	1371.000	17501.936
WYF00010.asd	1023	1372.000	17465.995
WYF00010.asd	1024	1373.000	17399.854
WYF00010.asd	1025	1374.000	17323.770
WYF00010.asd	1026	1375.000	17215.846
WYF00010.asd	1027	1376.000	17082.899
WYF00010.asd	1028	1377.000	16923.901
WYF00010.asd	1029	1378.000	16728.684
WYF00010.asd	1030	1379.000	16529.682
WYF00010.asd	1031	1380.000	16299.570
WYF00010.asd	1032	1381.000	16076.849
WYF00010.asd	1033	1382.000	15839.799
WYF00010.asd	1034	1383.000	15616.491
WYF00010.asd	1035	1384.000	15402.700
WYF00010.asd	1036	1385.000	15182.243
WYF00010.asd	1037	1386.000	14966.174
WYF00010.asd	1038	1387.000	14752.264
WYF00010.asd	1039	1388.000	14523.714
WYF00010.asd	1040	1389.000	14292.631
WYF00010.asd	1041	1390.000	14042.905
WYF00010.asd	1042	1391.000	13783.265
WYF00010.asd	1043	1392.000	13516.847
WYF00010.asd	1044	1393.000	13230.638
WYF00010.asd	1045	1394.000	12953.376
WYF00010.asd	1046	1395.000	12669.966
WYF00010.asd	1047	1396.000	12401.802
WYF00010.asd	1048	1397.000	12134.602
WYF00010.asd	1049	1398.000	11879.407
WYF00010.asd	1050	1399.000	11633.666
WYF00010.asd	1051	1400.000	11399.219
WYF00010.asd	1052	1401.000	11170.656
WYF00010.asd	1053	1402.000	10954.980
WYF00010.asd	1054	1403.000	10753.153
WYF00010.asd	1055	1404.000	10561.564
WYF00010.asd	1056	1405.000	10378.369
WYF00010.asd	1057	1406.000	10208.566
WYF00010.asd	1058	1407.000	10051.987
WYF00010.asd	1059	1408.000	9906.094
WYF00010.asd	1060	1409.000	9771.658
WYF00010.asd	1061	1410.000	9647.558
WYF00010.asd	1062	1411.000	9535.838
WYF00010.asd	1063	1412.000	9433.631
WYF00010.asd	1064	1413.000	9344.254
WYF00010.asd	1065	1414.000	9260.210
WYF00010.asd	1066	1415.000	9186.091
WYF00010.asd	1067	1416.000	9117.564
WYF00010.asd	1068	1417.000	9055.261
WYF00010.asd	1069	1418.000	8999.068
WYF00010.asd	1070	1419.000	8949.434
WYF00010.asd	1071	1420.000	8906.802
WYF00010.asd	1072	1421.000	8869.622
WYF00010.asd	1073	1422.000	8839.437
WYF00010.asd	1074	1423.000	8811.188
WYF00010.asd	1075	1424.000	8788.461
WYF00010.asd	1076	1425.000	8768.282
WYF00010.asd	1077	1426.000	8750.885
WYF00010.asd	1078	1427.000	8737.258
WYF00010.asd	1079	1428.000	8728.776
WYF00010.asd	1080	1429.000	8721.056
WYF00010.asd	1081	1430.000	8715.144
WYF00010.asd	1082	1431.000	8712.871
WYF00010.asd	1083	1432.000	8713.468
WYF00010.asd	1084	1433.000	8716.586
WYF00010.asd	1085	1434.000	8723.530
WYF00010.asd	1086	1435.000	8731.369
WYF00010.asd	1087	1436.000	8741.310
WYF00010.asd	1088	1437.000	8752.783
WYF00010.asd	1089	1438.000	8766.297
WYF00010.asd	1090	1439.000	8780.834
WYF00010.asd	1091	1440.000	8798.004
WYF00010.asd	1092	1441.000	8814.233
WYF00010.asd	1093	1442.000	8830.696
WYF00010.asd	1094	1443.000	8848.164
WYF00010.asd	1095	1444.000	8866.022
WYF00010.asd	1096	1445.000	8884.131
WYF00010.asd	1097	1446.000	8903.353
WYF00010.asd	1098	1447.000	8922.491
WYF00010.asd	1099	1448.000	8942.463
WYF00010.asd	1100	1449.000	8961.066
WYF00010.asd	1101	1450.000	8978.715
WYF00010.asd	1102	1451.000	8997.213
WYF00010.asd	1103	1452.000	9014.771
WYF00010.asd	1104	1453.000	9032.895
WYF00010.asd	1105	1454.000	9052.427
WYF00010.asd	1106	1455.000	9071.441
WYF00010.asd	1107	1456.000	9090.628
WYF00010.asd	1108	1457.000	9110.046
WYF00010.asd	1109	1458.000	9129.042
WYF00010.asd	1110	1459.000	9147.856
WYF00010.asd	1111	1460.000	9168.146
WYF00010.asd	1112	1461.000	9187.799
WYF00010.asd	1113	1462.000	9210.245
WYF00010.asd	1114	1463.000	9234.076
WYF00010.asd	1115	1464.000	9260.471
WYF00010.asd	1116	1465.000	9288.176
WYF00010.asd	1117	1466.000	9319.265
WYF00010.asd	1118	1467.000	9352.815
WYF00010.asd	1119	1468.000	9389.822
WYF00010.asd	1120	1469.000	9430.187
WYF00010.asd	1121	1470.000	9471.966
WYF00010.asd	1122	1471.000	9516.354
WYF00010.asd	1123	1472.000	9563.217
WYF00010.asd	1124	1473.000	9612.949
WYF00010.asd	1125	1474.000	9662.985
WYF00010.asd	1126	1475.000	9715.526
WYF00010.asd	1127	1476.000	9768.891
WYF00010.asd	1128	1477.000	9822.726
WYF00010.asd	1129	1478.000	9877.719
WYF00010.asd	1130	1479.000	9934.653
WYF00010.asd	1131	1480.000	9991.997
WYF00010.asd	1132	1481.000	10050.331
WYF00010.asd	1133	1482.000	10108.503
WYF00010.asd	1134	1483.000	10167.463
WYF00010.asd	1135	1484.000	10226.912
WYF00010.asd	1136	1485.000	10286.561
WYF00010.asd	1137	1486.000	10346.023
WYF00010.asd	1138	1487.000	10405.404
WYF00010.asd	1139	1488.000	10465.977
WYF00010.asd	1140	1489.000	10527.625
WYF00010.asd	1141	1490.000	10588.203
WYF00010.asd	1142	1491.000	10649.289
WYF00010.asd	1143	1492.000	10710.491
WYF00010.asd	1144	1493.000	10771.083
WYF00010.asd	1145	1494.000	10831.068
WYF00010.asd	1146	1495.000	10891.413
WYF00010.asd	1147	1496.000	10951.268
WYF00010.asd	1148	1497.000	11009.931
WYF00010.asd	1149	1498.000	11068.613
WYF00010.asd	1150	1499.000	11125.972
WYF00010.asd	1151	1500.000	11186.107
WYF00010.asd	1152	1501.000	11245.893
WYF00010.asd	1153	1502.000	11304.523
WYF00010.asd	1154	1503.000	11364.849
WYF00010.asd	1155	1504.000	11422.947
WYF00010.asd	1156	1505.000	11481.651
WYF00010.asd	1157	1506.000	11539.759
WYF00010.asd	1158	1507.000	11597.792
WYF00010.asd	1159	1508.000	11655.893
WYF00010.asd	1160	1509.000	11713.891
WYF00010.asd	1161	1510.000	11772.030
WYF00010.asd	1162	1511.000	11828.075
WYF00010.asd	1163	1512.000	11883.334
WYF00010.asd	1164	1513.000	11938.279
WYF00010.asd	1165	1514.000	11991.552
WYF00010.asd	1166	1515.000	12045.084
WYF00010.asd	1167	1516.000	12099.088
WYF00010.asd	1168	1517.000	12152.384
WYF00010.asd	1169	1518.000	12204.661
WYF00010.asd	1170	1519.000	12256.915
WYF00010.asd	1171	1520.000	12309.260
WYF00010.asd	1172	1521.000	12360.645
WYF00010.asd	1173	1522.000	12411.917
WYF00010.asd	1174	1523.000	12461.531
WYF00010.asd	1175	1524.000	12509.712
WYF00010.asd	1176	1525.000	12558.642
WYF00010.asd	1177	1526.000	12606.856
WYF00010.asd	1178	1527.000	12654.253
WYF00010.asd	1179	1528.000	12702.417
WYF00010.asd	1180	1529.000	12748.446
WYF00010.asd	1181	1530.000	12792.318
WYF00010.asd	1182	1531.000	12836.423
WYF00010.asd	1183	1532.000	12879.497
WYF00010.asd	1184	1533.000	12923.200
WYF00010.asd	1185	1534.000	12967.515
WYF00010.asd	1186	1535.000	13010.071
WYF00010.asd	1187	1536.000	13052.442
WYF00010.asd	1188	1537.000	13093.376
WYF00010.asd	1189	1538.000	13131.857
WYF00010.asd	1190	1539.000	13171.324
WYF00010.asd	1191	1540.000	13211.007
WYF00010.asd	1192	1541.000	13250.029
WYF00010.asd	1193	1542.000	13289.258
WYF00010.asd	1194	1543.000	13327.181
WYF00010.asd	1195	1544.000	13363.918
WYF00010.asd	1196	1545.000	13400.298
WYF00010.asd	1197	1546.000	13436.485
WYF00010.asd	1198	1547.000	13471.339
WYF00010.asd	1199	1548.000	13504.572
WYF00010.asd	1200	1549.000	13538.452
WYF00010.asd	1201	1550.000	13571.655
WYF00010.asd	1202	1551.000	13604.625
WYF00010.asd	1203	1552.000	13638.358
WYF00010.asd	1204	1553.000	13671.019
WYF00010.asd	1205	1554.000	13703.601
WYF00010.asd	1206	1555.000	13734.194
WYF00010.asd	1207	1556.000	13763.006
WYF00010.asd	1208	1557.000	13792.026
WYF00010.asd	1209	1558.000	13819.585
WYF00010.asd	1210	1559.000	13846.899
WYF00010.asd	1211	1560.000	13875.072
WYF00010.asd	1212	1561.000	13901.575
WYF00010.asd	1213	1562.000	13927.141
WYF00010.asd	1214	1563.000	13951.298
WYF00010.asd	1215	1564.000	13973.476
WYF00010.asd	1216	1565.000	13995.146
WYF00010.asd	1217	1566.000	14016.405
WYF00010.asd	1218	1567.000	14036.898
WYF00010.asd	1219	1568.000	14057.164
WYF00010.asd	1220	1569.000	14077.254
WYF00010.asd	1221	1570.000	14097.455
WYF00010.asd	1222	1571.000	14117.604
WYF00010.asd	1223	1572.000	14137.207
WYF00010.asd	1224	1573.000	14156.677
WYF00010.asd	1225	1574.000	14174.591
WYF00010.asd	1226	1575.000	14190.886
WYF00010.asd	1227	1576.000	14207.830
WYF00010.asd	1228	1577.000	14223.292
WYF00010.asd	1229	1578.000	14236.606
WYF00010.asd	1230	1579.000	14250.702
WYF00010.asd	1231	1580.000	14264.273
WYF00010.asd	1232	1581.000	14277.519
WYF00010.asd	1233	1582.000	14290.913
WYF00010.asd	1234	1583.000	14303.074
WYF00010.asd	1235	1584.000	14314.350
WYF00010.asd	1236	1585.000	14325.440
WYF00010.asd	1237	1586.000	14337.622
WYF00010.asd	1238	1587.000	14350.644
WYF00010.asd	1239	1588.000	14362.628
WYF00010.asd	1240	1589.000	14374.879
WYF00010.asd	1241	1590.000	14386.676
WYF00010.asd	1242	1591.000	14397.709
WYF00010.asd	1243	1592.000	14408.391
WYF00010.asd	1244	1593.000	14419.169
WYF00010.asd	1245	1594.000	14429.487
WYF00010.asd	1246	1595.000	14439.382
WYF00010.asd	1247	1596.000	14448.261
WYF00010.asd	1248	1597.000	14456.993
WYF00010.asd	1249	1598.000	14464.417
WYF00010.asd	1250	1599.000	14470.072
WYF00010.asd	1251	1600.000	14476.470
WYF00010.asd	1252	1601.000	14482.785
WYF00010.asd	1253	1602.000	14488.462
WYF00010.asd	1254	1603.000	14494.046
WYF00010.asd	1255	1604.000	14498.578
WYF00010.asd	1256	1605.000	14502.590
WYF00010.asd	1257	1606.000	14505.484
WYF00010.asd	1258	1607.000	14507.460
WYF00010.asd	1259	1608.000	14509.043
WYF00010.asd	1260	1609.000	14509.907
WYF00010.asd	1261	1610.000	14509.635
WYF00010.asd	1262	1611.000	14508.700
WYF00010.asd	1263	1612.000	14506.884
WYF00010.asd	1264	1613.000	14503.798
WYF00010.asd	1265	1614.000	14500.197
WYF00010.asd	1266	1615.000	14495.763
WYF00010.asd	1267	1616.000	14491.605
WYF00010.asd	1268	1617.000	14487.031
WYF00010.asd	1269	1618.000	14481.872
WYF00010.asd	1270	1619.000	14477.198
WYF00010.asd	1271	1620.000	14470.464
WYF00010.asd	1272	1621.000	14462.502
WYF00010.asd	1273	1622.000	14453.053
WYF00010.asd	1274	1623.000	14442.129
WYF00010.asd	1275	1624.000	14430.872
WYF00010.asd	1276	1625.000	14418.339
WYF00010.asd	1277	1626.000	14405.618
WYF00010.asd	1278	1627.000	14392.747
WYF00010.asd	1279	1628.000	14378.169
WYF00010.asd	1280	1629.000	14362.879
WYF00010.asd	1281	1630.000	14345.155
WYF00010.asd	1282	1631.000	14325.430
WYF00010.asd	1283	1632.000	14306.152
WYF00010.asd	1284	1633.000	14285.159
WYF00010.asd	1285	1634.000	14264.956
WYF00010.asd	1286	1635.000	14245.401
WYF00010.asd	1287	1636.000	14224.016
WYF00010.asd	1288	1637.000	14202.091
WYF00010.asd	1289	1638.000	14178.532
WYF00010.asd	1290	1639.000	14154.076
WYF00010.asd	1291	1640.000	14127.859
WYF00010.asd	1292	1641.000	14100.620
WYF00010.asd	1293	1642.000	14070.768
WYF00010.asd	1294	1643.000	14038.585
WYF00010.asd	1295	1644.000	14005.775
WYF00010.asd	1296	1645.000	13970.556
WYF00010.asd	1297	1646.000	13935.695
WYF00010.asd	1298	1647.000	13900.215
WYF00010.asd	1299	1648.000	13864.250
WYF00010.asd	1300	1649.000	13828.653
WYF00010.asd	1301	1650.000	13790.655
WYF00010.asd	1302	1651.000	13751.697
WYF00010.asd	1303	1652.000	13710.930
WYF00010.asd	1304	1653.000	13668.042
WYF00010.asd	1305	1654.000	13623.131
WYF00010.asd	1306	1655.000	13577.374
WYF00010.asd	1307	1656.000	13528.692
WYF00010.asd	1308	1657.000	13478.380
WYF00010.asd	1309	1658.000	13424.077
WYF00010.asd	1310	1659.000	13365.664
WYF00010.asd	1311	1660.000	13307.112
WYF00010.asd	1312	1661.000	13245.668
WYF00010.asd	1313	1662.000	13181.417
WYF00010.asd	1314	1663.000	13119.095
WYF00010.asd	1315	1664.000	13053.398
WYF00010.asd	1316	1665.000	12987.766
WYF00010.asd	1317	1666.000	12923.251
WYF00010.asd	1318	1667.000	12858.541
WYF00010.asd	1319	1668.000	12796.274
WYF00010.asd	1320	1669.000	12734.158
WYF00010.asd	1321	1670.000	12676.156
WYF00010.asd	1322	1671.000	12621.693
WYF00010.asd	1323	1672.000	12569.484
WYF00010.asd	1324	1673.000	12521.870
WYF00010.asd	1325	1674.000	12474.145
WYF00010.asd	1326	1675.000	12426.652
WYF00010.asd	1327	1676.000	12382.193
WYF00010.asd	1328	1677.000	12335.038
WYF00010.asd	1329	1678.000	12287.372
WYF00010.asd	1330	1679.000	12240.468
WYF00010.asd	1331	1680.000	12189.409
WYF00010.asd	1332	1681.000	12138.033
WYF00010.asd	1333	1682.000	12084.009
WYF00010.asd	1334	1683.000	12027.672
WYF00010.asd	1335	1684.000	11971.712
WYF00010.asd	1336	1685.000	11910.693
WYF00010.asd	1337	1686.000	11849.316
WYF00010.asd	1338	1687.000	11789.521
WYF00010.asd	1339	1688.000	11727.893
WYF00010.asd	1340	1689.000	11669.427
WYF00010.asd	1341	1690.000	11610.706
WYF00010.asd	1342	1691.000	11550.935
WYF00010.asd	1343	1692.000	11493.460
WYF00010.asd	1344	1693.000	11433.150
WYF00010.asd	1345	1694.000	11374.182
WYF00010.asd	1346	1695.000	11317.035
WYF00010.asd	1347	1696.000	11258.285
WYF00010.asd	1348	1697.000	11202.078
WYF00010.asd	1349	1698.000	11144.503
WYF00010.asd	1350	1699.000	11087.036
WYF00010.asd	1351	1700.000	11031.492
WYF00010.asd	1352	1701.000	10972.421
WYF00010.asd	1353	1702.000	10915.723
WYF00010.asd	1354	1703.000	10860.256
WYF00010.asd	1355	1704.000	10802.625
WYF00010.asd	1356	1705.000	10746.672
WYF00010.asd	1357	1706.000	10689.672
WYF00010.asd	1358	1707.000	10632.853
WYF00010.asd	1359	1708.000	10576.244
WYF00010.asd	1360	1709.000	10517.172
WYF00010.asd	1361	1710.000	10459.620
WYF00010.asd	1362	1711.000	10401.755
WYF00010.asd	1363	1712.000	10342.106
WYF00010.asd	1364	1713.000	10285.051
WYF00010.asd	1365	1714.000	10225.791
WYF00010.asd	1366	1715.000	10165.022
WYF00010.asd	1367	1716.000	10106.932
WYF00010.asd	1368	1717.000	10046.253
WYF00010.asd	1369	1718.000	9987.386
WYF00010.asd	1370	1719.000	9932.401
WYF00010.asd	1371	1720.000	9875.854
WYF00010.asd	1372	1721.000	9822.078
WYF00010.asd	1373	1722.000	9770.152
WYF00010.asd	1374	1723.000	9718.975
WYF00010.asd	1375	1724.000	9669.800
WYF00010.asd	1376	1725.000	9620.643
WYF00010.asd	1377	1726.000	9571.875
WYF00010.asd	1378	1727.000	9525.507
WYF00010.asd	1379	1728.000	9480.280
WYF00010.asd	1380	1729.000	9436.894
WYF00010.asd	1381	1730.000	9395.144
WYF00010.asd	1382	1731.000	9354.687
WYF00010.asd	1383	1732.000	9316.117
WYF00010.asd	1384	1733.000	9277.405
WYF00010.asd	1385	1734.000	9241.462
WYF00010.asd	1386	1735.000	9203.273
WYF00010.asd	1387	1736.000	9165.188
WYF00010.asd	1388	1737.000	9124.869
WYF00010.asd	1389	1738.000	9082.145
WYF00010.asd	1390	1739.000	9041.044
WYF00010.asd	1391	1740.000	8995.911
WYF00010.asd	1392	1741.000	8949.241
WYF00010.asd	1393	1742.000	8903.864
WYF00010.asd	1394	1743.000	8854.945
WYF00010.asd	1395	1744.000	8806.018
WYF00010.asd	1396	1745.000	8756.938
WYF00010.asd	1397	1746.000	8705.056
WYF00010.asd	1398	1747.000	8654.011
WYF00010.asd	1399	1748.000	8600.916
WYF00010.asd	1400	1749.000	8546.266
WYF00010.asd	1401	1750.000	8492.938
WYF00010.asd	1402	1751.000	8438.341
WYF00010.asd	1403	1752.000	8384.943
WYF00010.asd	1404	1753.000	8331.281
WYF00010.asd	1405	1754.000	8276.092
WYF00010.asd	1406	1755.000	8222.191
WYF00010.asd	1407	1756.000	8166.344
WYF00010.asd	1408	1757.000	8111.554
WYF00010.asd	1409	1758.000	8059.750
WYF00010.asd	1410	1759.000	8007.270
WYF00010.asd	1411	1760.000	7956.808
WYF00010.asd	1412	1761.000	7906.158
WYF00010.asd	1413	1762.000	7855.335
WYF00010.asd	1414	1763.000	7806.673
WYF00010.asd	1415	1764.000	7756.226
WYF00010.asd	1416	1765.000	7707.948
WYF00010.asd	1417	1766.000	7661.708
WYF00010.asd	1418	1767.000	7614.294
WYF00010.asd	1419	1768.000	7569.307
WYF00010.asd	1420	1769.000	7524.215
WYF00010.asd	1421	1770.000	7478.929
WYF00010.asd	1422	1771.000	7434.621
WYF00010.asd	1423	1772.000	7387.510
WYF00010.asd	1424	1773.000	7341.292
WYF00010.asd	1425	1774.000	7295.914
WYF00010.asd	1426	1775.000	7249.542
WYF00010.asd	1427	1776.000	7206.625
WYF00010.asd	1428	1777.000	7162.689
WYF00010.asd	1429	1778.000	7116.912
WYF00010.asd	1430	1779.000	7068.579
WYF00010.asd	1431	1780.000	7019.174
WYF00010.asd	1432	1781.000	6972.449
WYF00010.asd	1433	1782.000	6925.241
WYF00010.asd	1434	1783.000	6879.396
WYF00010.asd	1435	1784.000	6831.722
WYF00010.asd	1436	1785.000	6781.691
WYF00010.asd	1437	1786.000	6732.065
WYF00010.asd	1438	1787.000	6677.564
WYF00010.asd	1439	1788.000	6621.730
WYF00010.asd	1440	1789.000	6565.132
WYF00010.asd	1441	1790.000	6502.858
WYF00010.asd	1442	1791.000	6440.972
WYF00010.asd	1443	1792.000	6374.882
WYF00010.asd	1444	1793.000	6303.597
WYF00010.asd	1445	1794.000	6230.795
WYF00010.asd	1446	1795.000	6147.385
WYF00010.asd	1447	1796.000	6058.887
WYF00010.asd	1448	1797.000	5967.833
WYF00010.asd	1449	1798.000	5869.125
WYF00010.asd	1450	1799.000	5770.331
WYF00010.asd	1451	1800.000	5665.106
WYF00010.asd	1452	1801.000	10262.483
WYF00010.asd	1453	1802.000	10370.311
WYF00010.asd	1454	1803.000	10480.862
WYF00010.asd	1455	1804.000	10591.108
WYF00010.asd	1456	1805.000	10700.629
WYF00010.asd	1457	1806.000	10811.419
WYF00010.asd	1458	1807.000	10918.563
WYF00010.asd	1459	1808.000	11031.384
WYF00010.asd	1460	1809.000	11131.642
WYF00010.asd	1461	1810.000	11226.805
WYF00010.asd	1462	1811.000	11313.736
WYF00010.asd	1463	1812.000	11394.340
WYF00010.asd	1464	1813.000	11467.197
WYF00010.asd	1465	1814.000	11530.008
WYF00010.asd	1466	1815.000	11590.180
WYF00010.asd	1467	1816.000	11640.920
WYF00010.asd	1468	1817.000	11692.213
WYF00010.asd	1469	1818.000	11741.667
WYF00010.asd	1470	1819.000	11784.851
WYF00010.asd	1471	1820.000	11833.716
WYF00010.asd	1472	1821.000	11885.592
WYF00010.asd	1473	1822.000	11933.841
WYF00010.asd	1474	1823.000	11982.773
WYF00010.asd	1475	1824.000	12030.627
WYF00010.asd	1476	1825.000	12076.108
WYF00010.asd	1477	1826.000	12122.058
WYF00010.asd	1478	1827.000	12163.623
WYF00010.asd	1479	1828.000	12207.299
WYF00010.asd	1480	1829.000	12241.153
WYF00010.asd	1481	1830.000	12268.208
WYF00010.asd	1482	1831.000	12292.889
WYF00010.asd	1483	1832.000	12314.586
WYF00010.asd	1484	1833.000	12329.488
WYF00010.asd	1485	1834.000	12333.604
WYF00010.asd	1486	1835.000	12342.449
WYF00010.asd	1487	1836.000	12350.193
WYF00010.asd	1488	1837.000	12349.394
WYF00010.asd	1489	1838.000	12361.387
WYF00010.asd	1490	1839.000	12377.302
WYF00010.asd	1491	1840.000	12399.491
WYF00010.asd	1492	1841.000	12431.822
WYF00010.asd	1493	1842.000	12459.475
WYF00010.asd	1494	1843.000	12501.948
WYF00010.asd	1495	1844.000	12525.711
WYF00010.asd	1496	1845.000	12542.932
WYF00010.asd	1497	1846.000	12549.783
WYF00010.asd	1498	1847.000	12554.012
WYF00010.asd	1499	1848.000	12549.745
WYF00010.asd	1500	1849.000	12538.697
WYF00010.asd	1501	1850.000	12524.762
WYF00010.asd	1502	1851.000	12501.307
WYF00010.asd	1503	1852.000	12467.588
WYF00010.asd	1504	1853.000	12427.435
WYF00010.asd	1505	1854.000	12384.790
WYF00010.asd	1506	1855.000	12329.503
WYF00010.asd	1507	1856.000	12264.324
WYF00010.asd	1508	1857.000	12187.916
WYF00010.asd	1509	1858.000	12105.659
WYF00010.asd	1510	1859.000	12013.853
WYF00010.asd	1511	1860.000	11915.026
WYF00010.asd	1512	1861.000	11820.370
WYF00010.asd	1513	1862.000	11695.649
WYF00010.asd	1514	1863.000	11562.646
WYF00010.asd	1515	1864.000	11402.104
WYF00010.asd	1516	1865.000	11214.674
WYF00010.asd	1517	1866.000	11009.911
WYF00010.asd	1518	1867.000	10785.493
WYF00010.asd	1519	1868.000	10528.622
WYF00010.asd	1520	1869.000	10286.472
WYF00010.asd	1521	1870.000	10019.481
WYF00010.asd	1522	1871.000	9778.794
WYF00010.asd	1523	1872.000	9540.131
WYF00010.asd	1524	1873.000	9319.499
WYF00010.asd	1525	1874.000	9118.033
WYF00010.asd	1526	1875.000	8914.690
WYF00010.asd	1527	1876.000	8722.306
WYF00010.asd	1528	1877.000	8541.053
WYF00010.asd	1529	1878.000	8345.406
WYF00010.asd	1530	1879.000	8153.756
WYF00010.asd	1531	1880.000	7942.816
WYF00010.asd	1532	1881.000	7720.928
WYF00010.asd	1533	1882.000	7494.889
WYF00010.asd	1534	1883.000	7250.857
WYF00010.asd	1535	1884.000	7012.084
WYF00010.asd	1536	1885.000	6763.081
WYF00010.asd	1537	1886.000	6527.944
WYF00010.asd	1538	1887.000	6290.701
WYF00010.asd	1539	1888.000	6068.427
WYF00010.asd	1540	1889.000	5851.309
WYF00010.asd	1541	1890.000	5642.636
WYF00010.asd	1542	1891.000	5443.889
WYF00010.asd	1543	1892.000	5250.070
WYF00010.asd	1544	1893.000	5067.790
WYF00010.asd	1545	1894.000	4897.152
WYF00010.asd	1546	1895.000	4737.022
WYF00010.asd	1547	1896.000	4589.109
WYF00010.asd	1548	1897.000	4447.293
WYF00010.asd	1549	1898.000	4315.779
WYF00010.asd	1550	1899.000	4189.369
WYF00010.asd	1551	1900.000	4075.893
WYF00010.asd	1552	1901.000	3967.341
WYF00010.asd	1553	1902.000	3873.804
WYF00010.asd	1554	1903.000	3795.385
WYF00010.asd	1555	1904.000	3725.349
WYF00010.asd	1556	1905.000	3667.962
WYF00010.asd	1557	1906.000	3615.754
WYF00010.asd	1558	1907.000	3575.468
WYF00010.asd	1559	1908.000	3538.704
WYF00010.asd	1560	1909.000	3506.924
WYF00010.asd	1561	1910.000	3480.346
WYF00010.asd	1562	1911.000	3456.082
WYF00010.asd	1563	1912.000	3437.789
WYF00010.asd	1564	1913.000	3419.668
WYF00010.asd	1565	1914.000	3403.811
WYF00010.asd	1566	1915.000	3389.827
WYF00010.asd	1567	1916.000	3377.557
WYF00010.asd	1568	1917.000	3368.117
WYF00010.asd	1569	1918.000	3360.671
WYF00010.asd	1570	1919.000	3356.354
WYF00010.asd	1571	1920.000	3354.250
WYF00010.asd	1572	1921.000	3353.360
WYF00010.asd	1573	1922.000	3356.531
WYF00010.asd	1574	1923.000	3362.585
WYF00010.asd	1575	1924.000	3370.731
WYF00010.asd	1576	1925.000	3382.687
WYF00010.asd	1577	1926.000	3395.714
WYF00010.asd	1578	1927.000	3411.513
WYF00010.asd	1579	1928.000	3426.888
WYF00010.asd	1580	1929.000	3444.735
WYF00010.asd	1581	1930.000	3462.725
WYF00010.asd	1582	1931.000	3475.463
WYF00010.asd	1583	1932.000	3488.872
WYF00010.asd	1584	1933.000	3504.850
WYF00010.asd	1585	1934.000	3519.691
WYF00010.asd	1586	1935.000	3536.567
WYF00010.asd	1587	1936.000	3556.309
WYF00010.asd	1588	1937.000	3576.764
WYF00010.asd	1589	1938.000	3597.309
WYF00010.asd	1590	1939.000	3618.584
WYF00010.asd	1591	1940.000	3641.628
WYF00010.asd	1592	1941.000	3665.683
WYF00010.asd	1593	1942.000	3689.669
WYF00010.asd	1594	1943.000	3715.667
WYF00010.asd	1595	1944.000	3743.054
WYF00010.asd	1596	1945.000	3771.480
WYF00010.asd	1597	1946.000	3799.182
WYF00010.asd	1598	1947.000	3826.737
WYF00010.asd	1599	1948.000	3854.059
WYF00010.asd	1600	1949.000	3880.309
WYF00010.asd	1601	1950.000	3908.377
WYF00010.asd	1602	1951.000	3937.489
WYF00010.asd	1603	1952.000	3966.088
WYF00010.asd	1604	1953.000	3995.083
WYF00010.asd	1605	1954.000	4026.070
WYF00010.asd	1606	1955.000	4054.988
WYF00010.asd	1607	1956.000	4082.145
WYF00010.asd	1608	1957.000	4112.201
WYF00010.asd	1609	1958.000	4141.480
WYF00010.asd	1610	1959.000	4172.958
WYF00010.asd	1611	1960.000	4206.703
WYF00010.asd	1612	1961.000	4240.134
WYF00010.asd	1613	1962.000	4275.500
WYF00010.asd	1614	1963.000	4309.632
WYF00010.asd	1615	1964.000	4343.701
WYF00010.asd	1616	1965.000	4376.474
WYF00010.asd	1617	1966.000	4409.767
WYF00010.asd	1618	1967.000	4441.786
WYF00010.asd	1619	1968.000	4475.761
WYF00010.asd	1620	1969.000	4510.390
WYF00010.asd	1621	1970.000	4544.211
WYF00010.asd	1622	1971.000	4578.049
WYF00010.asd	1623	1972.000	4612.905
WYF00010.asd	1624	1973.000	4648.560
WYF00010.asd	1625	1974.000	4682.518
WYF00010.asd	1626	1975.000	4716.400
WYF00010.asd	1627	1976.000	4749.744
WYF00010.asd	1628	1977.000	4781.042
WYF00010.asd	1629	1978.000	4812.648
WYF00010.asd	1630	1979.000	4847.729
WYF00010.asd	1631	1980.000	4885.125
WYF00010.asd	1632	1981.000	4921.101
WYF00010.asd	1633	1982.000	4957.498
WYF00010.asd	1634	1983.000	4992.317
WYF00010.asd	1635	1984.000	5023.419
WYF00010.asd	1636	1985.000	5058.328
WYF00010.asd	1637	1986.000	5095.440
WYF00010.asd	1638	1987.000	5130.950
WYF00010.asd	1639	1988.000	5166.905
WYF00010.asd	1640	1989.000	5203.375
WYF00010.asd	1641	1990.000	5238.631
WYF00010.asd	1642	1991.000	5272.781
WYF00010.asd	1643	1992.000	5306.039
WYF00010.asd	1644	1993.000	5339.292
WYF00010.asd	1645	1994.000	5374.765
WYF00010.asd	1646	1995.000	5411.358
WYF00010.asd	1647	1996.000	5445.940
WYF00010.asd	1648	1997.000	5482.385
WYF00010.asd	1649	1998.000	5516.171
WYF00010.asd	1650	1999.000	5546.011
WYF00010.asd	1651	2000.000	5576.851
WYF00010.asd	1652	2001.000	5607.781
WYF00010.asd	1653	2002.000	5638.160
WYF00010.asd	1654	2003.000	5668.232
WYF00010.asd	1655	2004.000	5700.122
WYF00010.asd	1656	2005.000	5730.382
WYF00010.asd	1657	2006.000	5763.467
WYF00010.asd	1658	2007.000	5797.606
WYF00010.asd	1659	2008.000	5828.600
WYF00010.asd	1660	2009.000	5858.797
WYF00010.asd	1661	2010.000	5887.922
WYF00010.asd	1662	2011.000	5917.481
WYF00010.asd	1663	2012.000	5946.604
WYF00010.asd	1664	2013.000	5974.359
WYF00010.asd	1665	2014.000	6002.204
WYF00010.asd	1666	2015.000	6029.538
WYF00010.asd	1667	2016.000	6053.669
WYF00010.asd	1668	2017.000	6076.716
WYF00010.asd	1669	2018.000	6100.796
WYF00010.asd	1670	2019.000	6125.470
WYF00010.asd	1671	2020.000	6151.430
WYF00010.asd	1672	2021.000	6174.526
WYF00010.asd	1673	2022.000	6196.256
WYF00010.asd	1674	2023.000	6217.941
WYF00010.asd	1675	2024.000	6238.957
WYF00010.asd	1676	2025.000	6258.942
WYF00010.asd	1677	2026.000	6278.413
WYF00010.asd	1678	2027.000	6297.610
WYF00010.asd	1679	2028.000	6316.005
WYF00010.asd	1680	2029.000	6334.825
WYF00010.asd	1681	2030.000	6350.751
WYF00010.asd	1682	2031.000	6368.605
WYF00010.asd	1683	2032.000	6385.536
WYF00010.asd	1684	2033.000	6397.266
WYF00010.asd	1685	2034.000	6409.571
WYF00010.asd	1686	2035.000	6421.781
WYF00010.asd	1687	2036.000	6434.181
WYF00010.asd	1688	2037.000	6446.268
WYF00010.asd	1689	2038.000	6459.253
WYF00010.asd	1690	2039.000	6470.628
WYF00010.asd	1691	2040.000	6480.780
WYF00010.asd	1692	2041.000	6490.583
WYF00010.asd	1693	2042.000	6499.027
WYF00010.asd	1694	2043.000	6509.914
WYF00010.asd	1695	2044.000	6519.555
WYF00010.asd	1696	2045.000	6527.471
WYF00010.asd	1697	2046.000	6537.642
WYF00010.asd	1698	2047.000	6547.183
WYF00010.asd	1699	2048.000	6554.291
WYF00010.asd	1700	2049.000	6562.351
WYF00010.asd	1701	2050.000	6569.492
WYF00010.asd	1702	2051.000	6575.422
WYF00010.asd	1703	2052.000	6582.478
WYF00010.asd	1704	2053.000	6590.687
WYF00010.asd	1705	2054.000	6598.266
WYF00010.asd	1706	2055.000	6605.582
WYF00010.asd	1707	2056.000	6613.561
WYF00010.asd	1708	2057.000	6621.550
WYF00010.asd	1709	2058.000	6630.387
WYF00010.asd	1710	2059.000	6638.996
WYF00010.asd	1711	2060.000	6645.536
WYF00010.asd	1712	2061.000	6651.860
WYF00010.asd	1713	2062.000	6658.546
WYF00010.asd	1714	2063.000	6667.090
WYF00010.asd	1715	2064.000	6677.236
WYF00010.asd	1716	2065.000	6684.934
WYF00010.asd	1717	2066.000	6694.006
WYF00010.asd	1718	2067.000	6702.318
WYF00010.asd	1719	2068.000	6708.027
WYF00010.asd	1720	2069.000	6715.307
WYF00010.asd	1721	2070.000	6724.286
WYF00010.asd	1722	2071.000	6731.884
WYF00010.asd	1723	2072.000	6738.953
WYF00010.asd	1724	2073.000	6747.448
WYF00010.asd	1725	2074.000	6753.997
WYF00010.asd	1726	2075.000	6759.829
WYF00010.asd	1727	2076.000	6766.016
WYF00010.asd	1728	2077.000	6773.196
WYF00010.asd	1729	2078.000	6781.749
WYF00010.asd	1730	2079.000	6790.141
WYF00010.asd	1731	2080.000	6799.466
WYF00010.asd	1732	2081.000	6807.118
WYF00010.asd	1733	2082.000	6814.707
WYF00010.asd	1734	2083.000	6822.608
WYF00010.asd	1735	2084.000	6830.488
WYF00010.asd	1736	2085.000	6837.495
WYF00010.asd	1737	2086.000	6844.850
WYF00010.asd	1738	2087.000	6854.215
WYF00010.asd	1739	2088.000	6861.146
WYF00010.asd	1740	2089.000	6867.550
WYF00010.asd	1741	2090.000	6873.843
WYF00010.asd	1742	2091.000	6878.095
WYF00010.asd	1743	2092.000	6881.797
WYF00010.asd	1744	2093.000	6886.583
WYF00010.asd	1745	2094.000	6893.031
WYF00010.asd	1746	2095.000	6900.286
WYF00010.asd	1747	2096.000	6907.649
WYF00010.asd	1748	2097.000	6915.035
WYF00010.asd	1749	2098.000	6920.534
WYF00010.asd	1750	2099.000	6924.883
WYF00010.asd	1751	2100.000	6926.337
WYF00010.asd	1752	2101.000	6930.365
WYF00010.asd	1753	2102.000	6934.360
WYF00010.asd	1754	2103.000	6939.084
WYF00010.asd	1755	2104.000	6944.996
WYF00010.asd	1756	2105.000	6949.318
WYF00010.asd	1757	2106.000	6952.033
WYF00010.asd	1758	2107.000	6955.381
WYF00010.asd	1759	2108.000	6959.393
WYF00010.asd	1760	2109.000	6964.775
WYF00010.asd	1761	2110.000	6970.904
WYF00010.asd	1762	2111.000	6976.430
WYF00010.asd	1763	2112.000	6981.883
WYF00010.asd	1764	2113.000	6985.802
WYF00010.asd	1765	2114.000	6989.273
WYF00010.asd	1766	2115.000	6992.362
WYF00010.asd	1767	2116.000	6995.154
WYF00010.asd	1768	2117.000	6997.058
WYF00010.asd	1769	2118.000	6999.001
WYF00010.asd	1770	2119.000	7000.861
WYF00010.asd	1771	2120.000	7001.602
WYF00010.asd	1772	2121.000	7003.695
WYF00010.asd	1773	2122.000	7005.362
WYF00010.asd	1774	2123.000	7007.553
WYF00010.asd	1775	2124.000	7009.445
WYF00010.asd	1776	2125.000	7009.014
WYF00010.asd	1777	2126.000	7007.807
WYF00010.asd	1778	2127.000	7005.962
WYF00010.asd	1779	2128.000	7003.722
WYF00010.asd	1780	2129.000	7002.159
WYF00010.asd	1781	2130.000	7001.879
WYF00010.asd	1782	2131.000	7001.233
WYF00010.asd	1783	2132.000	6999.239
WYF00010.asd	1784	2133.000	6997.154
WYF00010.asd	1785	2134.000	6993.250
WYF00010.asd	1786	2135.000	6990.960
WYF00010.asd	1787	2136.000	6988.983
WYF00010.asd	1788	2137.000	6988.003
WYF00010.asd	1789	2138.000	6987.292
WYF00010.asd	1790	2139.000	6987.434
WYF00010.asd	1791	2140.000	6987.302
WYF00010.asd	1792	2141.000	6986.973
WYF00010.asd	1793	2142.000	6985.716
WYF00010.asd	1794	2143.000	6984.316
WYF00010.asd	1795	2144.000	6982.834
WYF00010.asd	1796	2145.000	6981.801
WYF00010.asd	1797	2146.000	6982.897
WYF00010.asd	1798	2147.000	6983.156
WYF00010.asd	1799	2148.000	6982.245
WYF00010.asd	1800	2149.000	6980.275
WYF00010.asd	1801	2150.000	6978.225
WYF00010.asd	1802	2151.000	6975.417
WYF00010.asd	1803	2152.000	6972.566
WYF00010.asd	1804	2153.000	6968.935
WYF00010.asd	1805	2154.000	6966.649
WYF00010.asd	1806	2155.000	6964.981
WYF00010.asd	1807	2156.000	6961.759
WYF00010.asd	1808	2157.000	6960.066
WYF00010.asd	1809	2158.000	6959.013
WYF00010.asd	1810	2159.000	6957.037
WYF00010.asd	1811	2160.000	6954.938
WYF00010.asd	1812	2161.000	6950.934
WYF00010.asd	1813	2162.000	6947.867
WYF00010.asd	1814	2163.000	6945.856
WYF00010.asd	1815	2164.000	6941.654
WYF00010.asd	1816	2165.000	6937.184
WYF00010.asd	1817	2166.000	6932.993
WYF00010.asd	1818	2167.000	6927.346
WYF00010.asd	1819	2168.000	6921.918
WYF00010.asd	1820	2169.000	6917.394
WYF00010.asd	1821	2170.000	6913.021
WYF00010.asd	1822	2171.000	6907.568
WYF00010.asd	1823	2172.000	6901.894
WYF00010.asd	1824	2173.000	6893.724
WYF00010.asd	1825	2174.000	6881.960
WYF00010.asd	1826	2175.000	6872.537
WYF00010.asd	1827	2176.000	6862.446
WYF00010.asd	1828	2177.000	6853.656
WYF00010.asd	1829	2178.000	6844.690
WYF00010.asd	1830	2179.000	6838.368
WYF00010.asd	1831	2180.000	6827.505
WYF00010.asd	1832	2181.000	6813.475
WYF00010.asd	1833	2182.000	6799.237
WYF00010.asd	1834	2183.000	6782.057
WYF00010.asd	1835	2184.000	6765.814
WYF00010.asd	1836	2185.000	6750.726
WYF00010.asd	1837	2186.000	6736.189
WYF00010.asd	1838	2187.000	6721.880
WYF00010.asd	1839	2188.000	6706.298
WYF00010.asd	1840	2189.000	6688.820
WYF00010.asd	1841	2190.000	6667.120
WYF00010.asd	1842	2191.000	6646.015
WYF00010.asd	1843	2192.000	6625.548
WYF00010.asd	1844	2193.000	6604.251
WYF00010.asd	1845	2194.000	6582.240
WYF00010.asd	1846	2195.000	6560.406
WYF00010.asd	1847	2196.000	6539.546
WYF00010.asd	1848	2197.000	6518.363
WYF00010.asd	1849	2198.000	6497.608
WYF00010.asd	1850	2199.000	6475.821
WYF00010.asd	1851	2200.000	6453.327
WYF00010.asd	1852	2201.000	6429.672
WYF00010.asd	1853	2202.000	6406.685
WYF00010.asd	1854	2203.000	6387.993
WYF00010.asd	1855	2204.000	6371.366
WYF00010.asd	1856	2205.000	6355.255
WYF00010.asd	1857	2206.000	6340.478
WYF00010.asd	1858	2207.000	6323.773
WYF00010.asd	1859	2208.000	6305.288
WYF00010.asd	1860	2209.000	6287.198
WYF00010.asd	1861	2210.000	6267.311
WYF00010.asd	1862	2211.000	6250.925
WYF00010.asd	1863	2212.000	6237.271
WYF00010.asd	1864	2213.000	6221.870
WYF00010.asd	1865	2214.000	6208.300
WYF00010.asd	1866	2215.000	6192.080
WYF00010.asd	1867	2216.000	6174.000
WYF00010.asd	1868	2217.000	6155.161
WYF00010.asd	1869	2218.000	6134.863
WYF00010.asd	1870	2219.000	6112.803
WYF00010.asd	1871	2220.000	6089.814
WYF00010.asd	1872	2221.000	6065.374
WYF00010.asd	1873	2222.000	6038.605
WYF00010.asd	1874	2223.000	6012.704
WYF00010.asd	1875	2224.000	5987.037
WYF00010.asd	1876	2225.000	5959.640
WYF00010.asd	1877	2226.000	5930.973
WYF00010.asd	1878	2227.000	5901.357
WYF00010.asd	1879	2228.000	5869.812
WYF00010.asd	1880	2229.000	5836.033
WYF00010.asd	1881	2230.000	5800.451
WYF00010.asd	1882	2231.000	5764.744
WYF00010.asd	1883	2232.000	5725.872
WYF00010.asd	1884	2233.000	5683.963
WYF00010.asd	1885	2234.000	5643.652
WYF00010.asd	1886	2235.000	5600.706
WYF00010.asd	1887	2236.000	5558.867
WYF00010.asd	1888	2237.000	5518.810
WYF00010.asd	1889	2238.000	5475.606
WYF00010.asd	1890	2239.000	5435.848
WYF00010.asd	1891	2240.000	5394.842
WYF00010.asd	1892	2241.000	5350.688
WYF00010.asd	1893	2242.000	5307.058
WYF00010.asd	1894	2243.000	5262.244
WYF00010.asd	1895	2244.000	5217.445
WYF00010.asd	1896	2245.000	5172.628
WYF00010.asd	1897	2246.000	5128.178
WYF00010.asd	1898	2247.000	5084.429
WYF00010.asd	1899	2248.000	5040.664
WYF00010.asd	1900	2249.000	4996.345
WYF00010.asd	1901	2250.000	4951.560
WYF00010.asd	1902	2251.000	4907.192
WYF00010.asd	1903	2252.000	4861.141
WYF00010.asd	1904	2253.000	4815.163
WYF00010.asd	1905	2254.000	4771.935
WYF00010.asd	1906	2255.000	4730.275
WYF00010.asd	1907	2256.000	4689.399
WYF00010.asd	1908	2257.000	4648.486
WYF00010.asd	1909	2258.000	4607.661
WYF00010.asd	1910	2259.000	4567.031
WYF00010.asd	1911	2260.000	4528.900
WYF00010.asd	1912	2261.000	4491.492
WYF00010.asd	1913	2262.000	4454.602
WYF00010.asd	1914	2263.000	4417.216
WYF00010.asd	1915	2264.000	4377.571
WYF00010.asd	1916	2265.000	4339.712
WYF00010.asd	1917	2266.000	4303.933
WYF00010.asd	1918	2267.000	4270.532
WYF00010.asd	1919	2268.000	4237.896
WYF00010.asd	1920	2269.000	4206.367
WYF00010.asd	1921	2270.000	4176.521
WYF00010.asd	1922	2271.000	4146.058
WYF00010.asd	1923	2272.000	4115.745
WYF00010.asd	1924	2273.000	4086.481
WYF00010.asd	1925	2274.000	4056.827
WYF00010.asd	1926	2275.000	4028.824
WYF00010.asd	1927	2276.000	4003.013
WYF00010.asd	1928	2277.000	3975.370
WYF00010.asd	1929	2278.000	3947.927
WYF00010.asd	1930	2279.000	3921.356
WYF00010.asd	1931	2280.000	3894.664
WYF00010.asd	1932	2281.000	3868.211
WYF00010.asd	1933	2282.000	3842.174
WYF00010.asd	1934	2283.000	3815.925
WYF00010.asd	1935	2284.000	3790.100
WYF00010.asd	1936	2285.000	3761.502
WYF00010.asd	1937	2286.000	3735.627
WYF00010.asd	1938	2287.000	3710.976
WYF00010.asd	1939	2288.000	3683.532
WYF00010.asd	1940	2289.000	3658.341
WYF00010.asd	1941	2290.000	3630.905
WYF00010.asd	1942	2291.000	3601.277
WYF00010.asd	1943	2292.000	3570.721
WYF00010.asd	1944	2293.000	3537.734
WYF00010.asd	1945	2294.000	3505.960
WYF00010.asd	1946	2295.000	3472.745
WYF00010.asd	1947	2296.000	3438.026
WYF00010.asd	1948	2297.000	3406.425
WYF00010.asd	1949	2298.000	3373.078
WYF00010.asd	1950	2299.000	3338.753
WYF00010.asd	1951	2300.000	3307.804
WYF00010.asd	1952	2301.000	3276.143
WYF00010.asd	1953	2302.000	3244.433
WYF00010.asd	1954	2303.000	3215.223
WYF00010.asd	1955	2304.000	3185.852
WYF00010.asd	1956	2305.000	3157.050
WYF00010.asd	1957	2306.000	3129.601
WYF00010.asd	1958	2307.000	3102.499
WYF00010.asd	1959	2308.000	3076.490
WYF00010.asd	1960	2309.000	3050.996
WYF00010.asd	1961	2310.000	3026.561
WYF00010.asd	1962	2311.000	3003.696
WYF00010.asd	1963	2312.000	2980.787
WYF00010.asd	1964	2313.000	2958.267
WYF00010.asd	1965	2314.000	2937.239
WYF00010.asd	1966	2315.000	2917.716
WYF00010.asd	1967	2316.000	2896.343
WYF00010.asd	1968	2317.000	2875.463
WYF00010.asd	1969	2318.000	2854.053
WYF00010.asd	1970	2319.000	2831.380
WYF00010.asd	1971	2320.000	2808.890
WYF00010.asd	1972	2321.000	2787.526
WYF00010.asd	1973	2322.000	2764.379
WYF00010.asd	1974	2323.000	2739.522
WYF00010.asd	1975	2324.000	2715.084
WYF00010.asd	1976	2325.000	2689.673
WYF00010.asd	1977	2326.000	2664.921
WYF00010.asd	1978	2327.000	2640.450
WYF00010.asd	1979	2328.000	2615.297
WYF00010.asd	1980	2329.000	2591.261
WYF00010.asd	1981	2330.000	2565.383
WYF00010.asd	1982	2331.000	2536.972
WYF00010.asd	1983	2332.000	2510.975
WYF00010.asd	1984	2333.000	2485.464
WYF00010.asd	1985	2334.000	2459.484
WYF00010.asd	1986	2335.000	2435.000
WYF00010.asd	1987	2336.000	2408.617
WYF00010.asd	1988	2337.000	2382.677
WYF00010.asd	1989	2338.000	2357.324
WYF00010.asd	1990	2339.000	2331.377
WYF00010.asd	1991	2340.000	2307.925
WYF00010.asd	1992	2341.000	2283.601
WYF00010.asd	1993	2342.000	2256.938
WYF00010.asd	1994	2343.000	2231.804
WYF00010.asd	1995	2344.000	2208.014
WYF00010.asd	1996	2345.000	2185.449
WYF00010.asd	1997	2346.000	2163.699
WYF00010.asd	1998	2347.000	2139.218
WYF00010.asd	1999	2348.000	2113.972
WYF00010.asd	2000	2349.000	2090.946
WYF00010.asd	2001	2350.000	2068.024
WYF00010.asd	2002	2351.000	2048.965
WYF00010.asd	2003	2352.000	2031.718
WYF00010.asd	2004	2353.000	2012.468
WYF00010.asd	2005	2354.000	1993.940
WYF00010.asd	2006	2355.000	1975.193
WYF00010.asd	2007	2356.000	1956.697
WYF00010.asd	2008	2357.000	1938.049
WYF00010.asd	2009	2358.000	1919.632
WYF00010.asd	2010	2359.000	1900.501
WYF00010.asd	2011	2360.000	1880.041
WYF00010.asd	2012	2361.000	1860.177
WYF00010.asd	2013	2362.000	1839.541
WYF00010.asd	2014	2363.000	1819.152
WYF00010.asd	2015	2364.000	1799.856
WYF00010.asd	2016	2365.000	1780.298
WYF00010.asd	2017	2366.000	1758.957
WYF00010.asd	2018	2367.000	1738.804
WYF00010.asd	2019	2368.000	1722.116
WYF00010.asd	2020	2369.000	1705.053
WYF00010.asd	2021	2370.000	1687.395
WYF00010.asd	2022	2371.000	1668.222
WYF00010.asd	2023	2372.000	1647.003
WYF00010.asd	2024	2373.000	1627.475
WYF00010.asd	2025	2374.000	1607.916
WYF00010.asd	2026	2375.000	1588.014
WYF00010.asd	2027	2376.000	1568.057
WYF00010.asd	2028	2377.000	1549.785
WYF00010.asd	2029	2378.000	1531.073
WYF00010.asd	2030	2379.000	1514.098
WYF00010.asd	2031	2380.000	1500.710
WYF00010.asd	2032	2381.000	1483.483
WYF00010.asd	2033	2382.000	1464.776
WYF00010.asd	2034	2383.000	1446.528
WYF00010.asd	2035	2384.000	1427.632
WYF00010.asd	2036	2385.000	1408.299
WYF00010.asd	2037	2386.000	1388.420
WYF00010.asd	2038	2387.000	1368.950
WYF00010.asd	2039	2388.000	1347.458
WYF00010.asd	2040	2389.000	1330.151
WYF00010.asd	2041	2390.000	1316.033
WYF00010.asd	2042	2391.000	1300.313
WYF00010.asd	2043	2392.000	1286.421
WYF00010.asd	2044	2393.000	1270.576
WYF00010.asd	2045	2394.000	1252.851
WYF00010.asd	2046	2395.000	1235.894
WYF00010.asd	2047	2396.000	1218.824
WYF00010.asd	2048	2397.000	1202.679
WYF00010.asd	2049	2398.000	1186.162
WYF00010.asd	2050	2399.000	1170.897
WYF00010.asd	2051	2400.000	1157.733
WYF00010.asd	2052	2401.000	1142.471
WYF00010.asd	2053	2402.000	1126.985
WYF00010.asd	2054	2403.000	1111.373
WYF00010.asd	2055	2404.000	1094.559
WYF00010.asd	2056	2405.000	1077.995
WYF00010.asd	2057	2406.000	1061.780
WYF00010.asd	2058	2407.000	1045.042
WYF00010.asd	2059	2408.000	1026.736
WYF00010.asd	2060	2409.000	1011.911
WYF00010.asd	2061	2410.000	998.048
WYF00010.asd	2062	2411.000	985.334
WYF00010.asd	2063	2412.000	976.503
WYF00010.asd	2064	2413.000	963.319
WYF00010.asd	2065	2414.000	948.906
WYF00010.asd	2066	2415.000	934.205
WYF00010.asd	2067	2416.000	916.119
WYF00010.asd	2068	2417.000	902.393
WYF00010.asd	2069	2418.000	891.634
WYF00010.asd	2070	2419.000	877.828
WYF00010.asd	2071	2420.000	863.989
WYF00010.asd	2072	2421.000	851.413
WYF00010.asd	2073	2422.000	837.294
WYF00010.asd	2074	2423.000	824.551
WYF00010.asd	2075	2424.000	814.307
WYF00010.asd	2076	2425.000	802.726
WYF00010.asd	2077	2426.000	790.686
WYF00010.asd	2078	2427.000	777.812
WYF00010.asd	2079	2428.000	764.704
WYF00010.asd	2080	2429.000	752.473
WYF00010.asd	2081	2430.000	739.028
WYF00010.asd	2082	2431.000	727.061
WYF00010.asd	2083	2432.000	716.780
WYF00010.asd	2084	2433.000	706.056
WYF00010.asd	2085	2434.000	695.360
WYF00010.asd	2086	2435.000	683.958
WYF00010.asd	2087	2436.000	672.772
WYF00010.asd	2088	2437.000	661.981
WYF00010.asd	2089	2438.000	650.167
WYF00010.asd	2090	2439.000	640.183
WYF00010.asd	2091	2440.000	631.787
WYF00010.asd	2092	2441.000	622.690
WYF00010.asd	2093	2442.000	614.300
WYF00010.asd	2094	2443.000	603.903
WYF00010.asd	2095	2444.000	592.459
WYF00010.asd	2096	2445.000	582.353
WYF00010.asd	2097	2446.000	571.373
WYF00010.asd	2098	2447.000	561.909
WYF00010.asd	2099	2448.000	554.296
WYF00010.asd	2100	2449.000	545.232
WYF00010.asd	2101	2450.000	535.166
WYF00010.asd	2102	2451.000	525.886
WYF00010.asd	2103	2452.000	517.087
WYF00010.asd	2104	2453.000	508.926
WYF00010.asd	2105	2454.000	501.491
WYF00010.asd	2106	2455.000	493.488
WYF00010.asd	2107	2456.000	485.620
WYF00010.asd	2108	2457.000	479.786
WYF00010.asd	2109	2458.000	473.684
WYF00010.asd	2110	2459.000	468.524
WYF00010.asd	2111	2460.000	461.251
WYF00010.asd	2112	2461.000	449.770
WYF00010.asd	2113	2462.000	440.807
WYF00010.asd	2114	2463.000	431.391
WYF00010.asd	2115	2464.000	423.890
WYF00010.asd	2116	2465.000	420.414
WYF00010.asd	2117	2466.000	414.514
WYF00010.asd	2118	2467.000	407.826
WYF00010.asd	2119	2468.000	401.627
WYF00010.asd	2120	2469.000	393.513
WYF00010.asd	2121	2470.000	387.242
WYF00010.asd	2122	2471.000	383.628
WYF00010.asd	2123	2472.000	378.357
WYF00010.asd	2124	2473.000	373.304
WYF00010.asd	2125	2474.000	367.396
WYF00010.asd	2126	2475.000	359.361
WYF00010.asd	2127	2476.000	353.010
WYF00010.asd	2128	2477.000	347.588
WYF00010.asd	2129	2478.000	341.386
WYF00010.asd	2130	2479.000	336.125
WYF00010.asd	2131	2480.000	329.577
WYF00010.asd	2132	2481.000	321.271
WYF00010.asd	2133	2482.000	314.031
WYF00010.asd	2134	2483.000	305.481
WYF00010.asd	2135	2484.000	300.071
WYF00010.asd	2136	2485.000	296.989
WYF00010.asd	2137	2486.000	293.221
WYF00010.asd	2138	2487.000	292.673
WYF00010.asd	2139	2488.000	287.923
WYF00010.asd	2140	2489.000	280.525
WYF00010.asd	2141	2490.000	273.745
WYF00010.asd	2142	2491.000	264.298
WYF00010.asd	2143	2492.000	258.062
WYF00010.asd	2144	2493.000	253.832
WYF00010.asd	2145	2494.000	248.312
WYF00010.asd	2146	2495.000	243.446
WYF00010.asd	2147	2496.000	238.376
WYF00010.asd	2148	2497.000	232.752
WYF00010.asd	2149	2498.000	226.979
WYF00010.asd	2150	2499.000	222.027
WYF00010.asd	2151	2500.000	215.430
