WYF00011.asd	1	350.000	19.833
WYF00011.asd	2	351.000	20.428
WYF00011.asd	3	352.000	21.111
WYF00011.asd	4	353.000	20.553
WYF00011.asd	5	354.000	22.239
WYF00011.asd	6	355.000	22.785
WYF00011.asd	7	356.000	22.043
WYF00011.asd	8	357.000	23.635
WYF00011.asd	9	358.000	25.166
WYF00011.asd	10	359.000	25.370
WYF00011.asd	11	360.000	25.106
WYF00011.asd	12	361.000	28.430
WYF00011.asd	13	362.000	30.326
WYF00011.asd	14	363.000	30.478
WYF00011.asd	15	364.000	30.342
WYF00011.asd	16	365.000	32.618
WYF00011.asd	17	366.000	33.527
WYF00011.asd	18	367.000	33.365
WYF00011.asd	19	368.000	34.081
WYF00011.asd	20	369.000	36.282
WYF00011.asd	21	370.000	36.809
WYF00011.asd	22	371.000	36.858
WYF00011.asd	23	372.000	40.261
WYF00011.asd	24	373.000	41.943
WYF00011.asd	25	374.000	42.374
WYF00011.asd	26	375.000	42.677
WYF00011.asd	27	376.000	43.810
WYF00011.asd	28	377.000	44.426
WYF00011.asd	29	378.000	45.560
WYF00011.asd	30	379.000	47.890
WYF00011.asd	31	380.000	50.325
WYF00011.asd	32	381.000	49.959
WYF00011.asd	33	382.000	49.364
WYF00011.asd	34	383.000	51.786
WYF00011.asd	35	384.000	54.055
WYF00011.asd	36	385.000	55.334
WYF00011.asd	37	386.000	56.419
WYF00011.asd	38	387.000	58.809
WYF00011.asd	39	388.000	60.322
WYF00011.asd	40	389.000	61.668
WYF00011.asd	41	390.000	63.508
WYF00011.asd	42	391.000	65.962
WYF00011.asd	43	392.000	66.215
WYF00011.asd	44	393.000	66.911
WYF00011.asd	45	394.000	69.982
WYF00011.asd	46	395.000	72.973
WYF00011.asd	47	396.000	75.419
WYF00011.asd	48	397.000	77.129
WYF00011.asd	49	398.000	78.479
WYF00011.asd	50	399.000	81.227
WYF00011.asd	51	400.000	84.115
WYF00011.asd	52	401.000	86.222
WYF00011.asd	53	402.000	87.335
WYF00011.asd	54	403.000	90.468
WYF00011.asd	55	404.000	92.998
WYF00011.asd	56	405.000	94.471
WYF00011.asd	57	406.000	98.405
WYF00011.asd	58	407.000	100.641
WYF00011.asd	59	408.000	102.858
WYF00011.asd	60	409.000	106.639
WYF00011.asd	61	410.000	109.056
WYF00011.asd	62	411.000	112.030
WYF00011.asd	63	412.000	115.945
WYF00011.asd	64	413.000	120.288
WYF00011.asd	65	414.000	123.768
WYF00011.asd	66	415.000	127.376
WYF00011.asd	67	416.000	131.805
WYF00011.asd	68	417.000	137.143
WYF00011.asd	69	418.000	141.367
WYF00011.asd	70	419.000	145.819
WYF00011.asd	71	420.000	151.300
WYF00011.asd	72	421.000	156.396
WYF00011.asd	73	422.000	161.318
WYF00011.asd	74	423.000	166.671
WYF00011.asd	75	424.000	172.844
WYF00011.asd	76	425.000	178.770
WYF00011.asd	77	426.000	183.809
WYF00011.asd	78	427.000	189.698
WYF00011.asd	79	428.000	198.894
WYF00011.asd	80	429.000	204.399
WYF00011.asd	81	430.000	210.895
WYF00011.asd	82	431.000	220.098
WYF00011.asd	83	432.000	227.291
WYF00011.asd	84	433.000	235.029
WYF00011.asd	85	434.000	242.763
WYF00011.asd	86	435.000	249.952
WYF00011.asd	87	436.000	258.644
WYF00011.asd	88	437.000	266.412
WYF00011.asd	89	438.000	273.877
WYF00011.asd	90	439.000	282.892
WYF00011.asd	91	440.000	290.934
WYF00011.asd	92	441.000	300.867
WYF00011.asd	93	442.000	312.651
WYF00011.asd	94	443.000	322.322
WYF00011.asd	95	444.000	331.588
WYF00011.asd	96	445.000	343.402
WYF00011.asd	97	446.000	357.987
WYF00011.asd	98	447.000	367.382
WYF00011.asd	99	448.000	377.367
WYF00011.asd	100	449.000	388.494
WYF00011.asd	101	450.000	399.160
WYF00011.asd	102	451.000	410.101
WYF00011.asd	103	452.000	420.906
WYF00011.asd	104	453.000	431.187
WYF00011.asd	105	454.000	440.732
WYF00011.asd	106	455.000	450.960
WYF00011.asd	107	456.000	460.407
WYF00011.asd	108	457.000	468.172
WYF00011.asd	109	458.000	476.330
WYF00011.asd	110	459.000	482.920
WYF00011.asd	111	460.000	489.421
WYF00011.asd	112	461.000	497.644
WYF00011.asd	113	462.000	502.611
WYF00011.asd	114	463.000	506.656
WYF00011.asd	115	464.000	511.567
WYF00011.asd	116	465.000	517.896
WYF00011.asd	117	466.000	523.814
WYF00011.asd	118	467.000	528.312
WYF00011.asd	119	468.000	531.792
WYF00011.asd	120	469.000	537.614
WYF00011.asd	121	470.000	543.146
WYF00011.asd	122	471.000	548.357
WYF00011.asd	123	472.000	554.090
WYF00011.asd	124	473.000	559.595
WYF00011.asd	125	474.000	565.919
WYF00011.asd	126	475.000	573.275
WYF00011.asd	127	476.000	580.810
WYF00011.asd	128	477.000	585.886
WYF00011.asd	129	478.000	591.214
WYF00011.asd	130	479.000	598.884
WYF00011.asd	131	480.000	606.845
WYF00011.asd	132	481.000	612.427
WYF00011.asd	133	482.000	617.297
WYF00011.asd	134	483.000	624.616
WYF00011.asd	135	484.000	632.429
WYF00011.asd	136	485.000	641.856
WYF00011.asd	137	486.000	652.573
WYF00011.asd	138	487.000	662.497
WYF00011.asd	139	488.000	673.487
WYF00011.asd	140	489.000	685.263
WYF00011.asd	141	490.000	697.809
WYF00011.asd	142	491.000	713.132
WYF00011.asd	143	492.000	730.415
WYF00011.asd	144	493.000	748.805
WYF00011.asd	145	494.000	767.607
WYF00011.asd	146	495.000	787.458
WYF00011.asd	147	496.000	809.824
WYF00011.asd	148	497.000	834.964
WYF00011.asd	149	498.000	861.510
WYF00011.asd	150	499.000	890.231
WYF00011.asd	151	500.000	921.593
WYF00011.asd	152	501.000	955.350
WYF00011.asd	153	502.000	989.050
WYF00011.asd	154	503.000	1025.500
WYF00011.asd	155	504.000	1065.862
WYF00011.asd	156	505.000	1109.776
WYF00011.asd	157	506.000	1153.677
WYF00011.asd	158	507.000	1198.914
WYF00011.asd	159	508.000	1247.781
WYF00011.asd	160	509.000	1303.127
WYF00011.asd	161	510.000	1359.618
WYF00011.asd	162	511.000	1416.957
WYF00011.asd	163	512.000	1477.175
WYF00011.asd	164	513.000	1545.069
WYF00011.asd	165	514.000	1613.468
WYF00011.asd	166	515.000	1682.776
WYF00011.asd	167	516.000	1758.876
WYF00011.asd	168	517.000	1835.619
WYF00011.asd	169	518.000	1913.858
WYF00011.asd	170	519.000	1994.773
WYF00011.asd	171	520.000	2078.183
WYF00011.asd	172	521.000	2161.652
WYF00011.asd	173	522.000	2245.239
WYF00011.asd	174	523.000	2329.577
WYF00011.asd	175	524.000	2412.940
WYF00011.asd	176	525.000	2494.538
WYF00011.asd	177	526.000	2575.213
WYF00011.asd	178	527.000	2657.077
WYF00011.asd	179	528.000	2733.798
WYF00011.asd	180	529.000	2808.254
WYF00011.asd	181	530.000	2882.620
WYF00011.asd	182	531.000	2951.546
WYF00011.asd	183	532.000	3021.274
WYF00011.asd	184	533.000	3091.253
WYF00011.asd	185	534.000	3158.078
WYF00011.asd	186	535.000	3223.759
WYF00011.asd	187	536.000	3290.141
WYF00011.asd	188	537.000	3356.452
WYF00011.asd	189	538.000	3418.450
WYF00011.asd	190	539.000	3483.203
WYF00011.asd	191	540.000	3548.995
WYF00011.asd	192	541.000	3613.297
WYF00011.asd	193	542.000	3679.567
WYF00011.asd	194	543.000	3747.026
WYF00011.asd	195	544.000	3815.563
WYF00011.asd	196	545.000	3885.568
WYF00011.asd	197	546.000	3958.014
WYF00011.asd	198	547.000	4029.090
WYF00011.asd	199	548.000	4098.084
WYF00011.asd	200	549.000	4171.312
WYF00011.asd	201	550.000	4245.836
WYF00011.asd	202	551.000	4320.305
WYF00011.asd	203	552.000	4394.413
WYF00011.asd	204	553.000	4470.950
WYF00011.asd	205	554.000	4547.384
WYF00011.asd	206	555.000	4622.701
WYF00011.asd	207	556.000	4697.616
WYF00011.asd	208	557.000	4770.414
WYF00011.asd	209	558.000	4840.417
WYF00011.asd	210	559.000	4906.510
WYF00011.asd	211	560.000	4965.849
WYF00011.asd	212	561.000	5018.978
WYF00011.asd	213	562.000	5066.248
WYF00011.asd	214	563.000	5107.444
WYF00011.asd	215	564.000	5139.227
WYF00011.asd	216	565.000	5158.767
WYF00011.asd	217	566.000	5166.596
WYF00011.asd	218	567.000	5167.777
WYF00011.asd	219	568.000	5159.262
WYF00011.asd	220	569.000	5138.521
WYF00011.asd	221	570.000	5105.286
WYF00011.asd	222	571.000	5066.141
WYF00011.asd	223	572.000	5024.529
WYF00011.asd	224	573.000	4984.172
WYF00011.asd	225	574.000	4948.973
WYF00011.asd	226	575.000	4922.533
WYF00011.asd	227	576.000	4908.011
WYF00011.asd	228	577.000	4902.548
WYF00011.asd	229	578.000	4891.949
WYF00011.asd	230	579.000	4878.182
WYF00011.asd	231	580.000	4855.689
WYF00011.asd	232	581.000	4820.340
WYF00011.asd	233	582.000	4788.164
WYF00011.asd	234	583.000	4763.314
WYF00011.asd	235	584.000	4746.026
WYF00011.asd	236	585.000	4733.165
WYF00011.asd	237	586.000	4727.444
WYF00011.asd	238	587.000	4720.448
WYF00011.asd	239	588.000	4704.646
WYF00011.asd	240	589.000	4682.486
WYF00011.asd	241	590.000	4658.347
WYF00011.asd	242	591.000	4634.956
WYF00011.asd	243	592.000	4615.040
WYF00011.asd	244	593.000	4611.202
WYF00011.asd	245	594.000	4618.635
WYF00011.asd	246	595.000	4630.824
WYF00011.asd	247	596.000	4642.395
WYF00011.asd	248	597.000	4659.842
WYF00011.asd	249	598.000	4682.005
WYF00011.asd	250	599.000	4705.182
WYF00011.asd	251	600.000	4726.525
WYF00011.asd	252	601.000	4749.445
WYF00011.asd	253	602.000	4773.718
WYF00011.asd	254	603.000	4795.257
WYF00011.asd	255	604.000	4807.496
WYF00011.asd	256	605.000	4813.386
WYF00011.asd	257	606.000	4815.160
WYF00011.asd	258	607.000	4807.096
WYF00011.asd	259	608.000	4796.936
WYF00011.asd	260	609.000	4787.833
WYF00011.asd	261	610.000	4779.858
WYF00011.asd	262	611.000	4768.910
WYF00011.asd	263	612.000	4755.520
WYF00011.asd	264	613.000	4741.699
WYF00011.asd	265	614.000	4730.890
WYF00011.asd	266	615.000	4713.396
WYF00011.asd	267	616.000	4692.135
WYF00011.asd	268	617.000	4672.190
WYF00011.asd	269	618.000	4652.689
WYF00011.asd	270	619.000	4628.882
WYF00011.asd	271	620.000	4603.011
WYF00011.asd	272	621.000	4582.159
WYF00011.asd	273	622.000	4563.498
WYF00011.asd	274	623.000	4544.427
WYF00011.asd	275	624.000	4524.573
WYF00011.asd	276	625.000	4508.198
WYF00011.asd	277	626.000	4493.220
WYF00011.asd	278	627.000	4478.546
WYF00011.asd	279	628.000	4463.547
WYF00011.asd	280	629.000	4448.695
WYF00011.asd	281	630.000	4433.804
WYF00011.asd	282	631.000	4418.492
WYF00011.asd	283	632.000	4402.118
WYF00011.asd	284	633.000	4379.584
WYF00011.asd	285	634.000	4350.983
WYF00011.asd	286	635.000	4317.486
WYF00011.asd	287	636.000	4279.317
WYF00011.asd	288	637.000	4235.724
WYF00011.asd	289	638.000	4185.213
WYF00011.asd	290	639.000	4126.711
WYF00011.asd	291	640.000	4065.990
WYF00011.asd	292	641.000	4001.880
WYF00011.asd	293	642.000	3934.534
WYF00011.asd	294	643.000	3867.605
WYF00011.asd	295	644.000	3798.033
WYF00011.asd	296	645.000	3728.591
WYF00011.asd	297	646.000	3662.893
WYF00011.asd	298	647.000	3599.415
WYF00011.asd	299	648.000	3543.271
WYF00011.asd	300	649.000	3492.974
WYF00011.asd	301	650.000	3442.268
WYF00011.asd	302	651.000	3403.751
WYF00011.asd	303	652.000	3372.678
WYF00011.asd	304	653.000	3343.662
WYF00011.asd	305	654.000	3317.592
WYF00011.asd	306	655.000	3289.377
WYF00011.asd	307	656.000	3260.465
WYF00011.asd	308	657.000	3233.306
WYF00011.asd	309	658.000	3197.724
WYF00011.asd	310	659.000	3159.691
WYF00011.asd	311	660.000	3121.739
WYF00011.asd	312	661.000	3080.968
WYF00011.asd	313	662.000	3038.317
WYF00011.asd	314	663.000	2995.798
WYF00011.asd	315	664.000	2955.335
WYF00011.asd	316	665.000	2917.260
WYF00011.asd	317	666.000	2884.182
WYF00011.asd	318	667.000	2857.050
WYF00011.asd	319	668.000	2835.489
WYF00011.asd	320	669.000	2817.505
WYF00011.asd	321	670.000	2806.363
WYF00011.asd	322	671.000	2802.436
WYF00011.asd	323	672.000	2800.483
WYF00011.asd	324	673.000	2806.202
WYF00011.asd	325	674.000	2819.435
WYF00011.asd	326	675.000	2838.236
WYF00011.asd	327	676.000	2861.129
WYF00011.asd	328	677.000	2890.264
WYF00011.asd	329	678.000	2926.284
WYF00011.asd	330	679.000	2968.684
WYF00011.asd	331	680.000	3019.012
WYF00011.asd	332	681.000	3080.433
WYF00011.asd	333	682.000	3155.646
WYF00011.asd	334	683.000	3245.419
WYF00011.asd	335	684.000	3355.192
WYF00011.asd	336	685.000	3487.104
WYF00011.asd	337	686.000	3642.181
WYF00011.asd	338	687.000	3823.122
WYF00011.asd	339	688.000	4031.909
WYF00011.asd	340	689.000	4270.706
WYF00011.asd	341	690.000	4541.583
WYF00011.asd	342	691.000	4839.632
WYF00011.asd	343	692.000	5163.986
WYF00011.asd	344	693.000	5512.866
WYF00011.asd	345	694.000	5879.478
WYF00011.asd	346	695.000	6270.156
WYF00011.asd	347	696.000	6685.635
WYF00011.asd	348	697.000	7122.941
WYF00011.asd	349	698.000	7574.042
WYF00011.asd	350	699.000	8043.773
WYF00011.asd	351	700.000	8533.628
WYF00011.asd	352	701.000	9039.618
WYF00011.asd	353	702.000	9561.586
WYF00011.asd	354	703.000	10097.067
WYF00011.asd	355	704.000	10643.624
WYF00011.asd	356	705.000	11199.782
WYF00011.asd	357	706.000	11770.535
WYF00011.asd	358	707.000	12353.293
WYF00011.asd	359	708.000	12942.512
WYF00011.asd	360	709.000	13546.639
WYF00011.asd	361	710.000	14161.188
WYF00011.asd	362	711.000	14782.934
WYF00011.asd	363	712.000	15412.386
WYF00011.asd	364	713.000	16051.114
WYF00011.asd	365	714.000	16703.297
WYF00011.asd	366	715.000	17369.740
WYF00011.asd	367	716.000	18038.506
WYF00011.asd	368	717.000	18712.459
WYF00011.asd	369	718.000	19393.091
WYF00011.asd	370	719.000	20080.752
WYF00011.asd	371	720.000	20774.135
WYF00011.asd	372	721.000	21469.023
WYF00011.asd	373	722.000	22164.472
WYF00011.asd	374	723.000	22865.328
WYF00011.asd	375	724.000	23556.783
WYF00011.asd	376	725.000	24242.768
WYF00011.asd	377	726.000	24928.604
WYF00011.asd	378	727.000	25602.104
WYF00011.asd	379	728.000	26277.178
WYF00011.asd	380	729.000	26949.389
WYF00011.asd	381	730.000	27602.650
WYF00011.asd	382	731.000	28239.521
WYF00011.asd	383	732.000	28861.981
WYF00011.asd	384	733.000	29469.171
WYF00011.asd	385	734.000	30055.133
WYF00011.asd	386	735.000	30637.574
WYF00011.asd	387	736.000	31204.117
WYF00011.asd	388	737.000	31739.360
WYF00011.asd	389	738.000	32249.681
WYF00011.asd	390	739.000	32753.451
WYF00011.asd	391	740.000	33240.889
WYF00011.asd	392	741.000	33688.222
WYF00011.asd	393	742.000	34130.192
WYF00011.asd	394	743.000	34553.014
WYF00011.asd	395	744.000	34951.325
WYF00011.asd	396	745.000	35341.664
WYF00011.asd	397	746.000	35703.024
WYF00011.asd	398	747.000	36050.887
WYF00011.asd	399	748.000	36400.730
WYF00011.asd	400	749.000	36732.250
WYF00011.asd	401	750.000	37053.645
WYF00011.asd	402	751.000	37359.407
WYF00011.asd	403	752.000	37638.774
WYF00011.asd	404	753.000	37908.402
WYF00011.asd	405	754.000	38170.783
WYF00011.asd	406	755.000	38419.123
WYF00011.asd	407	756.000	38636.975
WYF00011.asd	408	757.000	38851.698
WYF00011.asd	409	758.000	39062.222
WYF00011.asd	410	759.000	39261.054
WYF00011.asd	411	760.000	39444.696
WYF00011.asd	412	761.000	39617.255
WYF00011.asd	413	762.000	39782.342
WYF00011.asd	414	763.000	39940.865
WYF00011.asd	415	764.000	40079.075
WYF00011.asd	416	765.000	40203.277
WYF00011.asd	417	766.000	40319.487
WYF00011.asd	418	767.000	40431.111
WYF00011.asd	419	768.000	40541.074
WYF00011.asd	420	769.000	40643.956
WYF00011.asd	421	770.000	40736.760
WYF00011.asd	422	771.000	40828.019
WYF00011.asd	423	772.000	40902.232
WYF00011.asd	424	773.000	40966.776
WYF00011.asd	425	774.000	41034.457
WYF00011.asd	426	775.000	41096.054
WYF00011.asd	427	776.000	41144.175
WYF00011.asd	428	777.000	41183.519
WYF00011.asd	429	778.000	41227.482
WYF00011.asd	430	779.000	41263.083
WYF00011.asd	431	780.000	41289.514
WYF00011.asd	432	781.000	41306.838
WYF00011.asd	433	782.000	41312.434
WYF00011.asd	434	783.000	41328.808
WYF00011.asd	435	784.000	41338.468
WYF00011.asd	436	785.000	41323.180
WYF00011.asd	437	786.000	41307.533
WYF00011.asd	438	787.000	41291.555
WYF00011.asd	439	788.000	41270.530
WYF00011.asd	440	789.000	41236.381
WYF00011.asd	441	790.000	41180.122
WYF00011.asd	442	791.000	41116.247
WYF00011.asd	443	792.000	41055.566
WYF00011.asd	444	793.000	41000.620
WYF00011.asd	445	794.000	40937.928
WYF00011.asd	446	795.000	40870.444
WYF00011.asd	447	796.000	40804.497
WYF00011.asd	448	797.000	40749.705
WYF00011.asd	449	798.000	40655.402
WYF00011.asd	450	799.000	40543.383
WYF00011.asd	451	800.000	40450.567
WYF00011.asd	452	801.000	40343.021
WYF00011.asd	453	802.000	40251.134
WYF00011.asd	454	803.000	40178.712
WYF00011.asd	455	804.000	40106.404
WYF00011.asd	456	805.000	40014.145
WYF00011.asd	457	806.000	39901.321
WYF00011.asd	458	807.000	39778.698
WYF00011.asd	459	808.000	39666.850
WYF00011.asd	460	809.000	39536.777
WYF00011.asd	461	810.000	39413.589
WYF00011.asd	462	811.000	39310.052
WYF00011.asd	463	812.000	39174.003
WYF00011.asd	464	813.000	39038.507
WYF00011.asd	465	814.000	38906.977
WYF00011.asd	466	815.000	38773.047
WYF00011.asd	467	816.000	38639.587
WYF00011.asd	468	817.000	38511.649
WYF00011.asd	469	818.000	38387.399
WYF00011.asd	470	819.000	38260.082
WYF00011.asd	471	820.000	38130.130
WYF00011.asd	472	821.000	37990.504
WYF00011.asd	473	822.000	37841.072
WYF00011.asd	474	823.000	37691.448
WYF00011.asd	475	824.000	37555.568
WYF00011.asd	476	825.000	37403.734
WYF00011.asd	477	826.000	37222.082
WYF00011.asd	478	827.000	37055.037
WYF00011.asd	479	828.000	36890.031
WYF00011.asd	480	829.000	36726.760
WYF00011.asd	481	830.000	36562.887
WYF00011.asd	482	831.000	36374.849
WYF00011.asd	483	832.000	36191.177
WYF00011.asd	484	833.000	36016.733
WYF00011.asd	485	834.000	35841.314
WYF00011.asd	486	835.000	35666.548
WYF00011.asd	487	836.000	35490.296
WYF00011.asd	488	837.000	35312.091
WYF00011.asd	489	838.000	35133.133
WYF00011.asd	490	839.000	34947.654
WYF00011.asd	491	840.000	34770.948
WYF00011.asd	492	841.000	34602.528
WYF00011.asd	493	842.000	34410.680
WYF00011.asd	494	843.000	34234.790
WYF00011.asd	495	844.000	34059.864
WYF00011.asd	496	845.000	33873.121
WYF00011.asd	497	846.000	33710.371
WYF00011.asd	498	847.000	33533.595
WYF00011.asd	499	848.000	33345.868
WYF00011.asd	500	849.000	33166.119
WYF00011.asd	501	850.000	33005.652
WYF00011.asd	502	851.000	32835.818
WYF00011.asd	503	852.000	32649.753
WYF00011.asd	504	853.000	32458.419
WYF00011.asd	505	854.000	32280.470
WYF00011.asd	506	855.000	32098.648
WYF00011.asd	507	856.000	31910.903
WYF00011.asd	508	857.000	31731.733
WYF00011.asd	509	858.000	31543.128
WYF00011.asd	510	859.000	31357.323
WYF00011.asd	511	860.000	31177.923
WYF00011.asd	512	861.000	30989.472
WYF00011.asd	513	862.000	30802.917
WYF00011.asd	514	863.000	30616.787
WYF00011.asd	515	864.000	30426.855
WYF00011.asd	516	865.000	30228.274
WYF00011.asd	517	866.000	30036.919
WYF00011.asd	518	867.000	29857.773
WYF00011.asd	519	868.000	29683.852
WYF00011.asd	520	869.000	29483.946
WYF00011.asd	521	870.000	29280.513
WYF00011.asd	522	871.000	29083.212
WYF00011.asd	523	872.000	28892.061
WYF00011.asd	524	873.000	28693.891
WYF00011.asd	525	874.000	28495.326
WYF00011.asd	526	875.000	28300.903
WYF00011.asd	527	876.000	28111.099
WYF00011.asd	528	877.000	27913.773
WYF00011.asd	529	878.000	27722.194
WYF00011.asd	530	879.000	27534.838
WYF00011.asd	531	880.000	27336.445
WYF00011.asd	532	881.000	27133.672
WYF00011.asd	533	882.000	26933.753
WYF00011.asd	534	883.000	26740.783
WYF00011.asd	535	884.000	26553.591
WYF00011.asd	536	885.000	26351.689
WYF00011.asd	537	886.000	26148.578
WYF00011.asd	538	887.000	25951.830
WYF00011.asd	539	888.000	25748.628
WYF00011.asd	540	889.000	25549.694
WYF00011.asd	541	890.000	25346.451
WYF00011.asd	542	891.000	25135.941
WYF00011.asd	543	892.000	24936.575
WYF00011.asd	544	893.000	24737.822
WYF00011.asd	545	894.000	24543.577
WYF00011.asd	546	895.000	24357.028
WYF00011.asd	547	896.000	24168.602
WYF00011.asd	548	897.000	23978.555
WYF00011.asd	549	898.000	23780.512
WYF00011.asd	550	899.000	23573.557
WYF00011.asd	551	900.000	23382.023
WYF00011.asd	552	901.000	23190.752
WYF00011.asd	553	902.000	23001.202
WYF00011.asd	554	903.000	22819.136
WYF00011.asd	555	904.000	22635.033
WYF00011.asd	556	905.000	22443.117
WYF00011.asd	557	906.000	22248.303
WYF00011.asd	558	907.000	22057.853
WYF00011.asd	559	908.000	21857.878
WYF00011.asd	560	909.000	21657.773
WYF00011.asd	561	910.000	21460.180
WYF00011.asd	562	911.000	21261.990
WYF00011.asd	563	912.000	21059.892
WYF00011.asd	564	913.000	20863.401
WYF00011.asd	565	914.000	20667.956
WYF00011.asd	566	915.000	20461.509
WYF00011.asd	567	916.000	20265.821
WYF00011.asd	568	917.000	20065.141
WYF00011.asd	569	918.000	19861.201
WYF00011.asd	570	919.000	19670.685
WYF00011.asd	571	920.000	19475.028
WYF00011.asd	572	921.000	19274.421
WYF00011.asd	573	922.000	19070.388
WYF00011.asd	574	923.000	18864.184
WYF00011.asd	575	924.000	18662.938
WYF00011.asd	576	925.000	18457.043
WYF00011.asd	577	926.000	18247.146
WYF00011.asd	578	927.000	18045.097
WYF00011.asd	579	928.000	17836.096
WYF00011.asd	580	929.000	17623.214
WYF00011.asd	581	930.000	17408.931
WYF00011.asd	582	931.000	17192.905
WYF00011.asd	583	932.000	16987.532
WYF00011.asd	584	933.000	16783.677
WYF00011.asd	585	934.000	16577.170
WYF00011.asd	586	935.000	16373.581
WYF00011.asd	587	936.000	16169.446
WYF00011.asd	588	937.000	15966.873
WYF00011.asd	589	938.000	15767.729
WYF00011.asd	590	939.000	15572.352
WYF00011.asd	591	940.000	15381.593
WYF00011.asd	592	941.000	15184.663
WYF00011.asd	593	942.000	14981.933
WYF00011.asd	594	943.000	14787.843
WYF00011.asd	595	944.000	14594.602
WYF00011.asd	596	945.000	14400.247
WYF00011.asd	597	946.000	14206.702
WYF00011.asd	598	947.000	14018.664
WYF00011.asd	599	948.000	13831.512
WYF00011.asd	600	949.000	13642.883
WYF00011.asd	601	950.000	13455.709
WYF00011.asd	602	951.000	13276.436
WYF00011.asd	603	952.000	13089.402
WYF00011.asd	604	953.000	12904.006
WYF00011.asd	605	954.000	12722.638
WYF00011.asd	606	955.000	12537.948
WYF00011.asd	607	956.000	12361.349
WYF00011.asd	608	957.000	12189.152
WYF00011.asd	609	958.000	12019.725
WYF00011.asd	610	959.000	11854.798
WYF00011.asd	611	960.000	11689.997
WYF00011.asd	612	961.000	11527.336
WYF00011.asd	613	962.000	11366.599
WYF00011.asd	614	963.000	11205.651
WYF00011.asd	615	964.000	11047.253
WYF00011.asd	616	965.000	10891.959
WYF00011.asd	617	966.000	10740.817
WYF00011.asd	618	967.000	10594.123
WYF00011.asd	619	968.000	10445.238
WYF00011.asd	620	969.000	10299.850
WYF00011.asd	621	970.000	10155.985
WYF00011.asd	622	971.000	10008.843
WYF00011.asd	623	972.000	9867.965
WYF00011.asd	624	973.000	9727.618
WYF00011.asd	625	974.000	9585.861
WYF00011.asd	626	975.000	9444.121
WYF00011.asd	627	976.000	9306.153
WYF00011.asd	628	977.000	9169.687
WYF00011.asd	629	978.000	9032.251
WYF00011.asd	630	979.000	8893.693
WYF00011.asd	631	980.000	8760.879
WYF00011.asd	632	981.000	8629.345
WYF00011.asd	633	982.000	8497.387
WYF00011.asd	634	983.000	8365.733
WYF00011.asd	635	984.000	8238.387
WYF00011.asd	636	985.000	8111.043
WYF00011.asd	637	986.000	7983.983
WYF00011.asd	638	987.000	7857.450
WYF00011.asd	639	988.000	7729.268
WYF00011.asd	640	989.000	7604.977
WYF00011.asd	641	990.000	7481.678
WYF00011.asd	642	991.000	7357.776
WYF00011.asd	643	992.000	7235.952
WYF00011.asd	644	993.000	7112.500
WYF00011.asd	645	994.000	6991.887
WYF00011.asd	646	995.000	6875.802
WYF00011.asd	647	996.000	6760.926
WYF00011.asd	648	997.000	6639.508
WYF00011.asd	649	998.000	6522.021
WYF00011.asd	650	999.000	6409.973
WYF00011.asd	651	1000.000	6297.195
WYF00011.asd	652	1001.000	6859.783
WYF00011.asd	653	1002.000	6909.983
WYF00011.asd	654	1003.000	6958.183
WYF00011.asd	655	1004.000	7008.801
WYF00011.asd	656	1005.000	7061.433
WYF00011.asd	657	1006.000	7112.121
WYF00011.asd	658	1007.000	7163.242
WYF00011.asd	659	1008.000	7214.327
WYF00011.asd	660	1009.000	7263.524
WYF00011.asd	661	1010.000	7314.571
WYF00011.asd	662	1011.000	7368.596
WYF00011.asd	663	1012.000	7421.278
WYF00011.asd	664	1013.000	7479.156
WYF00011.asd	665	1014.000	7537.408
WYF00011.asd	666	1015.000	7594.223
WYF00011.asd	667	1016.000	7654.120
WYF00011.asd	668	1017.000	7712.991
WYF00011.asd	669	1018.000	7769.905
WYF00011.asd	670	1019.000	7830.976
WYF00011.asd	671	1020.000	7893.096
WYF00011.asd	672	1021.000	7957.189
WYF00011.asd	673	1022.000	8026.790
WYF00011.asd	674	1023.000	8092.395
WYF00011.asd	675	1024.000	8156.924
WYF00011.asd	676	1025.000	8223.257
WYF00011.asd	677	1026.000	8286.272
WYF00011.asd	678	1027.000	8349.167
WYF00011.asd	679	1028.000	8414.595
WYF00011.asd	680	1029.000	8476.203
WYF00011.asd	681	1030.000	8540.468
WYF00011.asd	682	1031.000	8605.426
WYF00011.asd	683	1032.000	8666.521
WYF00011.asd	684	1033.000	8726.260
WYF00011.asd	685	1034.000	8785.203
WYF00011.asd	686	1035.000	8840.674
WYF00011.asd	687	1036.000	8896.573
WYF00011.asd	688	1037.000	8952.119
WYF00011.asd	689	1038.000	9007.241
WYF00011.asd	690	1039.000	9062.318
WYF00011.asd	691	1040.000	9114.127
WYF00011.asd	692	1041.000	9163.656
WYF00011.asd	693	1042.000	9212.629
WYF00011.asd	694	1043.000	9257.249
WYF00011.asd	695	1044.000	9301.545
WYF00011.asd	696	1045.000	9346.136
WYF00011.asd	697	1046.000	9388.073
WYF00011.asd	698	1047.000	9430.868
WYF00011.asd	699	1048.000	9473.055
WYF00011.asd	700	1049.000	9513.363
WYF00011.asd	701	1050.000	9552.064
WYF00011.asd	702	1051.000	9590.103
WYF00011.asd	703	1052.000	9626.428
WYF00011.asd	704	1053.000	9663.107
WYF00011.asd	705	1054.000	9698.724
WYF00011.asd	706	1055.000	9733.209
WYF00011.asd	707	1056.000	9770.996
WYF00011.asd	708	1057.000	9807.721
WYF00011.asd	709	1058.000	9843.318
WYF00011.asd	710	1059.000	9882.327
WYF00011.asd	711	1060.000	9920.114
WYF00011.asd	712	1061.000	9958.176
WYF00011.asd	713	1062.000	9998.834
WYF00011.asd	714	1063.000	10038.993
WYF00011.asd	715	1064.000	10082.160
WYF00011.asd	716	1065.000	10127.679
WYF00011.asd	717	1066.000	10173.922
WYF00011.asd	718	1067.000	10220.843
WYF00011.asd	719	1068.000	10271.203
WYF00011.asd	720	1069.000	10320.849
WYF00011.asd	721	1070.000	10373.350
WYF00011.asd	722	1071.000	10429.426
WYF00011.asd	723	1072.000	10485.851
WYF00011.asd	724	1073.000	10547.885
WYF00011.asd	725	1074.000	10613.495
WYF00011.asd	726	1075.000	10680.844
WYF00011.asd	727	1076.000	10752.632
WYF00011.asd	728	1077.000	10823.160
WYF00011.asd	729	1078.000	10897.953
WYF00011.asd	730	1079.000	10977.285
WYF00011.asd	731	1080.000	11060.037
WYF00011.asd	732	1081.000	11144.030
WYF00011.asd	733	1082.000	11237.926
WYF00011.asd	734	1083.000	11332.813
WYF00011.asd	735	1084.000	11427.318
WYF00011.asd	736	1085.000	11529.197
WYF00011.asd	737	1086.000	11629.042
WYF00011.asd	738	1087.000	11733.793
WYF00011.asd	739	1088.000	11843.843
WYF00011.asd	740	1089.000	11952.110
WYF00011.asd	741	1090.000	12069.818
WYF00011.asd	742	1091.000	12189.094
WYF00011.asd	743	1092.000	12306.686
WYF00011.asd	744	1093.000	12429.648
WYF00011.asd	745	1094.000	12548.038
WYF00011.asd	746	1095.000	12668.995
WYF00011.asd	747	1096.000	12789.772
WYF00011.asd	748	1097.000	12913.225
WYF00011.asd	749	1098.000	13034.315
WYF00011.asd	750	1099.000	13162.888
WYF00011.asd	751	1100.000	13289.356
WYF00011.asd	752	1101.000	13411.272
WYF00011.asd	753	1102.000	13536.096
WYF00011.asd	754	1103.000	13653.255
WYF00011.asd	755	1104.000	13769.651
WYF00011.asd	756	1105.000	13887.682
WYF00011.asd	757	1106.000	14000.261
WYF00011.asd	758	1107.000	14117.596
WYF00011.asd	759	1108.000	14232.362
WYF00011.asd	760	1109.000	14339.441
WYF00011.asd	761	1110.000	14444.881
WYF00011.asd	762	1111.000	14547.729
WYF00011.asd	763	1112.000	14647.082
WYF00011.asd	764	1113.000	14742.209
WYF00011.asd	765	1114.000	14837.680
WYF00011.asd	766	1115.000	14927.360
WYF00011.asd	767	1116.000	15018.104
WYF00011.asd	768	1117.000	15105.653
WYF00011.asd	769	1118.000	15187.139
WYF00011.asd	770	1119.000	15268.902
WYF00011.asd	771	1120.000	15343.948
WYF00011.asd	772	1121.000	15415.545
WYF00011.asd	773	1122.000	15486.718
WYF00011.asd	774	1123.000	15553.340
WYF00011.asd	775	1124.000	15621.986
WYF00011.asd	776	1125.000	15687.617
WYF00011.asd	777	1126.000	15747.168
WYF00011.asd	778	1127.000	15803.488
WYF00011.asd	779	1128.000	15856.819
WYF00011.asd	780	1129.000	15904.759
WYF00011.asd	781	1130.000	15948.214
WYF00011.asd	782	1131.000	15987.808
WYF00011.asd	783	1132.000	16020.896
WYF00011.asd	784	1133.000	16052.235
WYF00011.asd	785	1134.000	16078.253
WYF00011.asd	786	1135.000	16100.221
WYF00011.asd	787	1136.000	16120.122
WYF00011.asd	788	1137.000	16134.705
WYF00011.asd	789	1138.000	16145.942
WYF00011.asd	790	1139.000	16154.725
WYF00011.asd	791	1140.000	16161.199
WYF00011.asd	792	1141.000	16166.072
WYF00011.asd	793	1142.000	16168.027
WYF00011.asd	794	1143.000	16165.759
WYF00011.asd	795	1144.000	16164.412
WYF00011.asd	796	1145.000	16159.872
WYF00011.asd	797	1146.000	16157.772
WYF00011.asd	798	1147.000	16155.636
WYF00011.asd	799	1148.000	16155.583
WYF00011.asd	800	1149.000	16157.057
WYF00011.asd	801	1150.000	16162.633
WYF00011.asd	802	1151.000	16172.941
WYF00011.asd	803	1152.000	16187.313
WYF00011.asd	804	1153.000	16206.966
WYF00011.asd	805	1154.000	16229.422
WYF00011.asd	806	1155.000	16256.718
WYF00011.asd	807	1156.000	16288.233
WYF00011.asd	808	1157.000	16323.273
WYF00011.asd	809	1158.000	16364.344
WYF00011.asd	810	1159.000	16407.274
WYF00011.asd	811	1160.000	16454.420
WYF00011.asd	812	1161.000	16502.460
WYF00011.asd	813	1162.000	16553.028
WYF00011.asd	814	1163.000	16604.491
WYF00011.asd	815	1164.000	16657.660
WYF00011.asd	816	1165.000	16712.561
WYF00011.asd	817	1166.000	16767.352
WYF00011.asd	818	1167.000	16825.788
WYF00011.asd	819	1168.000	16884.583
WYF00011.asd	820	1169.000	16942.549
WYF00011.asd	821	1170.000	17002.137
WYF00011.asd	822	1171.000	17058.315
WYF00011.asd	823	1172.000	17114.039
WYF00011.asd	824	1173.000	17171.201
WYF00011.asd	825	1174.000	17225.342
WYF00011.asd	826	1175.000	17281.542
WYF00011.asd	827	1176.000	17335.352
WYF00011.asd	828	1177.000	17387.745
WYF00011.asd	829	1178.000	17437.705
WYF00011.asd	830	1179.000	17485.996
WYF00011.asd	831	1180.000	17532.512
WYF00011.asd	832	1181.000	17577.573
WYF00011.asd	833	1182.000	17620.881
WYF00011.asd	834	1183.000	17661.336
WYF00011.asd	835	1184.000	17703.046
WYF00011.asd	836	1185.000	17743.895
WYF00011.asd	837	1186.000	17781.377
WYF00011.asd	838	1187.000	17821.687
WYF00011.asd	839	1188.000	17861.952
WYF00011.asd	840	1189.000	17900.603
WYF00011.asd	841	1190.000	17940.114
WYF00011.asd	842	1191.000	17978.866
WYF00011.asd	843	1192.000	18017.724
WYF00011.asd	844	1193.000	18057.206
WYF00011.asd	845	1194.000	18098.067
WYF00011.asd	846	1195.000	18136.895
WYF00011.asd	847	1196.000	18174.465
WYF00011.asd	848	1197.000	18212.793
WYF00011.asd	849	1198.000	18250.453
WYF00011.asd	850	1199.000	18288.102
WYF00011.asd	851	1200.000	18327.005
WYF00011.asd	852	1201.000	18365.581
WYF00011.asd	853	1202.000	18403.892
WYF00011.asd	854	1203.000	18440.312
WYF00011.asd	855	1204.000	18478.604
WYF00011.asd	856	1205.000	18515.896
WYF00011.asd	857	1206.000	18552.832
WYF00011.asd	858	1207.000	18590.760
WYF00011.asd	859	1208.000	18628.211
WYF00011.asd	860	1209.000	18665.276
WYF00011.asd	861	1210.000	18702.686
WYF00011.asd	862	1211.000	18740.249
WYF00011.asd	863	1212.000	18777.693
WYF00011.asd	864	1213.000	18815.243
WYF00011.asd	865	1214.000	18852.334
WYF00011.asd	866	1215.000	18889.407
WYF00011.asd	867	1216.000	18925.554
WYF00011.asd	868	1217.000	18960.815
WYF00011.asd	869	1218.000	18997.257
WYF00011.asd	870	1219.000	19034.157
WYF00011.asd	871	1220.000	19069.923
WYF00011.asd	872	1221.000	19106.785
WYF00011.asd	873	1222.000	19140.824
WYF00011.asd	874	1223.000	19174.745
WYF00011.asd	875	1224.000	19208.124
WYF00011.asd	876	1225.000	19239.507
WYF00011.asd	877	1226.000	19272.013
WYF00011.asd	878	1227.000	19302.835
WYF00011.asd	879	1228.000	19331.338
WYF00011.asd	880	1229.000	19358.877
WYF00011.asd	881	1230.000	19385.324
WYF00011.asd	882	1231.000	19410.949
WYF00011.asd	883	1232.000	19434.628
WYF00011.asd	884	1233.000	19458.413
WYF00011.asd	885	1234.000	19481.843
WYF00011.asd	886	1235.000	19504.931
WYF00011.asd	887	1236.000	19527.241
WYF00011.asd	888	1237.000	19549.386
WYF00011.asd	889	1238.000	19570.817
WYF00011.asd	890	1239.000	19592.657
WYF00011.asd	891	1240.000	19614.645
WYF00011.asd	892	1241.000	19636.252
WYF00011.asd	893	1242.000	19656.925
WYF00011.asd	894	1243.000	19679.741
WYF00011.asd	895	1244.000	19702.704
WYF00011.asd	896	1245.000	19724.011
WYF00011.asd	897	1246.000	19747.396
WYF00011.asd	898	1247.000	19768.566
WYF00011.asd	899	1248.000	19789.292
WYF00011.asd	900	1249.000	19809.042
WYF00011.asd	901	1250.000	19828.889
WYF00011.asd	902	1251.000	19849.221
WYF00011.asd	903	1252.000	19866.953
WYF00011.asd	904	1253.000	19884.889
WYF00011.asd	905	1254.000	19898.351
WYF00011.asd	906	1255.000	19908.334
WYF00011.asd	907	1256.000	19916.908
WYF00011.asd	908	1257.000	19922.769
WYF00011.asd	909	1258.000	19927.134
WYF00011.asd	910	1259.000	19928.957
WYF00011.asd	911	1260.000	19930.720
WYF00011.asd	912	1261.000	19931.428
WYF00011.asd	913	1262.000	19930.428
WYF00011.asd	914	1263.000	19928.156
WYF00011.asd	915	1264.000	19925.460
WYF00011.asd	916	1265.000	19921.448
WYF00011.asd	917	1266.000	19914.933
WYF00011.asd	918	1267.000	19907.956
WYF00011.asd	919	1268.000	19900.828
WYF00011.asd	920	1269.000	19893.790
WYF00011.asd	921	1270.000	19885.427
WYF00011.asd	922	1271.000	19878.765
WYF00011.asd	923	1272.000	19873.322
WYF00011.asd	924	1273.000	19867.222
WYF00011.asd	925	1274.000	19860.982
WYF00011.asd	926	1275.000	19855.131
WYF00011.asd	927	1276.000	19849.609
WYF00011.asd	928	1277.000	19843.919
WYF00011.asd	929	1278.000	19838.699
WYF00011.asd	930	1279.000	19833.071
WYF00011.asd	931	1280.000	19826.826
WYF00011.asd	932	1281.000	19820.994
WYF00011.asd	933	1282.000	19814.888
WYF00011.asd	934	1283.000	19809.535
WYF00011.asd	935	1284.000	19804.982
WYF00011.asd	936	1285.000	19799.941
WYF00011.asd	937	1286.000	19796.006
WYF00011.asd	938	1287.000	19791.540
WYF00011.asd	939	1288.000	19786.579
WYF00011.asd	940	1289.000	19782.051
WYF00011.asd	941	1290.000	19776.432
WYF00011.asd	942	1291.000	19770.122
WYF00011.asd	943	1292.000	19763.676
WYF00011.asd	944	1293.000	19756.144
WYF00011.asd	945	1294.000	19749.841
WYF00011.asd	946	1295.000	19743.601
WYF00011.asd	947	1296.000	19737.892
WYF00011.asd	948	1297.000	19733.472
WYF00011.asd	949	1298.000	19727.994
WYF00011.asd	950	1299.000	19722.521
WYF00011.asd	951	1300.000	19716.451
WYF00011.asd	952	1301.000	19709.516
WYF00011.asd	953	1302.000	19702.844
WYF00011.asd	954	1303.000	19696.416
WYF00011.asd	955	1304.000	19689.226
WYF00011.asd	956	1305.000	19682.148
WYF00011.asd	957	1306.000	19674.150
WYF00011.asd	958	1307.000	19665.471
WYF00011.asd	959	1308.000	19655.855
WYF00011.asd	960	1309.000	19645.976
WYF00011.asd	961	1310.000	19634.757
WYF00011.asd	962	1311.000	19622.520
WYF00011.asd	963	1312.000	19609.858
WYF00011.asd	964	1313.000	19597.539
WYF00011.asd	965	1314.000	19585.197
WYF00011.asd	966	1315.000	19571.924
WYF00011.asd	967	1316.000	19558.624
WYF00011.asd	968	1317.000	19544.629
WYF00011.asd	969	1318.000	19529.996
WYF00011.asd	970	1319.000	19513.922
WYF00011.asd	971	1320.000	19497.657
WYF00011.asd	972	1321.000	19479.793
WYF00011.asd	973	1322.000	19459.687
WYF00011.asd	974	1323.000	19439.889
WYF00011.asd	975	1324.000	19419.055
WYF00011.asd	976	1325.000	19398.615
WYF00011.asd	977	1326.000	19378.740
WYF00011.asd	978	1327.000	19357.123
WYF00011.asd	979	1328.000	19335.231
WYF00011.asd	980	1329.000	19312.332
WYF00011.asd	981	1330.000	19287.513
WYF00011.asd	982	1331.000	19262.766
WYF00011.asd	983	1332.000	19238.280
WYF00011.asd	984	1333.000	19211.973
WYF00011.asd	985	1334.000	19186.480
WYF00011.asd	986	1335.000	19159.756
WYF00011.asd	987	1336.000	19132.681
WYF00011.asd	988	1337.000	19105.281
WYF00011.asd	989	1338.000	19077.575
WYF00011.asd	990	1339.000	19049.948
WYF00011.asd	991	1340.000	19019.925
WYF00011.asd	992	1341.000	18989.664
WYF00011.asd	993	1342.000	18956.441
WYF00011.asd	994	1343.000	18920.850
WYF00011.asd	995	1344.000	18883.287
WYF00011.asd	996	1345.000	18844.497
WYF00011.asd	997	1346.000	18802.488
WYF00011.asd	998	1347.000	18759.700
WYF00011.asd	999	1348.000	18710.880
WYF00011.asd	1000	1349.000	18657.415
WYF00011.asd	1001	1350.000	18601.459
WYF00011.asd	1002	1351.000	18541.775
WYF00011.asd	1003	1352.000	18477.663
WYF00011.asd	1004	1353.000	18410.262
WYF00011.asd	1005	1354.000	18339.828
WYF00011.asd	1006	1355.000	18262.133
WYF00011.asd	1007	1356.000	18185.908
WYF00011.asd	1008	1357.000	18103.200
WYF00011.asd	1009	1358.000	18028.156
WYF00011.asd	1010	1359.000	17955.708
WYF00011.asd	1011	1360.000	17884.512
WYF00011.asd	1012	1361.000	17822.462
WYF00011.asd	1013	1362.000	17769.300
WYF00011.asd	1014	1363.000	17723.743
WYF00011.asd	1015	1364.000	17686.140
WYF00011.asd	1016	1365.000	17654.481
WYF00011.asd	1017	1366.000	17633.744
WYF00011.asd	1018	1367.000	17610.340
WYF00011.asd	1019	1368.000	17595.241
WYF00011.asd	1020	1369.000	17570.305
WYF00011.asd	1021	1370.000	17549.760
WYF00011.asd	1022	1371.000	17511.563
WYF00011.asd	1023	1372.000	17473.725
WYF00011.asd	1024	1373.000	17406.985
WYF00011.asd	1025	1374.000	17328.956
WYF00011.asd	1026	1375.000	17221.052
WYF00011.asd	1027	1376.000	17091.249
WYF00011.asd	1028	1377.000	16932.985
WYF00011.asd	1029	1378.000	16738.138
WYF00011.asd	1030	1379.000	16538.946
WYF00011.asd	1031	1380.000	16306.674
WYF00011.asd	1032	1381.000	16083.183
WYF00011.asd	1033	1382.000	15846.315
WYF00011.asd	1034	1383.000	15622.311
WYF00011.asd	1035	1384.000	15407.829
WYF00011.asd	1036	1385.000	15186.705
WYF00011.asd	1037	1386.000	14968.417
WYF00011.asd	1038	1387.000	14753.970
WYF00011.asd	1039	1388.000	14526.164
WYF00011.asd	1040	1389.000	14295.458
WYF00011.asd	1041	1390.000	14046.815
WYF00011.asd	1042	1391.000	13789.284
WYF00011.asd	1043	1392.000	13524.083
WYF00011.asd	1044	1393.000	13239.783
WYF00011.asd	1045	1394.000	12962.219
WYF00011.asd	1046	1395.000	12677.205
WYF00011.asd	1047	1396.000	12407.792
WYF00011.asd	1048	1397.000	12137.071
WYF00011.asd	1049	1398.000	11881.391
WYF00011.asd	1050	1399.000	11636.434
WYF00011.asd	1051	1400.000	11403.312
WYF00011.asd	1052	1401.000	11178.647
WYF00011.asd	1053	1402.000	10964.313
WYF00011.asd	1054	1403.000	10763.061
WYF00011.asd	1055	1404.000	10572.344
WYF00011.asd	1056	1405.000	10389.446
WYF00011.asd	1057	1406.000	10219.218
WYF00011.asd	1058	1407.000	10061.035
WYF00011.asd	1059	1408.000	9915.576
WYF00011.asd	1060	1409.000	9781.862
WYF00011.asd	1061	1410.000	9658.364
WYF00011.asd	1062	1411.000	9549.817
WYF00011.asd	1063	1412.000	9448.794
WYF00011.asd	1064	1413.000	9358.316
WYF00011.asd	1065	1414.000	9274.155
WYF00011.asd	1066	1415.000	9199.484
WYF00011.asd	1067	1416.000	9131.205
WYF00011.asd	1068	1417.000	9069.980
WYF00011.asd	1069	1418.000	9014.690
WYF00011.asd	1070	1419.000	8966.136
WYF00011.asd	1071	1420.000	8925.406
WYF00011.asd	1072	1421.000	8888.798
WYF00011.asd	1073	1422.000	8858.049
WYF00011.asd	1074	1423.000	8831.348
WYF00011.asd	1075	1424.000	8810.805
WYF00011.asd	1076	1425.000	8791.988
WYF00011.asd	1077	1426.000	8777.255
WYF00011.asd	1078	1427.000	8764.694
WYF00011.asd	1079	1428.000	8755.278
WYF00011.asd	1080	1429.000	8748.174
WYF00011.asd	1081	1430.000	8743.580
WYF00011.asd	1082	1431.000	8742.191
WYF00011.asd	1083	1432.000	8743.349
WYF00011.asd	1084	1433.000	8747.830
WYF00011.asd	1085	1434.000	8756.185
WYF00011.asd	1086	1435.000	8765.977
WYF00011.asd	1087	1436.000	8779.606
WYF00011.asd	1088	1437.000	8792.727
WYF00011.asd	1089	1438.000	8807.439
WYF00011.asd	1090	1439.000	8822.415
WYF00011.asd	1091	1440.000	8837.586
WYF00011.asd	1092	1441.000	8854.092
WYF00011.asd	1093	1442.000	8872.018
WYF00011.asd	1094	1443.000	8890.092
WYF00011.asd	1095	1444.000	8909.292
WYF00011.asd	1096	1445.000	8928.327
WYF00011.asd	1097	1446.000	8947.727
WYF00011.asd	1098	1447.000	8966.941
WYF00011.asd	1099	1448.000	8986.325
WYF00011.asd	1100	1449.000	9005.534
WYF00011.asd	1101	1450.000	9024.024
WYF00011.asd	1102	1451.000	9043.541
WYF00011.asd	1103	1452.000	9064.575
WYF00011.asd	1104	1453.000	9084.048
WYF00011.asd	1105	1454.000	9103.448
WYF00011.asd	1106	1455.000	9122.075
WYF00011.asd	1107	1456.000	9140.346
WYF00011.asd	1108	1457.000	9158.324
WYF00011.asd	1109	1458.000	9177.222
WYF00011.asd	1110	1459.000	9196.646
WYF00011.asd	1111	1460.000	9217.322
WYF00011.asd	1112	1461.000	9237.851
WYF00011.asd	1113	1462.000	9261.051
WYF00011.asd	1114	1463.000	9285.306
WYF00011.asd	1115	1464.000	9313.087
WYF00011.asd	1116	1465.000	9343.249
WYF00011.asd	1117	1466.000	9375.237
WYF00011.asd	1118	1467.000	9409.543
WYF00011.asd	1119	1468.000	9447.075
WYF00011.asd	1120	1469.000	9486.492
WYF00011.asd	1121	1470.000	9528.931
WYF00011.asd	1122	1471.000	9575.348
WYF00011.asd	1123	1472.000	9622.834
WYF00011.asd	1124	1473.000	9673.010
WYF00011.asd	1125	1474.000	9723.428
WYF00011.asd	1126	1475.000	9775.293
WYF00011.asd	1127	1476.000	9828.970
WYF00011.asd	1128	1477.000	9883.669
WYF00011.asd	1129	1478.000	9939.481
WYF00011.asd	1130	1479.000	9997.723
WYF00011.asd	1131	1480.000	10055.905
WYF00011.asd	1132	1481.000	10115.140
WYF00011.asd	1133	1482.000	10174.031
WYF00011.asd	1134	1483.000	10232.904
WYF00011.asd	1135	1484.000	10293.021
WYF00011.asd	1136	1485.000	10354.603
WYF00011.asd	1137	1486.000	10414.284
WYF00011.asd	1138	1487.000	10473.269
WYF00011.asd	1139	1488.000	10533.423
WYF00011.asd	1140	1489.000	10592.527
WYF00011.asd	1141	1490.000	10652.431
WYF00011.asd	1142	1491.000	10714.982
WYF00011.asd	1143	1492.000	10776.088
WYF00011.asd	1144	1493.000	10835.866
WYF00011.asd	1145	1494.000	10895.861
WYF00011.asd	1146	1495.000	10954.954
WYF00011.asd	1147	1496.000	11015.149
WYF00011.asd	1148	1497.000	11077.419
WYF00011.asd	1149	1498.000	11137.532
WYF00011.asd	1150	1499.000	11195.438
WYF00011.asd	1151	1500.000	11256.239
WYF00011.asd	1152	1501.000	11316.729
WYF00011.asd	1153	1502.000	11373.544
WYF00011.asd	1154	1503.000	11434.280
WYF00011.asd	1155	1504.000	11493.758
WYF00011.asd	1156	1505.000	11552.683
WYF00011.asd	1157	1506.000	11610.799
WYF00011.asd	1158	1507.000	11668.861
WYF00011.asd	1159	1508.000	11726.370
WYF00011.asd	1160	1509.000	11784.512
WYF00011.asd	1161	1510.000	11843.283
WYF00011.asd	1162	1511.000	11899.363
WYF00011.asd	1163	1512.000	11954.704
WYF00011.asd	1164	1513.000	12009.567
WYF00011.asd	1165	1514.000	12062.465
WYF00011.asd	1166	1515.000	12115.625
WYF00011.asd	1167	1516.000	12168.915
WYF00011.asd	1168	1517.000	12222.344
WYF00011.asd	1169	1518.000	12275.372
WYF00011.asd	1170	1519.000	12327.351
WYF00011.asd	1171	1520.000	12379.359
WYF00011.asd	1172	1521.000	12430.682
WYF00011.asd	1173	1522.000	12480.746
WYF00011.asd	1174	1523.000	12530.467
WYF00011.asd	1175	1524.000	12580.847
WYF00011.asd	1176	1525.000	12629.800
WYF00011.asd	1177	1526.000	12677.225
WYF00011.asd	1178	1527.000	12724.003
WYF00011.asd	1179	1528.000	12769.610
WYF00011.asd	1180	1529.000	12815.492
WYF00011.asd	1181	1530.000	12861.078
WYF00011.asd	1182	1531.000	12905.807
WYF00011.asd	1183	1532.000	12950.306
WYF00011.asd	1184	1533.000	12994.749
WYF00011.asd	1185	1534.000	13039.295
WYF00011.asd	1186	1535.000	13081.367
WYF00011.asd	1187	1536.000	13122.031
WYF00011.asd	1188	1537.000	13162.950
WYF00011.asd	1189	1538.000	13201.882
WYF00011.asd	1190	1539.000	13241.197
WYF00011.asd	1191	1540.000	13281.852
WYF00011.asd	1192	1541.000	13321.149
WYF00011.asd	1193	1542.000	13358.992
WYF00011.asd	1194	1543.000	13396.639
WYF00011.asd	1195	1544.000	13434.695
WYF00011.asd	1196	1545.000	13470.834
WYF00011.asd	1197	1546.000	13505.303
WYF00011.asd	1198	1547.000	13539.776
WYF00011.asd	1199	1548.000	13572.817
WYF00011.asd	1200	1549.000	13606.365
WYF00011.asd	1201	1550.000	13640.285
WYF00011.asd	1202	1551.000	13673.437
WYF00011.asd	1203	1552.000	13706.528
WYF00011.asd	1204	1553.000	13738.698
WYF00011.asd	1205	1554.000	13770.468
WYF00011.asd	1206	1555.000	13801.192
WYF00011.asd	1207	1556.000	13831.015
WYF00011.asd	1208	1557.000	13860.249
WYF00011.asd	1209	1558.000	13888.847
WYF00011.asd	1210	1559.000	13916.148
WYF00011.asd	1211	1560.000	13941.930
WYF00011.asd	1212	1561.000	13967.617
WYF00011.asd	1213	1562.000	13991.542
WYF00011.asd	1214	1563.000	14017.356
WYF00011.asd	1215	1564.000	14040.951
WYF00011.asd	1216	1565.000	14063.896
WYF00011.asd	1217	1566.000	14085.603
WYF00011.asd	1218	1567.000	14104.388
WYF00011.asd	1219	1568.000	14123.895
WYF00011.asd	1220	1569.000	14143.273
WYF00011.asd	1221	1570.000	14162.935
WYF00011.asd	1222	1571.000	14182.791
WYF00011.asd	1223	1572.000	14200.193
WYF00011.asd	1224	1573.000	14219.547
WYF00011.asd	1225	1574.000	14239.041
WYF00011.asd	1226	1575.000	14256.353
WYF00011.asd	1227	1576.000	14274.901
WYF00011.asd	1228	1577.000	14290.673
WYF00011.asd	1229	1578.000	14303.348
WYF00011.asd	1230	1579.000	14315.749
WYF00011.asd	1231	1580.000	14327.068
WYF00011.asd	1232	1581.000	14339.756
WYF00011.asd	1233	1582.000	14353.841
WYF00011.asd	1234	1583.000	14367.026
WYF00011.asd	1235	1584.000	14379.572
WYF00011.asd	1236	1585.000	14392.050
WYF00011.asd	1237	1586.000	14404.291
WYF00011.asd	1238	1587.000	14415.551
WYF00011.asd	1239	1588.000	14427.113
WYF00011.asd	1240	1589.000	14439.104
WYF00011.asd	1241	1590.000	14450.503
WYF00011.asd	1242	1591.000	14461.378
WYF00011.asd	1243	1592.000	14472.033
WYF00011.asd	1244	1593.000	14482.735
WYF00011.asd	1245	1594.000	14492.650
WYF00011.asd	1246	1595.000	14501.878
WYF00011.asd	1247	1596.000	14511.001
WYF00011.asd	1248	1597.000	14520.223
WYF00011.asd	1249	1598.000	14528.138
WYF00011.asd	1250	1599.000	14535.364
WYF00011.asd	1251	1600.000	14541.689
WYF00011.asd	1252	1601.000	14546.942
WYF00011.asd	1253	1602.000	14551.998
WYF00011.asd	1254	1603.000	14556.443
WYF00011.asd	1255	1604.000	14560.396
WYF00011.asd	1256	1605.000	14564.210
WYF00011.asd	1257	1606.000	14566.588
WYF00011.asd	1258	1607.000	14567.625
WYF00011.asd	1259	1608.000	14569.030
WYF00011.asd	1260	1609.000	14570.074
WYF00011.asd	1261	1610.000	14569.748
WYF00011.asd	1262	1611.000	14569.420
WYF00011.asd	1263	1612.000	14567.551
WYF00011.asd	1264	1613.000	14563.711
WYF00011.asd	1265	1614.000	14560.136
WYF00011.asd	1266	1615.000	14555.891
WYF00011.asd	1267	1616.000	14551.792
WYF00011.asd	1268	1617.000	14547.569
WYF00011.asd	1269	1618.000	14542.477
WYF00011.asd	1270	1619.000	14537.888
WYF00011.asd	1271	1620.000	14530.822
WYF00011.asd	1272	1621.000	14522.227
WYF00011.asd	1273	1622.000	14512.634
WYF00011.asd	1274	1623.000	14501.235
WYF00011.asd	1275	1624.000	14489.483
WYF00011.asd	1276	1625.000	14477.338
WYF00011.asd	1277	1626.000	14463.701
WYF00011.asd	1278	1627.000	14448.763
WYF00011.asd	1279	1628.000	14433.351
WYF00011.asd	1280	1629.000	14416.961
WYF00011.asd	1281	1630.000	14399.247
WYF00011.asd	1282	1631.000	14380.218
WYF00011.asd	1283	1632.000	14361.566
WYF00011.asd	1284	1633.000	14342.390
WYF00011.asd	1285	1634.000	14322.208
WYF00011.asd	1286	1635.000	14302.108
WYF00011.asd	1287	1636.000	14280.903
WYF00011.asd	1288	1637.000	14258.699
WYF00011.asd	1289	1638.000	14234.115
WYF00011.asd	1290	1639.000	14208.583
WYF00011.asd	1291	1640.000	14181.397
WYF00011.asd	1292	1641.000	14151.848
WYF00011.asd	1293	1642.000	14121.953
WYF00011.asd	1294	1643.000	14091.542
WYF00011.asd	1295	1644.000	14059.317
WYF00011.asd	1296	1645.000	14025.147
WYF00011.asd	1297	1646.000	13989.983
WYF00011.asd	1298	1647.000	13953.873
WYF00011.asd	1299	1648.000	13916.432
WYF00011.asd	1300	1649.000	13877.296
WYF00011.asd	1301	1650.000	13838.532
WYF00011.asd	1302	1651.000	13799.226
WYF00011.asd	1303	1652.000	13758.539
WYF00011.asd	1304	1653.000	13718.124
WYF00011.asd	1305	1654.000	13673.624
WYF00011.asd	1306	1655.000	13626.866
WYF00011.asd	1307	1656.000	13578.120
WYF00011.asd	1308	1657.000	13528.022
WYF00011.asd	1309	1658.000	13473.537
WYF00011.asd	1310	1659.000	13415.244
WYF00011.asd	1311	1660.000	13356.348
WYF00011.asd	1312	1661.000	13293.914
WYF00011.asd	1313	1662.000	13229.687
WYF00011.asd	1314	1663.000	13165.809
WYF00011.asd	1315	1664.000	13099.224
WYF00011.asd	1316	1665.000	13033.218
WYF00011.asd	1317	1666.000	12967.704
WYF00011.asd	1318	1667.000	12903.214
WYF00011.asd	1319	1668.000	12841.819
WYF00011.asd	1320	1669.000	12779.501
WYF00011.asd	1321	1670.000	12720.003
WYF00011.asd	1322	1671.000	12663.981
WYF00011.asd	1323	1672.000	12609.677
WYF00011.asd	1324	1673.000	12559.771
WYF00011.asd	1325	1674.000	12512.593
WYF00011.asd	1326	1675.000	12465.946
WYF00011.asd	1327	1676.000	12421.111
WYF00011.asd	1328	1677.000	12374.156
WYF00011.asd	1329	1678.000	12326.030
WYF00011.asd	1330	1679.000	12278.235
WYF00011.asd	1331	1680.000	12227.835
WYF00011.asd	1332	1681.000	12177.842
WYF00011.asd	1333	1682.000	12124.061
WYF00011.asd	1334	1683.000	12067.551
WYF00011.asd	1335	1684.000	12011.161
WYF00011.asd	1336	1685.000	11950.023
WYF00011.asd	1337	1686.000	11888.887
WYF00011.asd	1338	1687.000	11828.702
WYF00011.asd	1339	1688.000	11766.557
WYF00011.asd	1340	1689.000	11706.636
WYF00011.asd	1341	1690.000	11646.134
WYF00011.asd	1342	1691.000	11586.216
WYF00011.asd	1343	1692.000	11529.806
WYF00011.asd	1344	1693.000	11469.896
WYF00011.asd	1345	1694.000	11410.719
WYF00011.asd	1346	1695.000	11354.233
WYF00011.asd	1347	1696.000	11294.723
WYF00011.asd	1348	1697.000	11237.194
WYF00011.asd	1349	1698.000	11179.957
WYF00011.asd	1350	1699.000	11121.150
WYF00011.asd	1351	1700.000	11064.510
WYF00011.asd	1352	1701.000	11005.594
WYF00011.asd	1353	1702.000	10947.940
WYF00011.asd	1354	1703.000	10892.522
WYF00011.asd	1355	1704.000	10835.294
WYF00011.asd	1356	1705.000	10779.884
WYF00011.asd	1357	1706.000	10723.437
WYF00011.asd	1358	1707.000	10666.765
WYF00011.asd	1359	1708.000	10611.547
WYF00011.asd	1360	1709.000	10552.588
WYF00011.asd	1361	1710.000	10494.127
WYF00011.asd	1362	1711.000	10436.018
WYF00011.asd	1363	1712.000	10374.529
WYF00011.asd	1364	1713.000	10315.844
WYF00011.asd	1365	1714.000	10256.698
WYF00011.asd	1366	1715.000	10195.697
WYF00011.asd	1367	1716.000	10138.396
WYF00011.asd	1368	1717.000	10078.711
WYF00011.asd	1369	1718.000	10019.203
WYF00011.asd	1370	1719.000	9963.781
WYF00011.asd	1371	1720.000	9905.917
WYF00011.asd	1372	1721.000	9851.214
WYF00011.asd	1373	1722.000	9798.763
WYF00011.asd	1374	1723.000	9747.450
WYF00011.asd	1375	1724.000	9698.245
WYF00011.asd	1376	1725.000	9648.630
WYF00011.asd	1377	1726.000	9599.490
WYF00011.asd	1378	1727.000	9553.561
WYF00011.asd	1379	1728.000	9509.071
WYF00011.asd	1380	1729.000	9465.818
WYF00011.asd	1381	1730.000	9425.146
WYF00011.asd	1382	1731.000	9385.150
WYF00011.asd	1383	1732.000	9346.182
WYF00011.asd	1384	1733.000	9306.154
WYF00011.asd	1385	1734.000	9267.758
WYF00011.asd	1386	1735.000	9228.394
WYF00011.asd	1387	1736.000	9188.142
WYF00011.asd	1388	1737.000	9147.863
WYF00011.asd	1389	1738.000	9108.342
WYF00011.asd	1390	1739.000	9067.534
WYF00011.asd	1391	1740.000	9022.780
WYF00011.asd	1392	1741.000	8976.760
WYF00011.asd	1393	1742.000	8930.783
WYF00011.asd	1394	1743.000	8882.489
WYF00011.asd	1395	1744.000	8834.956
WYF00011.asd	1396	1745.000	8785.091
WYF00011.asd	1397	1746.000	8733.354
WYF00011.asd	1398	1747.000	8682.079
WYF00011.asd	1399	1748.000	8627.164
WYF00011.asd	1400	1749.000	8573.044
WYF00011.asd	1401	1750.000	8519.190
WYF00011.asd	1402	1751.000	8463.111
WYF00011.asd	1403	1752.000	8409.210
WYF00011.asd	1404	1753.000	8354.667
WYF00011.asd	1405	1754.000	8299.993
WYF00011.asd	1406	1755.000	8247.084
WYF00011.asd	1407	1756.000	8192.152
WYF00011.asd	1408	1757.000	8138.192
WYF00011.asd	1409	1758.000	8085.424
WYF00011.asd	1410	1759.000	8032.364
WYF00011.asd	1411	1760.000	7981.812
WYF00011.asd	1412	1761.000	7930.913
WYF00011.asd	1413	1762.000	7880.212
WYF00011.asd	1414	1763.000	7830.632
WYF00011.asd	1415	1764.000	7779.278
WYF00011.asd	1416	1765.000	7730.213
WYF00011.asd	1417	1766.000	7682.818
WYF00011.asd	1418	1767.000	7635.210
WYF00011.asd	1419	1768.000	7591.195
WYF00011.asd	1420	1769.000	7546.161
WYF00011.asd	1421	1770.000	7500.019
WYF00011.asd	1422	1771.000	7455.305
WYF00011.asd	1423	1772.000	7407.267
WYF00011.asd	1424	1773.000	7360.621
WYF00011.asd	1425	1774.000	7316.439
WYF00011.asd	1426	1775.000	7271.358
WYF00011.asd	1427	1776.000	7227.568
WYF00011.asd	1428	1777.000	7182.129
WYF00011.asd	1429	1778.000	7135.716
WYF00011.asd	1430	1779.000	7086.863
WYF00011.asd	1431	1780.000	7038.805
WYF00011.asd	1432	1781.000	6992.155
WYF00011.asd	1433	1782.000	6945.410
WYF00011.asd	1434	1783.000	6898.964
WYF00011.asd	1435	1784.000	6850.283
WYF00011.asd	1436	1785.000	6799.411
WYF00011.asd	1437	1786.000	6748.443
WYF00011.asd	1438	1787.000	6693.189
WYF00011.asd	1439	1788.000	6636.794
WYF00011.asd	1440	1789.000	6580.593
WYF00011.asd	1441	1790.000	6519.659
WYF00011.asd	1442	1791.000	6457.952
WYF00011.asd	1443	1792.000	6391.698
WYF00011.asd	1444	1793.000	6319.091
WYF00011.asd	1445	1794.000	6245.116
WYF00011.asd	1446	1795.000	6162.298
WYF00011.asd	1447	1796.000	6074.672
WYF00011.asd	1448	1797.000	5984.489
WYF00011.asd	1449	1798.000	5885.057
WYF00011.asd	1450	1799.000	5785.377
WYF00011.asd	1451	1800.000	5679.755
WYF00011.asd	1452	1801.000	10286.893
WYF00011.asd	1453	1802.000	10394.962
WYF00011.asd	1454	1803.000	10507.889
WYF00011.asd	1455	1804.000	10619.262
WYF00011.asd	1456	1805.000	10730.912
WYF00011.asd	1457	1806.000	10842.894
WYF00011.asd	1458	1807.000	10950.362
WYF00011.asd	1459	1808.000	11060.409
WYF00011.asd	1460	1809.000	11161.354
WYF00011.asd	1461	1810.000	11260.369
WYF00011.asd	1462	1811.000	11347.379
WYF00011.asd	1463	1812.000	11427.017
WYF00011.asd	1464	1813.000	11499.761
WYF00011.asd	1465	1814.000	11560.951
WYF00011.asd	1466	1815.000	11619.198
WYF00011.asd	1467	1816.000	11668.510
WYF00011.asd	1468	1817.000	11718.431
WYF00011.asd	1469	1818.000	11767.158
WYF00011.asd	1470	1819.000	11808.229
WYF00011.asd	1471	1820.000	11856.083
WYF00011.asd	1472	1821.000	11908.700
WYF00011.asd	1473	1822.000	11957.753
WYF00011.asd	1474	1823.000	12008.035
WYF00011.asd	1475	1824.000	12056.269
WYF00011.asd	1476	1825.000	12102.444
WYF00011.asd	1477	1826.000	12148.587
WYF00011.asd	1478	1827.000	12190.878
WYF00011.asd	1479	1828.000	12234.156
WYF00011.asd	1480	1829.000	12268.748
WYF00011.asd	1481	1830.000	12299.054
WYF00011.asd	1482	1831.000	12323.926
WYF00011.asd	1483	1832.000	12343.318
WYF00011.asd	1484	1833.000	12357.725
WYF00011.asd	1485	1834.000	12360.175
WYF00011.asd	1486	1835.000	12368.817
WYF00011.asd	1487	1836.000	12377.308
WYF00011.asd	1488	1837.000	12380.393
WYF00011.asd	1489	1838.000	12391.933
WYF00011.asd	1490	1839.000	12405.812
WYF00011.asd	1491	1840.000	12426.809
WYF00011.asd	1492	1841.000	12455.813
WYF00011.asd	1493	1842.000	12481.568
WYF00011.asd	1494	1843.000	12522.329
WYF00011.asd	1495	1844.000	12546.128
WYF00011.asd	1496	1845.000	12565.454
WYF00011.asd	1497	1846.000	12572.967
WYF00011.asd	1498	1847.000	12577.423
WYF00011.asd	1499	1848.000	12573.943
WYF00011.asd	1500	1849.000	12564.182
WYF00011.asd	1501	1850.000	12551.291
WYF00011.asd	1502	1851.000	12527.554
WYF00011.asd	1503	1852.000	12494.783
WYF00011.asd	1504	1853.000	12454.184
WYF00011.asd	1505	1854.000	12406.631
WYF00011.asd	1506	1855.000	12349.569
WYF00011.asd	1507	1856.000	12283.726
WYF00011.asd	1508	1857.000	12208.353
WYF00011.asd	1509	1858.000	12126.534
WYF00011.asd	1510	1859.000	12036.982
WYF00011.asd	1511	1860.000	11938.120
WYF00011.asd	1512	1861.000	11842.791
WYF00011.asd	1513	1862.000	11716.825
WYF00011.asd	1514	1863.000	11579.539
WYF00011.asd	1515	1864.000	11417.908
WYF00011.asd	1516	1865.000	11229.969
WYF00011.asd	1517	1866.000	11025.744
WYF00011.asd	1518	1867.000	10803.140
WYF00011.asd	1519	1868.000	10551.964
WYF00011.asd	1520	1869.000	10310.885
WYF00011.asd	1521	1870.000	10044.121
WYF00011.asd	1522	1871.000	9802.968
WYF00011.asd	1523	1872.000	9560.729
WYF00011.asd	1524	1873.000	9338.547
WYF00011.asd	1525	1874.000	9136.041
WYF00011.asd	1526	1875.000	8931.833
WYF00011.asd	1527	1876.000	8738.190
WYF00011.asd	1528	1877.000	8556.799
WYF00011.asd	1529	1878.000	8362.397
WYF00011.asd	1530	1879.000	8173.972
WYF00011.asd	1531	1880.000	7963.797
WYF00011.asd	1532	1881.000	7743.579
WYF00011.asd	1533	1882.000	7517.591
WYF00011.asd	1534	1883.000	7270.557
WYF00011.asd	1535	1884.000	7030.854
WYF00011.asd	1536	1885.000	6782.785
WYF00011.asd	1537	1886.000	6546.736
WYF00011.asd	1538	1887.000	6307.965
WYF00011.asd	1539	1888.000	6082.789
WYF00011.asd	1540	1889.000	5865.258
WYF00011.asd	1541	1890.000	5655.447
WYF00011.asd	1542	1891.000	5457.139
WYF00011.asd	1543	1892.000	5268.894
WYF00011.asd	1544	1893.000	5086.621
WYF00011.asd	1545	1894.000	4912.798
WYF00011.asd	1546	1895.000	4751.059
WYF00011.asd	1547	1896.000	4596.799
WYF00011.asd	1548	1897.000	4453.675
WYF00011.asd	1549	1898.000	4326.107
WYF00011.asd	1550	1899.000	4202.076
WYF00011.asd	1551	1900.000	4088.941
WYF00011.asd	1552	1901.000	3981.088
WYF00011.asd	1553	1902.000	3888.583
WYF00011.asd	1554	1903.000	3808.231
WYF00011.asd	1555	1904.000	3738.420
WYF00011.asd	1556	1905.000	3684.328
WYF00011.asd	1557	1906.000	3634.137
WYF00011.asd	1558	1907.000	3594.479
WYF00011.asd	1559	1908.000	3559.777
WYF00011.asd	1560	1909.000	3529.445
WYF00011.asd	1561	1910.000	3502.967
WYF00011.asd	1562	1911.000	3479.820
WYF00011.asd	1563	1912.000	3461.547
WYF00011.asd	1564	1913.000	3443.954
WYF00011.asd	1565	1914.000	3431.217
WYF00011.asd	1566	1915.000	3417.538
WYF00011.asd	1567	1916.000	3402.726
WYF00011.asd	1568	1917.000	3392.364
WYF00011.asd	1569	1918.000	3383.314
WYF00011.asd	1570	1919.000	3377.713
WYF00011.asd	1571	1920.000	3376.820
WYF00011.asd	1572	1921.000	3380.519
WYF00011.asd	1573	1922.000	3384.825
WYF00011.asd	1574	1923.000	3391.515
WYF00011.asd	1575	1924.000	3400.640
WYF00011.asd	1576	1925.000	3413.029
WYF00011.asd	1577	1926.000	3425.301
WYF00011.asd	1578	1927.000	3440.836
WYF00011.asd	1579	1928.000	3456.210
WYF00011.asd	1580	1929.000	3472.631
WYF00011.asd	1581	1930.000	3487.150
WYF00011.asd	1582	1931.000	3503.772
WYF00011.asd	1583	1932.000	3519.984
WYF00011.asd	1584	1933.000	3535.913
WYF00011.asd	1585	1934.000	3552.777
WYF00011.asd	1586	1935.000	3570.886
WYF00011.asd	1587	1936.000	3590.283
WYF00011.asd	1588	1937.000	3610.504
WYF00011.asd	1589	1938.000	3631.979
WYF00011.asd	1590	1939.000	3653.779
WYF00011.asd	1591	1940.000	3676.053
WYF00011.asd	1592	1941.000	3698.685
WYF00011.asd	1593	1942.000	3725.945
WYF00011.asd	1594	1943.000	3752.040
WYF00011.asd	1595	1944.000	3778.057
WYF00011.asd	1596	1945.000	3806.287
WYF00011.asd	1597	1946.000	3833.615
WYF00011.asd	1598	1947.000	3859.500
WYF00011.asd	1599	1948.000	3887.057
WYF00011.asd	1600	1949.000	3915.121
WYF00011.asd	1601	1950.000	3944.001
WYF00011.asd	1602	1951.000	3974.590
WYF00011.asd	1603	1952.000	4003.460
WYF00011.asd	1604	1953.000	4030.314
WYF00011.asd	1605	1954.000	4062.156
WYF00011.asd	1606	1955.000	4094.082
WYF00011.asd	1607	1956.000	4123.692
WYF00011.asd	1608	1957.000	4156.474
WYF00011.asd	1609	1958.000	4189.635
WYF00011.asd	1610	1959.000	4222.199
WYF00011.asd	1611	1960.000	4253.908
WYF00011.asd	1612	1961.000	4285.661
WYF00011.asd	1613	1962.000	4317.016
WYF00011.asd	1614	1963.000	4349.997
WYF00011.asd	1615	1964.000	4383.086
WYF00011.asd	1616	1965.000	4416.400
WYF00011.asd	1617	1966.000	4452.568
WYF00011.asd	1618	1967.000	4487.469
WYF00011.asd	1619	1968.000	4521.170
WYF00011.asd	1620	1969.000	4554.891
WYF00011.asd	1621	1970.000	4588.336
WYF00011.asd	1622	1971.000	4621.520
WYF00011.asd	1623	1972.000	4654.547
WYF00011.asd	1624	1973.000	4686.482
WYF00011.asd	1625	1974.000	4720.364
WYF00011.asd	1626	1975.000	4754.051
WYF00011.asd	1627	1976.000	4788.663
WYF00011.asd	1628	1977.000	4825.147
WYF00011.asd	1629	1978.000	4861.945
WYF00011.asd	1630	1979.000	4896.553
WYF00011.asd	1631	1980.000	4932.765
WYF00011.asd	1632	1981.000	4968.101
WYF00011.asd	1633	1982.000	5001.794
WYF00011.asd	1634	1983.000	5035.651
WYF00011.asd	1635	1984.000	5068.146
WYF00011.asd	1636	1985.000	5102.768
WYF00011.asd	1637	1986.000	5137.938
WYF00011.asd	1638	1987.000	5173.494
WYF00011.asd	1639	1988.000	5210.419
WYF00011.asd	1640	1989.000	5247.971
WYF00011.asd	1641	1990.000	5284.466
WYF00011.asd	1642	1991.000	5319.919
WYF00011.asd	1643	1992.000	5353.686
WYF00011.asd	1644	1993.000	5387.277
WYF00011.asd	1645	1994.000	5420.601
WYF00011.asd	1646	1995.000	5453.077
WYF00011.asd	1647	1996.000	5487.016
WYF00011.asd	1648	1997.000	5523.108
WYF00011.asd	1649	1998.000	5557.663
WYF00011.asd	1650	1999.000	5593.229
WYF00011.asd	1651	2000.000	5626.476
WYF00011.asd	1652	2001.000	5658.930
WYF00011.asd	1653	2002.000	5687.996
WYF00011.asd	1654	2003.000	5719.100
WYF00011.asd	1655	2004.000	5749.574
WYF00011.asd	1656	2005.000	5780.770
WYF00011.asd	1657	2006.000	5816.738
WYF00011.asd	1658	2007.000	5851.102
WYF00011.asd	1659	2008.000	5882.899
WYF00011.asd	1660	2009.000	5914.289
WYF00011.asd	1661	2010.000	5945.642
WYF00011.asd	1662	2011.000	5973.235
WYF00011.asd	1663	2012.000	5998.110
WYF00011.asd	1664	2013.000	6024.336
WYF00011.asd	1665	2014.000	6048.241
WYF00011.asd	1666	2015.000	6073.238
WYF00011.asd	1667	2016.000	6101.168
WYF00011.asd	1668	2017.000	6127.628
WYF00011.asd	1669	2018.000	6152.244
WYF00011.asd	1670	2019.000	6175.947
WYF00011.asd	1671	2020.000	6200.993
WYF00011.asd	1672	2021.000	6223.938
WYF00011.asd	1673	2022.000	6247.703
WYF00011.asd	1674	2023.000	6272.838
WYF00011.asd	1675	2024.000	6294.375
WYF00011.asd	1676	2025.000	6312.528
WYF00011.asd	1677	2026.000	6331.910
WYF00011.asd	1678	2027.000	6350.463
WYF00011.asd	1679	2028.000	6367.171
WYF00011.asd	1680	2029.000	6386.083
WYF00011.asd	1681	2030.000	6403.734
WYF00011.asd	1682	2031.000	6418.873
WYF00011.asd	1683	2032.000	6435.147
WYF00011.asd	1684	2033.000	6450.565
WYF00011.asd	1685	2034.000	6464.584
WYF00011.asd	1686	2035.000	6479.220
WYF00011.asd	1687	2036.000	6492.583
WYF00011.asd	1688	2037.000	6504.381
WYF00011.asd	1689	2038.000	6514.024
WYF00011.asd	1690	2039.000	6523.911
WYF00011.asd	1691	2040.000	6532.691
WYF00011.asd	1692	2041.000	6541.768
WYF00011.asd	1693	2042.000	6549.984
WYF00011.asd	1694	2043.000	6559.803
WYF00011.asd	1695	2044.000	6569.967
WYF00011.asd	1696	2045.000	6578.265
WYF00011.asd	1697	2046.000	6586.389
WYF00011.asd	1698	2047.000	6594.584
WYF00011.asd	1699	2048.000	6602.159
WYF00011.asd	1700	2049.000	6609.424
WYF00011.asd	1701	2050.000	6617.501
WYF00011.asd	1702	2051.000	6625.660
WYF00011.asd	1703	2052.000	6632.451
WYF00011.asd	1704	2053.000	6637.502
WYF00011.asd	1705	2054.000	6642.958
WYF00011.asd	1706	2055.000	6647.528
WYF00011.asd	1707	2056.000	6653.268
WYF00011.asd	1708	2057.000	6658.929
WYF00011.asd	1709	2058.000	6668.301
WYF00011.asd	1710	2059.000	6677.978
WYF00011.asd	1711	2060.000	6687.454
WYF00011.asd	1712	2061.000	6698.714
WYF00011.asd	1713	2062.000	6707.888
WYF00011.asd	1714	2063.000	6717.468
WYF00011.asd	1715	2064.000	6727.164
WYF00011.asd	1716	2065.000	6734.991
WYF00011.asd	1717	2066.000	6743.960
WYF00011.asd	1718	2067.000	6751.900
WYF00011.asd	1719	2068.000	6759.361
WYF00011.asd	1720	2069.000	6766.020
WYF00011.asd	1721	2070.000	6771.877
WYF00011.asd	1722	2071.000	6776.657
WYF00011.asd	1723	2072.000	6783.199
WYF00011.asd	1724	2073.000	6792.412
WYF00011.asd	1725	2074.000	6798.621
WYF00011.asd	1726	2075.000	6807.312
WYF00011.asd	1727	2076.000	6816.677
WYF00011.asd	1728	2077.000	6820.959
WYF00011.asd	1729	2078.000	6829.491
WYF00011.asd	1730	2079.000	6837.705
WYF00011.asd	1731	2080.000	6843.872
WYF00011.asd	1732	2081.000	6853.109
WYF00011.asd	1733	2082.000	6860.888
WYF00011.asd	1734	2083.000	6868.597
WYF00011.asd	1735	2084.000	6875.788
WYF00011.asd	1736	2085.000	6882.750
WYF00011.asd	1737	2086.000	6887.893
WYF00011.asd	1738	2087.000	6894.874
WYF00011.asd	1739	2088.000	6901.394
WYF00011.asd	1740	2089.000	6907.782
WYF00011.asd	1741	2090.000	6914.949
WYF00011.asd	1742	2091.000	6920.353
WYF00011.asd	1743	2092.000	6923.001
WYF00011.asd	1744	2093.000	6928.525
WYF00011.asd	1745	2094.000	6936.034
WYF00011.asd	1746	2095.000	6941.385
WYF00011.asd	1747	2096.000	6948.655
WYF00011.asd	1748	2097.000	6954.924
WYF00011.asd	1749	2098.000	6957.462
WYF00011.asd	1750	2099.000	6961.156
WYF00011.asd	1751	2100.000	6965.747
WYF00011.asd	1752	2101.000	6969.330
WYF00011.asd	1753	2102.000	6971.731
WYF00011.asd	1754	2103.000	6974.613
WYF00011.asd	1755	2104.000	6979.644
WYF00011.asd	1756	2105.000	6983.138
WYF00011.asd	1757	2106.000	6988.131
WYF00011.asd	1758	2107.000	6995.136
WYF00011.asd	1759	2108.000	6998.671
WYF00011.asd	1760	2109.000	7003.190
WYF00011.asd	1761	2110.000	7008.513
WYF00011.asd	1762	2111.000	7012.285
WYF00011.asd	1763	2112.000	7018.032
WYF00011.asd	1764	2113.000	7024.094
WYF00011.asd	1765	2114.000	7028.392
WYF00011.asd	1766	2115.000	7031.296
WYF00011.asd	1767	2116.000	7034.711
WYF00011.asd	1768	2117.000	7037.974
WYF00011.asd	1769	2118.000	7040.165
WYF00011.asd	1770	2119.000	7041.413
WYF00011.asd	1771	2120.000	7043.636
WYF00011.asd	1772	2121.000	7046.201
WYF00011.asd	1773	2122.000	7046.283
WYF00011.asd	1774	2123.000	7048.053
WYF00011.asd	1775	2124.000	7048.910
WYF00011.asd	1776	2125.000	7049.107
WYF00011.asd	1777	2126.000	7048.542
WYF00011.asd	1778	2127.000	7045.607
WYF00011.asd	1779	2128.000	7043.535
WYF00011.asd	1780	2129.000	7038.799
WYF00011.asd	1781	2130.000	7034.894
WYF00011.asd	1782	2131.000	7034.647
WYF00011.asd	1783	2132.000	7033.763
WYF00011.asd	1784	2133.000	7032.440
WYF00011.asd	1785	2134.000	7032.249
WYF00011.asd	1786	2135.000	7031.089
WYF00011.asd	1787	2136.000	7028.381
WYF00011.asd	1788	2137.000	7026.045
WYF00011.asd	1789	2138.000	7026.601
WYF00011.asd	1790	2139.000	7026.600
WYF00011.asd	1791	2140.000	7025.605
WYF00011.asd	1792	2141.000	7024.780
WYF00011.asd	1793	2142.000	7022.938
WYF00011.asd	1794	2143.000	7020.488
WYF00011.asd	1795	2144.000	7018.625
WYF00011.asd	1796	2145.000	7016.585
WYF00011.asd	1797	2146.000	7015.952
WYF00011.asd	1798	2147.000	7014.965
WYF00011.asd	1799	2148.000	7012.045
WYF00011.asd	1800	2149.000	7011.261
WYF00011.asd	1801	2150.000	7010.011
WYF00011.asd	1802	2151.000	7007.623
WYF00011.asd	1803	2152.000	7005.511
WYF00011.asd	1804	2153.000	7004.272
WYF00011.asd	1805	2154.000	7002.434
WYF00011.asd	1806	2155.000	6999.491
WYF00011.asd	1807	2156.000	6997.511
WYF00011.asd	1808	2157.000	6998.017
WYF00011.asd	1809	2158.000	6997.262
WYF00011.asd	1810	2159.000	6993.981
WYF00011.asd	1811	2160.000	6990.575
WYF00011.asd	1812	2161.000	6985.769
WYF00011.asd	1813	2162.000	6980.065
WYF00011.asd	1814	2163.000	6976.379
WYF00011.asd	1815	2164.000	6973.368
WYF00011.asd	1816	2165.000	6969.267
WYF00011.asd	1817	2166.000	6964.740
WYF00011.asd	1818	2167.000	6961.356
WYF00011.asd	1819	2168.000	6956.336
WYF00011.asd	1820	2169.000	6949.462
WYF00011.asd	1821	2170.000	6943.085
WYF00011.asd	1822	2171.000	6935.997
WYF00011.asd	1823	2172.000	6927.856
WYF00011.asd	1824	2173.000	6919.700
WYF00011.asd	1825	2174.000	6911.709
WYF00011.asd	1826	2175.000	6902.567
WYF00011.asd	1827	2176.000	6892.378
WYF00011.asd	1828	2177.000	6881.620
WYF00011.asd	1829	2178.000	6871.897
WYF00011.asd	1830	2179.000	6860.850
WYF00011.asd	1831	2180.000	6850.480
WYF00011.asd	1832	2181.000	6840.641
WYF00011.asd	1833	2182.000	6828.393
WYF00011.asd	1834	2183.000	6814.110
WYF00011.asd	1835	2184.000	6798.488
WYF00011.asd	1836	2185.000	6780.542
WYF00011.asd	1837	2186.000	6761.819
WYF00011.asd	1838	2187.000	6744.929
WYF00011.asd	1839	2188.000	6726.971
WYF00011.asd	1840	2189.000	6708.069
WYF00011.asd	1841	2190.000	6689.512
WYF00011.asd	1842	2191.000	6670.613
WYF00011.asd	1843	2192.000	6650.780
WYF00011.asd	1844	2193.000	6630.418
WYF00011.asd	1845	2194.000	6609.365
WYF00011.asd	1846	2195.000	6587.452
WYF00011.asd	1847	2196.000	6565.660
WYF00011.asd	1848	2197.000	6542.982
WYF00011.asd	1849	2198.000	6521.535
WYF00011.asd	1850	2199.000	6501.325
WYF00011.asd	1851	2200.000	6478.955
WYF00011.asd	1852	2201.000	6458.233
WYF00011.asd	1853	2202.000	6439.083
WYF00011.asd	1854	2203.000	6418.905
WYF00011.asd	1855	2204.000	6399.149
WYF00011.asd	1856	2205.000	6379.405
WYF00011.asd	1857	2206.000	6361.568
WYF00011.asd	1858	2207.000	6343.915
WYF00011.asd	1859	2208.000	6326.853
WYF00011.asd	1860	2209.000	6310.862
WYF00011.asd	1861	2210.000	6292.351
WYF00011.asd	1862	2211.000	6273.569
WYF00011.asd	1863	2212.000	6254.903
WYF00011.asd	1864	2213.000	6236.772
WYF00011.asd	1865	2214.000	6221.384
WYF00011.asd	1866	2215.000	6205.144
WYF00011.asd	1867	2216.000	6191.341
WYF00011.asd	1868	2217.000	6173.274
WYF00011.asd	1869	2218.000	6153.117
WYF00011.asd	1870	2219.000	6131.861
WYF00011.asd	1871	2220.000	6108.321
WYF00011.asd	1872	2221.000	6085.377
WYF00011.asd	1873	2222.000	6062.321
WYF00011.asd	1874	2223.000	6038.363
WYF00011.asd	1875	2224.000	6011.037
WYF00011.asd	1876	2225.000	5981.048
WYF00011.asd	1877	2226.000	5951.969
WYF00011.asd	1878	2227.000	5918.933
WYF00011.asd	1879	2228.000	5885.530
WYF00011.asd	1880	2229.000	5853.472
WYF00011.asd	1881	2230.000	5817.122
WYF00011.asd	1882	2231.000	5780.346
WYF00011.asd	1883	2232.000	5741.487
WYF00011.asd	1884	2233.000	5701.023
WYF00011.asd	1885	2234.000	5662.470
WYF00011.asd	1886	2235.000	5620.694
WYF00011.asd	1887	2236.000	5577.428
WYF00011.asd	1888	2237.000	5535.260
WYF00011.asd	1889	2238.000	5491.431
WYF00011.asd	1890	2239.000	5448.655
WYF00011.asd	1891	2240.000	5408.295
WYF00011.asd	1892	2241.000	5367.074
WYF00011.asd	1893	2242.000	5324.135
WYF00011.asd	1894	2243.000	5278.818
WYF00011.asd	1895	2244.000	5233.891
WYF00011.asd	1896	2245.000	5187.249
WYF00011.asd	1897	2246.000	5143.237
WYF00011.asd	1898	2247.000	5101.179
WYF00011.asd	1899	2248.000	5057.844
WYF00011.asd	1900	2249.000	5014.902
WYF00011.asd	1901	2250.000	4971.884
WYF00011.asd	1902	2251.000	4928.886
WYF00011.asd	1903	2252.000	4883.317
WYF00011.asd	1904	2253.000	4839.124
WYF00011.asd	1905	2254.000	4795.148
WYF00011.asd	1906	2255.000	4749.938
WYF00011.asd	1907	2256.000	4708.322
WYF00011.asd	1908	2257.000	4667.216
WYF00011.asd	1909	2258.000	4626.258
WYF00011.asd	1910	2259.000	4587.359
WYF00011.asd	1911	2260.000	4546.587
WYF00011.asd	1912	2261.000	4507.651
WYF00011.asd	1913	2262.000	4471.370
WYF00011.asd	1914	2263.000	4433.608
WYF00011.asd	1915	2264.000	4397.879
WYF00011.asd	1916	2265.000	4363.938
WYF00011.asd	1917	2266.000	4328.802
WYF00011.asd	1918	2267.000	4293.370
WYF00011.asd	1919	2268.000	4258.126
WYF00011.asd	1920	2269.000	4223.373
WYF00011.asd	1921	2270.000	4189.008
WYF00011.asd	1922	2271.000	4157.140
WYF00011.asd	1923	2272.000	4128.758
WYF00011.asd	1924	2273.000	4099.264
WYF00011.asd	1925	2274.000	4070.295
WYF00011.asd	1926	2275.000	4042.329
WYF00011.asd	1927	2276.000	4014.153
WYF00011.asd	1928	2277.000	3986.966
WYF00011.asd	1929	2278.000	3961.799
WYF00011.asd	1930	2279.000	3935.741
WYF00011.asd	1931	2280.000	3911.080
WYF00011.asd	1932	2281.000	3884.294
WYF00011.asd	1933	2282.000	3854.853
WYF00011.asd	1934	2283.000	3828.181
WYF00011.asd	1935	2284.000	3802.529
WYF00011.asd	1936	2285.000	3774.324
WYF00011.asd	1937	2286.000	3749.548
WYF00011.asd	1938	2287.000	3725.008
WYF00011.asd	1939	2288.000	3698.677
WYF00011.asd	1940	2289.000	3672.502
WYF00011.asd	1941	2290.000	3642.033
WYF00011.asd	1942	2291.000	3611.673
WYF00011.asd	1943	2292.000	3580.825
WYF00011.asd	1944	2293.000	3547.966
WYF00011.asd	1945	2294.000	3517.534
WYF00011.asd	1946	2295.000	3485.299
WYF00011.asd	1947	2296.000	3450.382
WYF00011.asd	1948	2297.000	3417.447
WYF00011.asd	1949	2298.000	3384.473
WYF00011.asd	1950	2299.000	3352.139
WYF00011.asd	1951	2300.000	3321.817
WYF00011.asd	1952	2301.000	3287.890
WYF00011.asd	1953	2302.000	3253.278
WYF00011.asd	1954	2303.000	3223.287
WYF00011.asd	1955	2304.000	3194.028
WYF00011.asd	1956	2305.000	3167.451
WYF00011.asd	1957	2306.000	3144.218
WYF00011.asd	1958	2307.000	3118.347
WYF00011.asd	1959	2308.000	3092.633
WYF00011.asd	1960	2309.000	3065.284
WYF00011.asd	1961	2310.000	3040.189
WYF00011.asd	1962	2311.000	3016.378
WYF00011.asd	1963	2312.000	2992.776
WYF00011.asd	1964	2313.000	2969.335
WYF00011.asd	1965	2314.000	2948.648
WYF00011.asd	1966	2315.000	2929.608
WYF00011.asd	1967	2316.000	2908.983
WYF00011.asd	1968	2317.000	2890.999
WYF00011.asd	1969	2318.000	2869.798
WYF00011.asd	1970	2319.000	2846.114
WYF00011.asd	1971	2320.000	2822.552
WYF00011.asd	1972	2321.000	2797.882
WYF00011.asd	1973	2322.000	2773.499
WYF00011.asd	1974	2323.000	2747.858
WYF00011.asd	1975	2324.000	2723.779
WYF00011.asd	1976	2325.000	2701.482
WYF00011.asd	1977	2326.000	2676.930
WYF00011.asd	1978	2327.000	2652.332
WYF00011.asd	1979	2328.000	2626.808
WYF00011.asd	1980	2329.000	2598.962
WYF00011.asd	1981	2330.000	2572.867
WYF00011.asd	1982	2331.000	2546.788
WYF00011.asd	1983	2332.000	2521.268
WYF00011.asd	1984	2333.000	2496.813
WYF00011.asd	1985	2334.000	2470.943
WYF00011.asd	1986	2335.000	2444.171
WYF00011.asd	1987	2336.000	2419.927
WYF00011.asd	1988	2337.000	2392.277
WYF00011.asd	1989	2338.000	2366.787
WYF00011.asd	1990	2339.000	2342.711
WYF00011.asd	1991	2340.000	2315.956
WYF00011.asd	1992	2341.000	2290.971
WYF00011.asd	1993	2342.000	2267.552
WYF00011.asd	1994	2343.000	2242.891
WYF00011.asd	1995	2344.000	2217.240
WYF00011.asd	1996	2345.000	2191.505
WYF00011.asd	1997	2346.000	2168.107
WYF00011.asd	1998	2347.000	2146.028
WYF00011.asd	1999	2348.000	2124.768
WYF00011.asd	2000	2349.000	2104.184
WYF00011.asd	2001	2350.000	2081.227
WYF00011.asd	2002	2351.000	2058.828
WYF00011.asd	2003	2352.000	2039.782
WYF00011.asd	2004	2353.000	2021.929
WYF00011.asd	2005	2354.000	2004.278
WYF00011.asd	2006	2355.000	1986.229
WYF00011.asd	2007	2356.000	1966.600
WYF00011.asd	2008	2357.000	1945.080
WYF00011.asd	2009	2358.000	1924.357
WYF00011.asd	2010	2359.000	1905.341
WYF00011.asd	2011	2360.000	1885.861
WYF00011.asd	2012	2361.000	1867.714
WYF00011.asd	2013	2362.000	1850.027
WYF00011.asd	2014	2363.000	1830.055
WYF00011.asd	2015	2364.000	1808.460
WYF00011.asd	2016	2365.000	1788.224
WYF00011.asd	2017	2366.000	1769.628
WYF00011.asd	2018	2367.000	1751.076
WYF00011.asd	2019	2368.000	1733.527
WYF00011.asd	2020	2369.000	1712.937
WYF00011.asd	2021	2370.000	1690.450
WYF00011.asd	2022	2371.000	1670.069
WYF00011.asd	2023	2372.000	1648.833
WYF00011.asd	2024	2373.000	1630.419
WYF00011.asd	2025	2374.000	1614.780
WYF00011.asd	2026	2375.000	1596.788
WYF00011.asd	2027	2376.000	1579.079
WYF00011.asd	2028	2377.000	1560.890
WYF00011.asd	2029	2378.000	1542.347
WYF00011.asd	2030	2379.000	1523.066
WYF00011.asd	2031	2380.000	1503.124
WYF00011.asd	2032	2381.000	1484.225
WYF00011.asd	2033	2382.000	1464.207
WYF00011.asd	2034	2383.000	1445.883
WYF00011.asd	2035	2384.000	1429.357
WYF00011.asd	2036	2385.000	1411.873
WYF00011.asd	2037	2386.000	1394.558
WYF00011.asd	2038	2387.000	1377.443
WYF00011.asd	2039	2388.000	1360.030
WYF00011.asd	2040	2389.000	1343.897
WYF00011.asd	2041	2390.000	1328.716
WYF00011.asd	2042	2391.000	1311.975
WYF00011.asd	2043	2392.000	1295.317
WYF00011.asd	2044	2393.000	1278.751
WYF00011.asd	2045	2394.000	1260.944
WYF00011.asd	2046	2395.000	1244.827
WYF00011.asd	2047	2396.000	1230.599
WYF00011.asd	2048	2397.000	1214.426
WYF00011.asd	2049	2398.000	1197.139
WYF00011.asd	2050	2399.000	1181.016
WYF00011.asd	2051	2400.000	1165.121
WYF00011.asd	2052	2401.000	1148.514
WYF00011.asd	2053	2402.000	1132.606
WYF00011.asd	2054	2403.000	1116.128
WYF00011.asd	2055	2404.000	1097.546
WYF00011.asd	2056	2405.000	1081.728
WYF00011.asd	2057	2406.000	1066.754
WYF00011.asd	2058	2407.000	1052.699
WYF00011.asd	2059	2408.000	1041.523
WYF00011.asd	2060	2409.000	1027.083
WYF00011.asd	2061	2410.000	1011.560
WYF00011.asd	2062	2411.000	997.132
WYF00011.asd	2063	2412.000	980.766
WYF00011.asd	2064	2413.000	966.937
WYF00011.asd	2065	2414.000	956.792
WYF00011.asd	2066	2415.000	942.234
WYF00011.asd	2067	2416.000	925.414
WYF00011.asd	2068	2417.000	910.537
WYF00011.asd	2069	2418.000	893.842
WYF00011.asd	2070	2419.000	879.909
WYF00011.asd	2071	2420.000	869.481
WYF00011.asd	2072	2421.000	856.631
WYF00011.asd	2073	2422.000	842.929
WYF00011.asd	2074	2423.000	829.885
WYF00011.asd	2075	2424.000	815.804
WYF00011.asd	2076	2425.000	804.005
WYF00011.asd	2077	2426.000	794.658
WYF00011.asd	2078	2427.000	782.552
WYF00011.asd	2079	2428.000	770.182
WYF00011.asd	2080	2429.000	758.203
WYF00011.asd	2081	2430.000	744.245
WYF00011.asd	2082	2431.000	732.274
WYF00011.asd	2083	2432.000	722.331
WYF00011.asd	2084	2433.000	711.270
WYF00011.asd	2085	2434.000	699.607
WYF00011.asd	2086	2435.000	689.324
WYF00011.asd	2087	2436.000	680.161
WYF00011.asd	2088	2437.000	669.519
WYF00011.asd	2089	2438.000	658.944
WYF00011.asd	2090	2439.000	647.697
WYF00011.asd	2091	2440.000	634.752
WYF00011.asd	2092	2441.000	624.206
WYF00011.asd	2093	2442.000	614.913
WYF00011.asd	2094	2443.000	604.721
WYF00011.asd	2095	2444.000	594.484
WYF00011.asd	2096	2445.000	585.769
WYF00011.asd	2097	2446.000	577.417
WYF00011.asd	2098	2447.000	568.600
WYF00011.asd	2099	2448.000	561.313
WYF00011.asd	2100	2449.000	551.927
WYF00011.asd	2101	2450.000	542.039
WYF00011.asd	2102	2451.000	533.885
WYF00011.asd	2103	2452.000	526.553
WYF00011.asd	2104	2453.000	519.062
WYF00011.asd	2105	2454.000	510.154
WYF00011.asd	2106	2455.000	500.515
WYF00011.asd	2107	2456.000	491.001
WYF00011.asd	2108	2457.000	482.638
WYF00011.asd	2109	2458.000	476.048
WYF00011.asd	2110	2459.000	468.567
WYF00011.asd	2111	2460.000	460.976
WYF00011.asd	2112	2461.000	451.321
WYF00011.asd	2113	2462.000	443.481
WYF00011.asd	2114	2463.000	438.396
WYF00011.asd	2115	2464.000	431.441
WYF00011.asd	2116	2465.000	423.261
WYF00011.asd	2117	2466.000	416.616
WYF00011.asd	2118	2467.000	409.340
WYF00011.asd	2119	2468.000	402.997
WYF00011.asd	2120	2469.000	399.586
WYF00011.asd	2121	2470.000	394.311
WYF00011.asd	2122	2471.000	387.686
WYF00011.asd	2123	2472.000	381.713
WYF00011.asd	2124	2473.000	375.564
WYF00011.asd	2125	2474.000	369.228
WYF00011.asd	2126	2475.000	362.913
WYF00011.asd	2127	2476.000	356.943
WYF00011.asd	2128	2477.000	350.785
WYF00011.asd	2129	2478.000	344.847
WYF00011.asd	2130	2479.000	340.340
WYF00011.asd	2131	2480.000	333.874
WYF00011.asd	2132	2481.000	324.881
WYF00011.asd	2133	2482.000	318.825
WYF00011.asd	2134	2483.000	313.918
WYF00011.asd	2135	2484.000	307.914
WYF00011.asd	2136	2485.000	303.307
WYF00011.asd	2137	2486.000	297.975
WYF00011.asd	2138	2487.000	290.523
WYF00011.asd	2139	2488.000	284.787
WYF00011.asd	2140	2489.000	280.876
WYF00011.asd	2141	2490.000	275.696
WYF00011.asd	2142	2491.000	270.614
WYF00011.asd	2143	2492.000	264.196
WYF00011.asd	2144	2493.000	255.939
WYF00011.asd	2145	2494.000	250.279
WYF00011.asd	2146	2495.000	244.995
WYF00011.asd	2147	2496.000	239.677
WYF00011.asd	2148	2497.000	236.704
WYF00011.asd	2149	2498.000	230.815
WYF00011.asd	2150	2499.000	222.940
WYF00011.asd	2151	2500.000	215.891
