WYF00012.asd	1	350.000	18.033
WYF00012.asd	2	351.000	18.191
WYF00012.asd	3	352.000	18.106
WYF00012.asd	4	353.000	18.028
WYF00012.asd	5	354.000	18.391
WYF00012.asd	6	355.000	18.898
WYF00012.asd	7	356.000	19.077
WYF00012.asd	8	357.000	18.636
WYF00012.asd	9	358.000	22.147
WYF00012.asd	10	359.000	23.614
WYF00012.asd	11	360.000	21.159
WYF00012.asd	12	361.000	22.863
WYF00012.asd	13	362.000	25.230
WYF00012.asd	14	363.000	27.248
WYF00012.asd	15	364.000	28.541
WYF00012.asd	16	365.000	28.927
WYF00012.asd	17	366.000	28.531
WYF00012.asd	18	367.000	28.349
WYF00012.asd	19	368.000	29.483
WYF00012.asd	20	369.000	31.813
WYF00012.asd	21	370.000	33.219
WYF00012.asd	22	371.000	32.950
WYF00012.asd	23	372.000	31.892
WYF00012.asd	24	373.000	34.566
WYF00012.asd	25	374.000	37.114
WYF00012.asd	26	375.000	37.323
WYF00012.asd	27	376.000	36.655
WYF00012.asd	28	377.000	37.433
WYF00012.asd	29	378.000	38.404
WYF00012.asd	30	379.000	38.321
WYF00012.asd	31	380.000	37.827
WYF00012.asd	32	381.000	39.229
WYF00012.asd	33	382.000	41.524
WYF00012.asd	34	383.000	42.819
WYF00012.asd	35	384.000	43.342
WYF00012.asd	36	385.000	43.761
WYF00012.asd	37	386.000	43.920
WYF00012.asd	38	387.000	43.473
WYF00012.asd	39	388.000	45.403
WYF00012.asd	40	389.000	47.328
WYF00012.asd	41	390.000	47.830
WYF00012.asd	42	391.000	47.525
WYF00012.asd	43	392.000	48.419
WYF00012.asd	44	393.000	49.378
WYF00012.asd	45	394.000	49.710
WYF00012.asd	46	395.000	51.595
WYF00012.asd	47	396.000	52.797
WYF00012.asd	48	397.000	53.511
WYF00012.asd	49	398.000	54.858
WYF00012.asd	50	399.000	58.186
WYF00012.asd	51	400.000	58.219
WYF00012.asd	52	401.000	57.364
WYF00012.asd	53	402.000	62.359
WYF00012.asd	54	403.000	63.322
WYF00012.asd	55	404.000	63.370
WYF00012.asd	56	405.000	65.374
WYF00012.asd	57	406.000	69.438
WYF00012.asd	58	407.000	70.543
WYF00012.asd	59	408.000	71.048
WYF00012.asd	60	409.000	73.584
WYF00012.asd	61	410.000	75.986
WYF00012.asd	62	411.000	78.388
WYF00012.asd	63	412.000	81.169
WYF00012.asd	64	413.000	84.505
WYF00012.asd	65	414.000	86.373
WYF00012.asd	66	415.000	89.388
WYF00012.asd	67	416.000	93.449
WYF00012.asd	68	417.000	95.838
WYF00012.asd	69	418.000	99.152
WYF00012.asd	70	419.000	102.772
WYF00012.asd	71	420.000	106.407
WYF00012.asd	72	421.000	111.603
WYF00012.asd	73	422.000	115.685
WYF00012.asd	74	423.000	119.004
WYF00012.asd	75	424.000	122.798
WYF00012.asd	76	425.000	127.299
WYF00012.asd	77	426.000	132.624
WYF00012.asd	78	427.000	138.196
WYF00012.asd	79	428.000	143.062
WYF00012.asd	80	429.000	147.227
WYF00012.asd	81	430.000	152.712
WYF00012.asd	82	431.000	159.266
WYF00012.asd	83	432.000	163.012
WYF00012.asd	84	433.000	169.552
WYF00012.asd	85	434.000	176.493
WYF00012.asd	86	435.000	181.322
WYF00012.asd	87	436.000	188.242
WYF00012.asd	88	437.000	194.156
WYF00012.asd	89	438.000	199.290
WYF00012.asd	90	439.000	205.558
WYF00012.asd	91	440.000	212.999
WYF00012.asd	92	441.000	219.955
WYF00012.asd	93	442.000	225.907
WYF00012.asd	94	443.000	231.939
WYF00012.asd	95	444.000	240.206
WYF00012.asd	96	445.000	249.170
WYF00012.asd	97	446.000	256.650
WYF00012.asd	98	447.000	260.878
WYF00012.asd	99	448.000	266.668
WYF00012.asd	100	449.000	273.801
WYF00012.asd	101	450.000	280.011
WYF00012.asd	102	451.000	286.633
WYF00012.asd	103	452.000	292.580
WYF00012.asd	104	453.000	297.761
WYF00012.asd	105	454.000	303.328
WYF00012.asd	106	455.000	310.558
WYF00012.asd	107	456.000	316.631
WYF00012.asd	108	457.000	320.141
WYF00012.asd	109	458.000	325.320
WYF00012.asd	110	459.000	329.854
WYF00012.asd	111	460.000	334.191
WYF00012.asd	112	461.000	339.285
WYF00012.asd	113	462.000	342.337
WYF00012.asd	114	463.000	345.080
WYF00012.asd	115	464.000	349.070
WYF00012.asd	116	465.000	355.134
WYF00012.asd	117	466.000	359.773
WYF00012.asd	118	467.000	363.297
WYF00012.asd	119	468.000	366.719
WYF00012.asd	120	469.000	370.685
WYF00012.asd	121	470.000	374.888
WYF00012.asd	122	471.000	378.789
WYF00012.asd	123	472.000	382.080
WYF00012.asd	124	473.000	386.559
WYF00012.asd	125	474.000	390.294
WYF00012.asd	126	475.000	393.382
WYF00012.asd	127	476.000	398.168
WYF00012.asd	128	477.000	402.662
WYF00012.asd	129	478.000	406.280
WYF00012.asd	130	479.000	409.453
WYF00012.asd	131	480.000	414.565
WYF00012.asd	132	481.000	418.854
WYF00012.asd	133	482.000	421.800
WYF00012.asd	134	483.000	424.387
WYF00012.asd	135	484.000	430.009
WYF00012.asd	136	485.000	435.040
WYF00012.asd	137	486.000	438.876
WYF00012.asd	138	487.000	444.827
WYF00012.asd	139	488.000	448.959
WYF00012.asd	140	489.000	454.177
WYF00012.asd	141	490.000	462.216
WYF00012.asd	142	491.000	467.023
WYF00012.asd	143	492.000	474.272
WYF00012.asd	144	493.000	483.448
WYF00012.asd	145	494.000	491.195
WYF00012.asd	146	495.000	498.282
WYF00012.asd	147	496.000	505.592
WYF00012.asd	148	497.000	514.298
WYF00012.asd	149	498.000	525.840
WYF00012.asd	150	499.000	536.981
WYF00012.asd	151	500.000	547.703
WYF00012.asd	152	501.000	558.814
WYF00012.asd	153	502.000	570.702
WYF00012.asd	154	503.000	584.005
WYF00012.asd	155	504.000	598.155
WYF00012.asd	156	505.000	612.070
WYF00012.asd	157	506.000	627.502
WYF00012.asd	158	507.000	642.557
WYF00012.asd	159	508.000	657.313
WYF00012.asd	160	509.000	675.615
WYF00012.asd	161	510.000	694.638
WYF00012.asd	162	511.000	713.136
WYF00012.asd	163	512.000	731.220
WYF00012.asd	164	513.000	752.411
WYF00012.asd	165	514.000	774.409
WYF00012.asd	166	515.000	797.039
WYF00012.asd	167	516.000	821.670
WYF00012.asd	168	517.000	846.094
WYF00012.asd	169	518.000	871.270
WYF00012.asd	170	519.000	897.956
WYF00012.asd	171	520.000	925.666
WYF00012.asd	172	521.000	952.559
WYF00012.asd	173	522.000	979.003
WYF00012.asd	174	523.000	1006.124
WYF00012.asd	175	524.000	1033.878
WYF00012.asd	176	525.000	1061.913
WYF00012.asd	177	526.000	1089.896
WYF00012.asd	178	527.000	1117.545
WYF00012.asd	179	528.000	1144.321
WYF00012.asd	180	529.000	1171.549
WYF00012.asd	181	530.000	1199.419
WYF00012.asd	182	531.000	1223.736
WYF00012.asd	183	532.000	1250.498
WYF00012.asd	184	533.000	1278.329
WYF00012.asd	185	534.000	1303.270
WYF00012.asd	186	535.000	1331.346
WYF00012.asd	187	536.000	1359.440
WYF00012.asd	188	537.000	1386.232
WYF00012.asd	189	538.000	1413.918
WYF00012.asd	190	539.000	1444.041
WYF00012.asd	191	540.000	1474.919
WYF00012.asd	192	541.000	1504.981
WYF00012.asd	193	542.000	1536.475
WYF00012.asd	194	543.000	1569.574
WYF00012.asd	195	544.000	1603.772
WYF00012.asd	196	545.000	1638.232
WYF00012.asd	197	546.000	1674.457
WYF00012.asd	198	547.000	1710.364
WYF00012.asd	199	548.000	1745.204
WYF00012.asd	200	549.000	1781.507
WYF00012.asd	201	550.000	1820.132
WYF00012.asd	202	551.000	1859.929
WYF00012.asd	203	552.000	1899.512
WYF00012.asd	204	553.000	1940.909
WYF00012.asd	205	554.000	1983.081
WYF00012.asd	206	555.000	2025.833
WYF00012.asd	207	556.000	2069.942
WYF00012.asd	208	557.000	2115.953
WYF00012.asd	209	558.000	2161.729
WYF00012.asd	210	559.000	2205.291
WYF00012.asd	211	560.000	2246.466
WYF00012.asd	212	561.000	2286.741
WYF00012.asd	213	562.000	2325.587
WYF00012.asd	214	563.000	2361.402
WYF00012.asd	215	564.000	2393.346
WYF00012.asd	216	565.000	2422.410
WYF00012.asd	217	566.000	2448.471
WYF00012.asd	218	567.000	2469.546
WYF00012.asd	219	568.000	2486.725
WYF00012.asd	220	569.000	2499.937
WYF00012.asd	221	570.000	2508.558
WYF00012.asd	222	571.000	2510.427
WYF00012.asd	223	572.000	2511.447
WYF00012.asd	224	573.000	2514.271
WYF00012.asd	225	574.000	2518.784
WYF00012.asd	226	575.000	2525.382
WYF00012.asd	227	576.000	2536.834
WYF00012.asd	228	577.000	2552.482
WYF00012.asd	229	578.000	2563.902
WYF00012.asd	230	579.000	2574.618
WYF00012.asd	231	580.000	2581.395
WYF00012.asd	232	581.000	2580.470
WYF00012.asd	233	582.000	2578.880
WYF00012.asd	234	583.000	2579.245
WYF00012.asd	235	584.000	2583.182
WYF00012.asd	236	585.000	2591.418
WYF00012.asd	237	586.000	2601.098
WYF00012.asd	238	587.000	2608.175
WYF00012.asd	239	588.000	2610.455
WYF00012.asd	240	589.000	2611.717
WYF00012.asd	241	590.000	2610.801
WYF00012.asd	242	591.000	2609.867
WYF00012.asd	243	592.000	2613.061
WYF00012.asd	244	593.000	2622.464
WYF00012.asd	245	594.000	2637.947
WYF00012.asd	246	595.000	2657.091
WYF00012.asd	247	596.000	2674.344
WYF00012.asd	248	597.000	2692.700
WYF00012.asd	249	598.000	2712.544
WYF00012.asd	250	599.000	2733.471
WYF00012.asd	251	600.000	2755.024
WYF00012.asd	252	601.000	2777.893
WYF00012.asd	253	602.000	2801.082
WYF00012.asd	254	603.000	2822.040
WYF00012.asd	255	604.000	2840.522
WYF00012.asd	256	605.000	2854.109
WYF00012.asd	257	606.000	2862.262
WYF00012.asd	258	607.000	2869.639
WYF00012.asd	259	608.000	2875.482
WYF00012.asd	260	609.000	2881.013
WYF00012.asd	261	610.000	2888.004
WYF00012.asd	262	611.000	2896.064
WYF00012.asd	263	612.000	2902.802
WYF00012.asd	264	613.000	2908.319
WYF00012.asd	265	614.000	2916.403
WYF00012.asd	266	615.000	2921.722
WYF00012.asd	267	616.000	2923.922
WYF00012.asd	268	617.000	2924.594
WYF00012.asd	269	618.000	2927.141
WYF00012.asd	270	619.000	2925.970
WYF00012.asd	271	620.000	2922.114
WYF00012.asd	272	621.000	2921.283
WYF00012.asd	273	622.000	2920.597
WYF00012.asd	274	623.000	2917.883
WYF00012.asd	275	624.000	2913.301
WYF00012.asd	276	625.000	2911.641
WYF00012.asd	277	626.000	2910.457
WYF00012.asd	278	627.000	2909.228
WYF00012.asd	279	628.000	2907.702
WYF00012.asd	280	629.000	2903.444
WYF00012.asd	281	630.000	2900.107
WYF00012.asd	282	631.000	2898.004
WYF00012.asd	283	632.000	2893.441
WYF00012.asd	284	633.000	2888.368
WYF00012.asd	285	634.000	2881.415
WYF00012.asd	286	635.000	2871.447
WYF00012.asd	287	636.000	2859.999
WYF00012.asd	288	637.000	2847.201
WYF00012.asd	289	638.000	2832.748
WYF00012.asd	290	639.000	2816.181
WYF00012.asd	291	640.000	2798.593
WYF00012.asd	292	641.000	2778.326
WYF00012.asd	293	642.000	2755.848
WYF00012.asd	294	643.000	2735.481
WYF00012.asd	295	644.000	2714.116
WYF00012.asd	296	645.000	2691.592
WYF00012.asd	297	646.000	2669.036
WYF00012.asd	298	647.000	2648.788
WYF00012.asd	299	648.000	2630.923
WYF00012.asd	300	649.000	2614.080
WYF00012.asd	301	650.000	2596.258
WYF00012.asd	302	651.000	2584.144
WYF00012.asd	303	652.000	2573.676
WYF00012.asd	304	653.000	2561.849
WYF00012.asd	305	654.000	2552.733
WYF00012.asd	306	655.000	2542.456
WYF00012.asd	307	656.000	2530.250
WYF00012.asd	308	657.000	2516.669
WYF00012.asd	309	658.000	2501.734
WYF00012.asd	310	659.000	2486.649
WYF00012.asd	311	660.000	2470.533
WYF00012.asd	312	661.000	2450.164
WYF00012.asd	313	662.000	2433.828
WYF00012.asd	314	663.000	2417.610
WYF00012.asd	315	664.000	2398.330
WYF00012.asd	316	665.000	2384.436
WYF00012.asd	317	666.000	2371.915
WYF00012.asd	318	667.000	2360.401
WYF00012.asd	319	668.000	2351.706
WYF00012.asd	320	669.000	2346.816
WYF00012.asd	321	670.000	2345.249
WYF00012.asd	322	671.000	2345.662
WYF00012.asd	323	672.000	2345.581
WYF00012.asd	324	673.000	2350.555
WYF00012.asd	325	674.000	2359.715
WYF00012.asd	326	675.000	2370.866
WYF00012.asd	327	676.000	2385.424
WYF00012.asd	328	677.000	2402.093
WYF00012.asd	329	678.000	2420.834
WYF00012.asd	330	679.000	2442.823
WYF00012.asd	331	680.000	2470.166
WYF00012.asd	332	681.000	2502.876
WYF00012.asd	333	682.000	2541.416
WYF00012.asd	334	683.000	2587.849
WYF00012.asd	335	684.000	2643.134
WYF00012.asd	336	685.000	2708.400
WYF00012.asd	337	686.000	2784.874
WYF00012.asd	338	687.000	2874.052
WYF00012.asd	339	688.000	2977.104
WYF00012.asd	340	689.000	3093.743
WYF00012.asd	341	690.000	3222.484
WYF00012.asd	342	691.000	3368.058
WYF00012.asd	343	692.000	3530.359
WYF00012.asd	344	693.000	3707.743
WYF00012.asd	345	694.000	3897.226
WYF00012.asd	346	695.000	4102.524
WYF00012.asd	347	696.000	4327.358
WYF00012.asd	348	697.000	4573.974
WYF00012.asd	349	698.000	4834.716
WYF00012.asd	350	699.000	5115.838
WYF00012.asd	351	700.000	5419.064
WYF00012.asd	352	701.000	5739.218
WYF00012.asd	353	702.000	6077.148
WYF00012.asd	354	703.000	6432.019
WYF00012.asd	355	704.000	6802.134
WYF00012.asd	356	705.000	7184.461
WYF00012.asd	357	706.000	7578.286
WYF00012.asd	358	707.000	7983.555
WYF00012.asd	359	708.000	8400.306
WYF00012.asd	360	709.000	8826.127
WYF00012.asd	361	710.000	9258.254
WYF00012.asd	362	711.000	9695.592
WYF00012.asd	363	712.000	10139.408
WYF00012.asd	364	713.000	10584.700
WYF00012.asd	365	714.000	11034.730
WYF00012.asd	366	715.000	11491.231
WYF00012.asd	367	716.000	11942.987
WYF00012.asd	368	717.000	12393.291
WYF00012.asd	369	718.000	12846.705
WYF00012.asd	370	719.000	13306.640
WYF00012.asd	371	720.000	13759.354
WYF00012.asd	372	721.000	14208.841
WYF00012.asd	373	722.000	14658.348
WYF00012.asd	374	723.000	15106.512
WYF00012.asd	375	724.000	15550.343
WYF00012.asd	376	725.000	15989.960
WYF00012.asd	377	726.000	16424.718
WYF00012.asd	378	727.000	16846.356
WYF00012.asd	379	728.000	17269.624
WYF00012.asd	380	729.000	17693.020
WYF00012.asd	381	730.000	18104.740
WYF00012.asd	382	731.000	18511.150
WYF00012.asd	383	732.000	18904.860
WYF00012.asd	384	733.000	19286.576
WYF00012.asd	385	734.000	19672.049
WYF00012.asd	386	735.000	20050.704
WYF00012.asd	387	736.000	20418.139
WYF00012.asd	388	737.000	20772.587
WYF00012.asd	389	738.000	21114.775
WYF00012.asd	390	739.000	21451.515
WYF00012.asd	391	740.000	21780.994
WYF00012.asd	392	741.000	22097.104
WYF00012.asd	393	742.000	22412.817
WYF00012.asd	394	743.000	22716.366
WYF00012.asd	395	744.000	23004.452
WYF00012.asd	396	745.000	23290.819
WYF00012.asd	397	746.000	23574.892
WYF00012.asd	398	747.000	23855.992
WYF00012.asd	399	748.000	24131.579
WYF00012.asd	400	749.000	24394.410
WYF00012.asd	401	750.000	24652.683
WYF00012.asd	402	751.000	24908.167
WYF00012.asd	403	752.000	25157.848
WYF00012.asd	404	753.000	25395.382
WYF00012.asd	405	754.000	25629.194
WYF00012.asd	406	755.000	25859.466
WYF00012.asd	407	756.000	26073.351
WYF00012.asd	408	757.000	26283.367
WYF00012.asd	409	758.000	26491.748
WYF00012.asd	410	759.000	26696.230
WYF00012.asd	411	760.000	26888.916
WYF00012.asd	412	761.000	27079.507
WYF00012.asd	413	762.000	27267.942
WYF00012.asd	414	763.000	27449.011
WYF00012.asd	415	764.000	27621.097
WYF00012.asd	416	765.000	27780.825
WYF00012.asd	417	766.000	27931.770
WYF00012.asd	418	767.000	28084.644
WYF00012.asd	419	768.000	28232.260
WYF00012.asd	420	769.000	28375.480
WYF00012.asd	421	770.000	28516.504
WYF00012.asd	422	771.000	28657.293
WYF00012.asd	423	772.000	28793.970
WYF00012.asd	424	773.000	28923.399
WYF00012.asd	425	774.000	29043.766
WYF00012.asd	426	775.000	29157.970
WYF00012.asd	427	776.000	29264.183
WYF00012.asd	428	777.000	29366.601
WYF00012.asd	429	778.000	29473.040
WYF00012.asd	430	779.000	29567.670
WYF00012.asd	431	780.000	29657.254
WYF00012.asd	432	781.000	29746.314
WYF00012.asd	433	782.000	29828.937
WYF00012.asd	434	783.000	29910.418
WYF00012.asd	435	784.000	29987.113
WYF00012.asd	436	785.000	30055.081
WYF00012.asd	437	786.000	30119.228
WYF00012.asd	438	787.000	30177.928
WYF00012.asd	439	788.000	30227.479
WYF00012.asd	440	789.000	30264.787
WYF00012.asd	441	790.000	30298.531
WYF00012.asd	442	791.000	30334.783
WYF00012.asd	443	792.000	30371.480
WYF00012.asd	444	793.000	30398.107
WYF00012.asd	445	794.000	30426.670
WYF00012.asd	446	795.000	30451.267
WYF00012.asd	447	796.000	30468.730
WYF00012.asd	448	797.000	30493.236
WYF00012.asd	449	798.000	30497.604
WYF00012.asd	450	799.000	30484.099
WYF00012.asd	451	800.000	30466.115
WYF00012.asd	452	801.000	30447.188
WYF00012.asd	453	802.000	30451.951
WYF00012.asd	454	803.000	30472.045
WYF00012.asd	455	804.000	30476.799
WYF00012.asd	456	805.000	30476.478
WYF00012.asd	457	806.000	30459.626
WYF00012.asd	458	807.000	30429.426
WYF00012.asd	459	808.000	30410.814
WYF00012.asd	460	809.000	30390.929
WYF00012.asd	461	810.000	30367.153
WYF00012.asd	462	811.000	30337.629
WYF00012.asd	463	812.000	30295.462
WYF00012.asd	464	813.000	30260.156
WYF00012.asd	465	814.000	30224.630
WYF00012.asd	466	815.000	30176.162
WYF00012.asd	467	816.000	30129.119
WYF00012.asd	468	817.000	30087.225
WYF00012.asd	469	818.000	30048.378
WYF00012.asd	470	819.000	30006.356
WYF00012.asd	471	820.000	29956.892
WYF00012.asd	472	821.000	29913.201
WYF00012.asd	473	822.000	29873.795
WYF00012.asd	474	823.000	29816.474
WYF00012.asd	475	824.000	29761.169
WYF00012.asd	476	825.000	29697.057
WYF00012.asd	477	826.000	29617.590
WYF00012.asd	478	827.000	29540.514
WYF00012.asd	479	828.000	29465.834
WYF00012.asd	480	829.000	29394.704
WYF00012.asd	481	830.000	29323.434
WYF00012.asd	482	831.000	29231.398
WYF00012.asd	483	832.000	29134.664
WYF00012.asd	484	833.000	29039.489
WYF00012.asd	485	834.000	28945.950
WYF00012.asd	486	835.000	28861.475
WYF00012.asd	487	836.000	28772.830
WYF00012.asd	488	837.000	28676.159
WYF00012.asd	489	838.000	28579.171
WYF00012.asd	490	839.000	28484.351
WYF00012.asd	491	840.000	28389.643
WYF00012.asd	492	841.000	28290.231
WYF00012.asd	493	842.000	28178.438
WYF00012.asd	494	843.000	28077.264
WYF00012.asd	495	844.000	27977.122
WYF00012.asd	496	845.000	27868.433
WYF00012.asd	497	846.000	27766.977
WYF00012.asd	498	847.000	27665.686
WYF00012.asd	499	848.000	27560.805
WYF00012.asd	500	849.000	27452.414
WYF00012.asd	501	850.000	27351.994
WYF00012.asd	502	851.000	27247.847
WYF00012.asd	503	852.000	27132.192
WYF00012.asd	504	853.000	27004.810
WYF00012.asd	505	854.000	26891.076
WYF00012.asd	506	855.000	26778.796
WYF00012.asd	507	856.000	26663.578
WYF00012.asd	508	857.000	26551.171
WYF00012.asd	509	858.000	26427.322
WYF00012.asd	510	859.000	26301.444
WYF00012.asd	511	860.000	26179.260
WYF00012.asd	512	861.000	26055.341
WYF00012.asd	513	862.000	25929.968
WYF00012.asd	514	863.000	25806.419
WYF00012.asd	515	864.000	25683.630
WYF00012.asd	516	865.000	25549.344
WYF00012.asd	517	866.000	25411.825
WYF00012.asd	518	867.000	25278.578
WYF00012.asd	519	868.000	25151.444
WYF00012.asd	520	869.000	25014.787
WYF00012.asd	521	870.000	24880.085
WYF00012.asd	522	871.000	24746.538
WYF00012.asd	523	872.000	24608.349
WYF00012.asd	524	873.000	24464.580
WYF00012.asd	525	874.000	24321.744
WYF00012.asd	526	875.000	24182.493
WYF00012.asd	527	876.000	24045.999
WYF00012.asd	528	877.000	23909.602
WYF00012.asd	529	878.000	23775.003
WYF00012.asd	530	879.000	23637.273
WYF00012.asd	531	880.000	23487.410
WYF00012.asd	532	881.000	23338.349
WYF00012.asd	533	882.000	23193.317
WYF00012.asd	534	883.000	23051.671
WYF00012.asd	535	884.000	22909.770
WYF00012.asd	536	885.000	22764.384
WYF00012.asd	537	886.000	22618.791
WYF00012.asd	538	887.000	22472.730
WYF00012.asd	539	888.000	22318.409
WYF00012.asd	540	889.000	22159.591
WYF00012.asd	541	890.000	22003.836
WYF00012.asd	542	891.000	21853.858
WYF00012.asd	543	892.000	21700.246
WYF00012.asd	544	893.000	21547.597
WYF00012.asd	545	894.000	21397.456
WYF00012.asd	546	895.000	21249.047
WYF00012.asd	547	896.000	21097.078
WYF00012.asd	548	897.000	20950.207
WYF00012.asd	549	898.000	20804.432
WYF00012.asd	550	899.000	20653.852
WYF00012.asd	551	900.000	20503.242
WYF00012.asd	552	901.000	20352.250
WYF00012.asd	553	902.000	20202.453
WYF00012.asd	554	903.000	20055.152
WYF00012.asd	555	904.000	19906.855
WYF00012.asd	556	905.000	19761.854
WYF00012.asd	557	906.000	19614.444
WYF00012.asd	558	907.000	19456.614
WYF00012.asd	559	908.000	19298.245
WYF00012.asd	560	909.000	19141.172
WYF00012.asd	561	910.000	18983.561
WYF00012.asd	562	911.000	18821.637
WYF00012.asd	563	912.000	18653.185
WYF00012.asd	564	913.000	18492.024
WYF00012.asd	565	914.000	18333.990
WYF00012.asd	566	915.000	18164.512
WYF00012.asd	567	916.000	18006.765
WYF00012.asd	568	917.000	17846.359
WYF00012.asd	569	918.000	17682.785
WYF00012.asd	570	919.000	17528.128
WYF00012.asd	571	920.000	17365.645
WYF00012.asd	572	921.000	17200.627
WYF00012.asd	573	922.000	17037.215
WYF00012.asd	574	923.000	16875.167
WYF00012.asd	575	924.000	16710.500
WYF00012.asd	576	925.000	16541.000
WYF00012.asd	577	926.000	16369.563
WYF00012.asd	578	927.000	16202.508
WYF00012.asd	579	928.000	16027.088
WYF00012.asd	580	929.000	15854.135
WYF00012.asd	581	930.000	15684.961
WYF00012.asd	582	931.000	15507.853
WYF00012.asd	583	932.000	15335.727
WYF00012.asd	584	933.000	15163.264
WYF00012.asd	585	934.000	14989.058
WYF00012.asd	586	935.000	14819.078
WYF00012.asd	587	936.000	14649.453
WYF00012.asd	588	937.000	14484.532
WYF00012.asd	589	938.000	14324.113
WYF00012.asd	590	939.000	14161.864
WYF00012.asd	591	940.000	14004.688
WYF00012.asd	592	941.000	13842.457
WYF00012.asd	593	942.000	13675.746
WYF00012.asd	594	943.000	13519.173
WYF00012.asd	595	944.000	13358.434
WYF00012.asd	596	945.000	13196.173
WYF00012.asd	597	946.000	13037.011
WYF00012.asd	598	947.000	12883.639
WYF00012.asd	599	948.000	12728.975
WYF00012.asd	600	949.000	12575.112
WYF00012.asd	601	950.000	12425.562
WYF00012.asd	602	951.000	12282.438
WYF00012.asd	603	952.000	12135.710
WYF00012.asd	604	953.000	11988.400
WYF00012.asd	605	954.000	11841.423
WYF00012.asd	606	955.000	11691.945
WYF00012.asd	607	956.000	11543.221
WYF00012.asd	608	957.000	11398.429
WYF00012.asd	609	958.000	11257.974
WYF00012.asd	610	959.000	11119.227
WYF00012.asd	611	960.000	10977.811
WYF00012.asd	612	961.000	10836.969
WYF00012.asd	613	962.000	10697.647
WYF00012.asd	614	963.000	10558.091
WYF00012.asd	615	964.000	10418.441
WYF00012.asd	616	965.000	10279.694
WYF00012.asd	617	966.000	10142.616
WYF00012.asd	618	967.000	10007.331
WYF00012.asd	619	968.000	9872.022
WYF00012.asd	620	969.000	9739.113
WYF00012.asd	621	970.000	9607.028
WYF00012.asd	622	971.000	9472.684
WYF00012.asd	623	972.000	9339.423
WYF00012.asd	624	973.000	9208.146
WYF00012.asd	625	974.000	9078.006
WYF00012.asd	626	975.000	8947.913
WYF00012.asd	627	976.000	8819.817
WYF00012.asd	628	977.000	8691.522
WYF00012.asd	629	978.000	8561.115
WYF00012.asd	630	979.000	8429.326
WYF00012.asd	631	980.000	8303.881
WYF00012.asd	632	981.000	8182.625
WYF00012.asd	633	982.000	8059.091
WYF00012.asd	634	983.000	7930.836
WYF00012.asd	635	984.000	7808.937
WYF00012.asd	636	985.000	7686.644
WYF00012.asd	637	986.000	7562.895
WYF00012.asd	638	987.000	7439.304
WYF00012.asd	639	988.000	7319.125
WYF00012.asd	640	989.000	7197.835
WYF00012.asd	641	990.000	7079.219
WYF00012.asd	642	991.000	6964.338
WYF00012.asd	643	992.000	6848.150
WYF00012.asd	644	993.000	6730.444
WYF00012.asd	645	994.000	6614.418
WYF00012.asd	646	995.000	6500.660
WYF00012.asd	647	996.000	6386.814
WYF00012.asd	648	997.000	6275.161
WYF00012.asd	649	998.000	6164.406
WYF00012.asd	650	999.000	6054.597
WYF00012.asd	651	1000.000	5946.393
WYF00012.asd	652	1001.000	6496.411
WYF00012.asd	653	1002.000	6542.764
WYF00012.asd	654	1003.000	6590.081
WYF00012.asd	655	1004.000	6636.441
WYF00012.asd	656	1005.000	6683.065
WYF00012.asd	657	1006.000	6729.513
WYF00012.asd	658	1007.000	6775.020
WYF00012.asd	659	1008.000	6821.817
WYF00012.asd	660	1009.000	6868.977
WYF00012.asd	661	1010.000	6916.870
WYF00012.asd	662	1011.000	6965.896
WYF00012.asd	663	1012.000	7014.730
WYF00012.asd	664	1013.000	7066.209
WYF00012.asd	665	1014.000	7117.962
WYF00012.asd	666	1015.000	7169.536
WYF00012.asd	667	1016.000	7223.640
WYF00012.asd	668	1017.000	7277.792
WYF00012.asd	669	1018.000	7332.074
WYF00012.asd	670	1019.000	7388.766
WYF00012.asd	671	1020.000	7446.172
WYF00012.asd	672	1021.000	7504.866
WYF00012.asd	673	1022.000	7567.256
WYF00012.asd	674	1023.000	7627.359
WYF00012.asd	675	1024.000	7686.537
WYF00012.asd	676	1025.000	7748.481
WYF00012.asd	677	1026.000	7807.276
WYF00012.asd	678	1027.000	7866.427
WYF00012.asd	679	1028.000	7927.267
WYF00012.asd	680	1029.000	7984.387
WYF00012.asd	681	1030.000	8044.406
WYF00012.asd	682	1031.000	8103.811
WYF00012.asd	683	1032.000	8160.374
WYF00012.asd	684	1033.000	8215.748
WYF00012.asd	685	1034.000	8270.381
WYF00012.asd	686	1035.000	8321.879
WYF00012.asd	687	1036.000	8374.149
WYF00012.asd	688	1037.000	8426.452
WYF00012.asd	689	1038.000	8477.257
WYF00012.asd	690	1039.000	8528.323
WYF00012.asd	691	1040.000	8577.437
WYF00012.asd	692	1041.000	8622.714
WYF00012.asd	693	1042.000	8667.329
WYF00012.asd	694	1043.000	8708.963
WYF00012.asd	695	1044.000	8750.466
WYF00012.asd	696	1045.000	8793.234
WYF00012.asd	697	1046.000	8832.686
WYF00012.asd	698	1047.000	8872.111
WYF00012.asd	699	1048.000	8910.513
WYF00012.asd	700	1049.000	8947.849
WYF00012.asd	701	1050.000	8983.897
WYF00012.asd	702	1051.000	9020.031
WYF00012.asd	703	1052.000	9055.611
WYF00012.asd	704	1053.000	9090.154
WYF00012.asd	705	1054.000	9124.275
WYF00012.asd	706	1055.000	9157.239
WYF00012.asd	707	1056.000	9192.976
WYF00012.asd	708	1057.000	9228.557
WYF00012.asd	709	1058.000	9263.804
WYF00012.asd	710	1059.000	9301.247
WYF00012.asd	711	1060.000	9336.731
WYF00012.asd	712	1061.000	9374.206
WYF00012.asd	713	1062.000	9414.852
WYF00012.asd	714	1063.000	9453.916
WYF00012.asd	715	1064.000	9495.774
WYF00012.asd	716	1065.000	9539.975
WYF00012.asd	717	1066.000	9584.977
WYF00012.asd	718	1067.000	9630.109
WYF00012.asd	719	1068.000	9679.364
WYF00012.asd	720	1069.000	9727.942
WYF00012.asd	721	1070.000	9779.292
WYF00012.asd	722	1071.000	9834.879
WYF00012.asd	723	1072.000	9889.956
WYF00012.asd	724	1073.000	9951.505
WYF00012.asd	725	1074.000	10016.518
WYF00012.asd	726	1075.000	10081.242
WYF00012.asd	727	1076.000	10151.412
WYF00012.asd	728	1077.000	10221.003
WYF00012.asd	729	1078.000	10293.092
WYF00012.asd	730	1079.000	10370.583
WYF00012.asd	731	1080.000	10452.130
WYF00012.asd	732	1081.000	10535.073
WYF00012.asd	733	1082.000	10626.223
WYF00012.asd	734	1083.000	10720.696
WYF00012.asd	735	1084.000	10814.695
WYF00012.asd	736	1085.000	10914.061
WYF00012.asd	737	1086.000	11013.203
WYF00012.asd	738	1087.000	11116.179
WYF00012.asd	739	1088.000	11223.038
WYF00012.asd	740	1089.000	11329.571
WYF00012.asd	741	1090.000	11445.150
WYF00012.asd	742	1091.000	11562.180
WYF00012.asd	743	1092.000	11678.778
WYF00012.asd	744	1093.000	11800.088
WYF00012.asd	745	1094.000	11916.244
WYF00012.asd	746	1095.000	12035.664
WYF00012.asd	747	1096.000	12155.292
WYF00012.asd	748	1097.000	12277.586
WYF00012.asd	749	1098.000	12397.200
WYF00012.asd	750	1099.000	12525.140
WYF00012.asd	751	1100.000	12651.811
WYF00012.asd	752	1101.000	12773.553
WYF00012.asd	753	1102.000	12898.340
WYF00012.asd	754	1103.000	13015.267
WYF00012.asd	755	1104.000	13131.318
WYF00012.asd	756	1105.000	13250.123
WYF00012.asd	757	1106.000	13363.581
WYF00012.asd	758	1107.000	13481.840
WYF00012.asd	759	1108.000	13597.938
WYF00012.asd	760	1109.000	13705.942
WYF00012.asd	761	1110.000	13812.710
WYF00012.asd	762	1111.000	13917.531
WYF00012.asd	763	1112.000	14019.524
WYF00012.asd	764	1113.000	14117.670
WYF00012.asd	765	1114.000	14215.703
WYF00012.asd	766	1115.000	14309.406
WYF00012.asd	767	1116.000	14404.797
WYF00012.asd	768	1117.000	14495.015
WYF00012.asd	769	1118.000	14579.925
WYF00012.asd	770	1119.000	14665.985
WYF00012.asd	771	1120.000	14745.549
WYF00012.asd	772	1121.000	14824.883
WYF00012.asd	773	1122.000	14905.324
WYF00012.asd	774	1123.000	14981.231
WYF00012.asd	775	1124.000	15060.205
WYF00012.asd	776	1125.000	15137.215
WYF00012.asd	777	1126.000	15209.931
WYF00012.asd	778	1127.000	15280.872
WYF00012.asd	779	1128.000	15349.859
WYF00012.asd	780	1129.000	15416.435
WYF00012.asd	781	1130.000	15480.075
WYF00012.asd	782	1131.000	15542.816
WYF00012.asd	783	1132.000	15602.554
WYF00012.asd	784	1133.000	15663.184
WYF00012.asd	785	1134.000	15721.223
WYF00012.asd	786	1135.000	15777.401
WYF00012.asd	787	1136.000	15836.280
WYF00012.asd	788	1137.000	15892.863
WYF00012.asd	789	1138.000	15948.937
WYF00012.asd	790	1139.000	16005.295
WYF00012.asd	791	1140.000	16057.348
WYF00012.asd	792	1141.000	16111.200
WYF00012.asd	793	1142.000	16163.842
WYF00012.asd	794	1143.000	16214.800
WYF00012.asd	795	1144.000	16265.004
WYF00012.asd	796	1145.000	16314.210
WYF00012.asd	797	1146.000	16363.558
WYF00012.asd	798	1147.000	16411.424
WYF00012.asd	799	1148.000	16461.903
WYF00012.asd	800	1149.000	16511.253
WYF00012.asd	801	1150.000	16562.845
WYF00012.asd	802	1151.000	16615.538
WYF00012.asd	803	1152.000	16666.584
WYF00012.asd	804	1153.000	16719.466
WYF00012.asd	805	1154.000	16771.559
WYF00012.asd	806	1155.000	16823.573
WYF00012.asd	807	1156.000	16877.286
WYF00012.asd	808	1157.000	16929.852
WYF00012.asd	809	1158.000	16984.265
WYF00012.asd	810	1159.000	17039.733
WYF00012.asd	811	1160.000	17096.372
WYF00012.asd	812	1161.000	17152.063
WYF00012.asd	813	1162.000	17208.167
WYF00012.asd	814	1163.000	17264.529
WYF00012.asd	815	1164.000	17320.949
WYF00012.asd	816	1165.000	17376.548
WYF00012.asd	817	1166.000	17431.137
WYF00012.asd	818	1167.000	17489.889
WYF00012.asd	819	1168.000	17546.783
WYF00012.asd	820	1169.000	17601.986
WYF00012.asd	821	1170.000	17659.200
WYF00012.asd	822	1171.000	17712.963
WYF00012.asd	823	1172.000	17767.374
WYF00012.asd	824	1173.000	17822.608
WYF00012.asd	825	1174.000	17874.298
WYF00012.asd	826	1175.000	17929.484
WYF00012.asd	827	1176.000	17982.370
WYF00012.asd	828	1177.000	18033.386
WYF00012.asd	829	1178.000	18082.648
WYF00012.asd	830	1179.000	18131.624
WYF00012.asd	831	1180.000	18178.193
WYF00012.asd	832	1181.000	18222.167
WYF00012.asd	833	1182.000	18266.002
WYF00012.asd	834	1183.000	18308.215
WYF00012.asd	835	1184.000	18351.106
WYF00012.asd	836	1185.000	18394.020
WYF00012.asd	837	1186.000	18434.545
WYF00012.asd	838	1187.000	18475.008
WYF00012.asd	839	1188.000	18516.005
WYF00012.asd	840	1189.000	18556.999
WYF00012.asd	841	1190.000	18596.805
WYF00012.asd	842	1191.000	18635.823
WYF00012.asd	843	1192.000	18675.532
WYF00012.asd	844	1193.000	18715.528
WYF00012.asd	845	1194.000	18755.217
WYF00012.asd	846	1195.000	18794.389
WYF00012.asd	847	1196.000	18834.594
WYF00012.asd	848	1197.000	18872.838
WYF00012.asd	849	1198.000	18909.210
WYF00012.asd	850	1199.000	18945.722
WYF00012.asd	851	1200.000	18982.444
WYF00012.asd	852	1201.000	19018.597
WYF00012.asd	853	1202.000	19054.776
WYF00012.asd	854	1203.000	19087.869
WYF00012.asd	855	1204.000	19122.277
WYF00012.asd	856	1205.000	19155.323
WYF00012.asd	857	1206.000	19187.260
WYF00012.asd	858	1207.000	19220.466
WYF00012.asd	859	1208.000	19252.557
WYF00012.asd	860	1209.000	19284.640
WYF00012.asd	861	1210.000	19316.252
WYF00012.asd	862	1211.000	19347.535
WYF00012.asd	863	1212.000	19378.377
WYF00012.asd	864	1213.000	19407.729
WYF00012.asd	865	1214.000	19439.118
WYF00012.asd	866	1215.000	19472.073
WYF00012.asd	867	1216.000	19503.646
WYF00012.asd	868	1217.000	19535.698
WYF00012.asd	869	1218.000	19567.435
WYF00012.asd	870	1219.000	19598.185
WYF00012.asd	871	1220.000	19628.192
WYF00012.asd	872	1221.000	19658.938
WYF00012.asd	873	1222.000	19688.095
WYF00012.asd	874	1223.000	19715.129
WYF00012.asd	875	1224.000	19743.225
WYF00012.asd	876	1225.000	19768.665
WYF00012.asd	877	1226.000	19793.876
WYF00012.asd	878	1227.000	19818.545
WYF00012.asd	879	1228.000	19840.775
WYF00012.asd	880	1229.000	19862.703
WYF00012.asd	881	1230.000	19883.611
WYF00012.asd	882	1231.000	19904.358
WYF00012.asd	883	1232.000	19924.509
WYF00012.asd	884	1233.000	19943.786
WYF00012.asd	885	1234.000	19962.659
WYF00012.asd	886	1235.000	19981.214
WYF00012.asd	887	1236.000	19998.308
WYF00012.asd	888	1237.000	20015.706
WYF00012.asd	889	1238.000	20033.079
WYF00012.asd	890	1239.000	20050.391
WYF00012.asd	891	1240.000	20067.025
WYF00012.asd	892	1241.000	20084.311
WYF00012.asd	893	1242.000	20100.982
WYF00012.asd	894	1243.000	20119.600
WYF00012.asd	895	1244.000	20140.230
WYF00012.asd	896	1245.000	20160.532
WYF00012.asd	897	1246.000	20181.359
WYF00012.asd	898	1247.000	20201.262
WYF00012.asd	899	1248.000	20219.820
WYF00012.asd	900	1249.000	20236.787
WYF00012.asd	901	1250.000	20253.506
WYF00012.asd	902	1251.000	20269.932
WYF00012.asd	903	1252.000	20285.204
WYF00012.asd	904	1253.000	20299.905
WYF00012.asd	905	1254.000	20312.307
WYF00012.asd	906	1255.000	20324.193
WYF00012.asd	907	1256.000	20332.866
WYF00012.asd	908	1257.000	20338.349
WYF00012.asd	909	1258.000	20343.572
WYF00012.asd	910	1259.000	20347.251
WYF00012.asd	911	1260.000	20349.203
WYF00012.asd	912	1261.000	20349.537
WYF00012.asd	913	1262.000	20349.132
WYF00012.asd	914	1263.000	20346.492
WYF00012.asd	915	1264.000	20343.784
WYF00012.asd	916	1265.000	20341.254
WYF00012.asd	917	1266.000	20337.606
WYF00012.asd	918	1267.000	20334.227
WYF00012.asd	919	1268.000	20329.229
WYF00012.asd	920	1269.000	20325.159
WYF00012.asd	921	1270.000	20320.731
WYF00012.asd	922	1271.000	20317.369
WYF00012.asd	923	1272.000	20314.038
WYF00012.asd	924	1273.000	20312.286
WYF00012.asd	925	1274.000	20311.313
WYF00012.asd	926	1275.000	20311.521
WYF00012.asd	927	1276.000	20313.386
WYF00012.asd	928	1277.000	20315.324
WYF00012.asd	929	1278.000	20317.770
WYF00012.asd	930	1279.000	20321.102
WYF00012.asd	931	1280.000	20324.679
WYF00012.asd	932	1281.000	20329.440
WYF00012.asd	933	1282.000	20336.025
WYF00012.asd	934	1283.000	20342.346
WYF00012.asd	935	1284.000	20348.896
WYF00012.asd	936	1285.000	20356.343
WYF00012.asd	937	1286.000	20364.138
WYF00012.asd	938	1287.000	20372.291
WYF00012.asd	939	1288.000	20381.158
WYF00012.asd	940	1289.000	20390.678
WYF00012.asd	941	1290.000	20401.517
WYF00012.asd	942	1291.000	20412.873
WYF00012.asd	943	1292.000	20425.718
WYF00012.asd	944	1293.000	20440.508
WYF00012.asd	945	1294.000	20455.122
WYF00012.asd	946	1295.000	20470.322
WYF00012.asd	947	1296.000	20486.216
WYF00012.asd	948	1297.000	20501.985
WYF00012.asd	949	1298.000	20519.694
WYF00012.asd	950	1299.000	20539.009
WYF00012.asd	951	1300.000	20558.571
WYF00012.asd	952	1301.000	20579.885
WYF00012.asd	953	1302.000	20600.845
WYF00012.asd	954	1303.000	20621.601
WYF00012.asd	955	1304.000	20643.109
WYF00012.asd	956	1305.000	20664.706
WYF00012.asd	957	1306.000	20687.297
WYF00012.asd	958	1307.000	20710.194
WYF00012.asd	959	1308.000	20734.791
WYF00012.asd	960	1309.000	20759.156
WYF00012.asd	961	1310.000	20785.685
WYF00012.asd	962	1311.000	20813.613
WYF00012.asd	963	1312.000	20841.592
WYF00012.asd	964	1313.000	20870.875
WYF00012.asd	965	1314.000	20901.296
WYF00012.asd	966	1315.000	20932.786
WYF00012.asd	967	1316.000	20965.582
WYF00012.asd	968	1317.000	20998.212
WYF00012.asd	969	1318.000	21031.447
WYF00012.asd	970	1319.000	21066.103
WYF00012.asd	971	1320.000	21101.817
WYF00012.asd	972	1321.000	21136.933
WYF00012.asd	973	1322.000	21172.965
WYF00012.asd	974	1323.000	21209.052
WYF00012.asd	975	1324.000	21244.080
WYF00012.asd	976	1325.000	21280.489
WYF00012.asd	977	1326.000	21318.700
WYF00012.asd	978	1327.000	21356.586
WYF00012.asd	979	1328.000	21394.666
WYF00012.asd	980	1329.000	21432.598
WYF00012.asd	981	1330.000	21469.830
WYF00012.asd	982	1331.000	21508.315
WYF00012.asd	983	1332.000	21547.326
WYF00012.asd	984	1333.000	21587.135
WYF00012.asd	985	1334.000	21626.010
WYF00012.asd	986	1335.000	21667.149
WYF00012.asd	987	1336.000	21705.892
WYF00012.asd	988	1337.000	21743.677
WYF00012.asd	989	1338.000	21780.500
WYF00012.asd	990	1339.000	21816.766
WYF00012.asd	991	1340.000	21851.506
WYF00012.asd	992	1341.000	21886.433
WYF00012.asd	993	1342.000	21916.869
WYF00012.asd	994	1343.000	21946.323
WYF00012.asd	995	1344.000	21970.749
WYF00012.asd	996	1345.000	21991.883
WYF00012.asd	997	1346.000	22007.672
WYF00012.asd	998	1347.000	22020.670
WYF00012.asd	999	1348.000	22026.579
WYF00012.asd	1000	1349.000	22026.430
WYF00012.asd	1001	1350.000	22021.355
WYF00012.asd	1002	1351.000	22011.214
WYF00012.asd	1003	1352.000	21994.905
WYF00012.asd	1004	1353.000	21970.260
WYF00012.asd	1005	1354.000	21945.122
WYF00012.asd	1006	1355.000	21911.993
WYF00012.asd	1007	1356.000	21881.832
WYF00012.asd	1008	1357.000	21846.775
WYF00012.asd	1009	1358.000	21819.769
WYF00012.asd	1010	1359.000	21793.560
WYF00012.asd	1011	1360.000	21773.130
WYF00012.asd	1012	1361.000	21763.844
WYF00012.asd	1013	1362.000	21766.758
WYF00012.asd	1014	1363.000	21784.380
WYF00012.asd	1015	1364.000	21814.360
WYF00012.asd	1016	1365.000	21858.491
WYF00012.asd	1017	1366.000	21920.105
WYF00012.asd	1018	1367.000	21984.870
WYF00012.asd	1019	1368.000	22064.577
WYF00012.asd	1020	1369.000	22141.902
WYF00012.asd	1021	1370.000	22229.674
WYF00012.asd	1022	1371.000	22306.483
WYF00012.asd	1023	1372.000	22392.425
WYF00012.asd	1024	1373.000	22452.853
WYF00012.asd	1025	1374.000	22511.219
WYF00012.asd	1026	1375.000	22536.565
WYF00012.asd	1027	1376.000	22539.968
WYF00012.asd	1028	1377.000	22522.349
WYF00012.asd	1029	1378.000	22466.070
WYF00012.asd	1030	1379.000	22416.398
WYF00012.asd	1031	1380.000	22337.218
WYF00012.asd	1032	1381.000	22282.793
WYF00012.asd	1033	1382.000	22226.411
WYF00012.asd	1034	1383.000	22192.103
WYF00012.asd	1035	1384.000	22181.406
WYF00012.asd	1036	1385.000	22173.289
WYF00012.asd	1037	1386.000	22185.189
WYF00012.asd	1038	1387.000	22195.496
WYF00012.asd	1039	1388.000	22200.144
WYF00012.asd	1040	1389.000	22196.486
WYF00012.asd	1041	1390.000	22166.431
WYF00012.asd	1042	1391.000	22120.587
WYF00012.asd	1043	1392.000	22058.175
WYF00012.asd	1044	1393.000	21971.802
WYF00012.asd	1045	1394.000	21883.022
WYF00012.asd	1046	1395.000	21777.274
WYF00012.asd	1047	1396.000	21677.526
WYF00012.asd	1048	1397.000	21571.562
WYF00012.asd	1049	1398.000	21465.358
WYF00012.asd	1050	1399.000	21359.648
WYF00012.asd	1051	1400.000	21249.799
WYF00012.asd	1052	1401.000	21136.070
WYF00012.asd	1053	1402.000	21018.857
WYF00012.asd	1054	1403.000	20898.802
WYF00012.asd	1055	1404.000	20777.487
WYF00012.asd	1056	1405.000	20649.906
WYF00012.asd	1057	1406.000	20525.885
WYF00012.asd	1058	1407.000	20399.610
WYF00012.asd	1059	1408.000	20279.284
WYF00012.asd	1060	1409.000	20160.823
WYF00012.asd	1061	1410.000	20045.691
WYF00012.asd	1062	1411.000	19935.420
WYF00012.asd	1063	1412.000	19827.486
WYF00012.asd	1064	1413.000	19723.066
WYF00012.asd	1065	1414.000	19619.459
WYF00012.asd	1066	1415.000	19515.388
WYF00012.asd	1067	1416.000	19417.934
WYF00012.asd	1068	1417.000	19322.424
WYF00012.asd	1069	1418.000	19232.117
WYF00012.asd	1070	1419.000	19146.435
WYF00012.asd	1071	1420.000	19069.327
WYF00012.asd	1072	1421.000	18994.536
WYF00012.asd	1073	1422.000	18923.799
WYF00012.asd	1074	1423.000	18856.665
WYF00012.asd	1075	1424.000	18793.907
WYF00012.asd	1076	1425.000	18735.915
WYF00012.asd	1077	1426.000	18681.665
WYF00012.asd	1078	1427.000	18631.161
WYF00012.asd	1079	1428.000	18585.658
WYF00012.asd	1080	1429.000	18544.139
WYF00012.asd	1081	1430.000	18505.212
WYF00012.asd	1082	1431.000	18472.038
WYF00012.asd	1083	1432.000	18444.543
WYF00012.asd	1084	1433.000	18420.943
WYF00012.asd	1085	1434.000	18401.551
WYF00012.asd	1086	1435.000	18386.268
WYF00012.asd	1087	1436.000	18376.663
WYF00012.asd	1088	1437.000	18368.818
WYF00012.asd	1089	1438.000	18365.131
WYF00012.asd	1090	1439.000	18362.735
WYF00012.asd	1091	1440.000	18363.617
WYF00012.asd	1092	1441.000	18364.925
WYF00012.asd	1093	1442.000	18367.555
WYF00012.asd	1094	1443.000	18371.864
WYF00012.asd	1095	1444.000	18377.405
WYF00012.asd	1096	1445.000	18384.618
WYF00012.asd	1097	1446.000	18394.707
WYF00012.asd	1098	1447.000	18404.404
WYF00012.asd	1099	1448.000	18415.480
WYF00012.asd	1100	1449.000	18426.136
WYF00012.asd	1101	1450.000	18436.793
WYF00012.asd	1102	1451.000	18447.589
WYF00012.asd	1103	1452.000	18459.069
WYF00012.asd	1104	1453.000	18469.600
WYF00012.asd	1105	1454.000	18480.949
WYF00012.asd	1106	1455.000	18490.101
WYF00012.asd	1107	1456.000	18497.098
WYF00012.asd	1108	1457.000	18504.428
WYF00012.asd	1109	1458.000	18508.977
WYF00012.asd	1110	1459.000	18511.093
WYF00012.asd	1111	1460.000	18513.726
WYF00012.asd	1112	1461.000	18514.478
WYF00012.asd	1113	1462.000	18517.085
WYF00012.asd	1114	1463.000	18519.771
WYF00012.asd	1115	1464.000	18523.525
WYF00012.asd	1116	1465.000	18527.530
WYF00012.asd	1117	1466.000	18533.776
WYF00012.asd	1118	1467.000	18540.564
WYF00012.asd	1119	1468.000	18550.302
WYF00012.asd	1120	1469.000	18561.994
WYF00012.asd	1121	1470.000	18576.081
WYF00012.asd	1122	1471.000	18592.316
WYF00012.asd	1123	1472.000	18610.942
WYF00012.asd	1124	1473.000	18632.659
WYF00012.asd	1125	1474.000	18654.992
WYF00012.asd	1126	1475.000	18679.364
WYF00012.asd	1127	1476.000	18704.686
WYF00012.asd	1128	1477.000	18732.133
WYF00012.asd	1129	1478.000	18758.523
WYF00012.asd	1130	1479.000	18786.254
WYF00012.asd	1131	1480.000	18812.765
WYF00012.asd	1132	1481.000	18838.245
WYF00012.asd	1133	1482.000	18863.894
WYF00012.asd	1134	1483.000	18888.919
WYF00012.asd	1135	1484.000	18914.724
WYF00012.asd	1136	1485.000	18941.588
WYF00012.asd	1137	1486.000	18966.771
WYF00012.asd	1138	1487.000	18991.351
WYF00012.asd	1139	1488.000	19016.196
WYF00012.asd	1140	1489.000	19040.620
WYF00012.asd	1141	1490.000	19064.006
WYF00012.asd	1142	1491.000	19088.184
WYF00012.asd	1143	1492.000	19110.536
WYF00012.asd	1144	1493.000	19129.682
WYF00012.asd	1145	1494.000	19150.156
WYF00012.asd	1146	1495.000	19170.475
WYF00012.asd	1147	1496.000	19190.792
WYF00012.asd	1148	1497.000	19212.275
WYF00012.asd	1149	1498.000	19232.691
WYF00012.asd	1150	1499.000	19251.603
WYF00012.asd	1151	1500.000	19271.548
WYF00012.asd	1152	1501.000	19292.315
WYF00012.asd	1153	1502.000	19311.825
WYF00012.asd	1154	1503.000	19332.097
WYF00012.asd	1155	1504.000	19352.756
WYF00012.asd	1156	1505.000	19372.503
WYF00012.asd	1157	1506.000	19391.439
WYF00012.asd	1158	1507.000	19410.270
WYF00012.asd	1159	1508.000	19429.190
WYF00012.asd	1160	1509.000	19447.158
WYF00012.asd	1161	1510.000	19464.642
WYF00012.asd	1162	1511.000	19481.069
WYF00012.asd	1163	1512.000	19496.305
WYF00012.asd	1164	1513.000	19512.230
WYF00012.asd	1165	1514.000	19527.784
WYF00012.asd	1166	1515.000	19542.881
WYF00012.asd	1167	1516.000	19558.551
WYF00012.asd	1168	1517.000	19572.673
WYF00012.asd	1169	1518.000	19585.378
WYF00012.asd	1170	1519.000	19598.255
WYF00012.asd	1171	1520.000	19611.091
WYF00012.asd	1172	1521.000	19622.657
WYF00012.asd	1173	1522.000	19633.242
WYF00012.asd	1174	1523.000	19643.943
WYF00012.asd	1175	1524.000	19654.545
WYF00012.asd	1176	1525.000	19663.423
WYF00012.asd	1177	1526.000	19671.947
WYF00012.asd	1178	1527.000	19679.048
WYF00012.asd	1179	1528.000	19683.830
WYF00012.asd	1180	1529.000	19689.033
WYF00012.asd	1181	1530.000	19694.029
WYF00012.asd	1182	1531.000	19698.362
WYF00012.asd	1183	1532.000	19702.215
WYF00012.asd	1184	1533.000	19705.328
WYF00012.asd	1185	1534.000	19707.268
WYF00012.asd	1186	1535.000	19709.682
WYF00012.asd	1187	1536.000	19712.113
WYF00012.asd	1188	1537.000	19713.816
WYF00012.asd	1189	1538.000	19715.847
WYF00012.asd	1190	1539.000	19716.715
WYF00012.asd	1191	1540.000	19716.378
WYF00012.asd	1192	1541.000	19715.750
WYF00012.asd	1193	1542.000	19714.111
WYF00012.asd	1194	1543.000	19712.883
WYF00012.asd	1195	1544.000	19711.568
WYF00012.asd	1196	1545.000	19709.853
WYF00012.asd	1197	1546.000	19708.008
WYF00012.asd	1198	1547.000	19706.201
WYF00012.asd	1199	1548.000	19704.502
WYF00012.asd	1200	1549.000	19701.883
WYF00012.asd	1201	1550.000	19699.306
WYF00012.asd	1202	1551.000	19695.938
WYF00012.asd	1203	1552.000	19691.568
WYF00012.asd	1204	1553.000	19686.606
WYF00012.asd	1205	1554.000	19681.084
WYF00012.asd	1206	1555.000	19675.131
WYF00012.asd	1207	1556.000	19669.227
WYF00012.asd	1208	1557.000	19661.546
WYF00012.asd	1209	1558.000	19652.840
WYF00012.asd	1210	1559.000	19643.202
WYF00012.asd	1211	1560.000	19631.044
WYF00012.asd	1212	1561.000	19619.713
WYF00012.asd	1213	1562.000	19608.777
WYF00012.asd	1214	1563.000	19596.971
WYF00012.asd	1215	1564.000	19585.156
WYF00012.asd	1216	1565.000	19572.480
WYF00012.asd	1217	1566.000	19558.552
WYF00012.asd	1218	1567.000	19545.404
WYF00012.asd	1219	1568.000	19532.162
WYF00012.asd	1220	1569.000	19517.372
WYF00012.asd	1221	1570.000	19501.725
WYF00012.asd	1222	1571.000	19485.969
WYF00012.asd	1223	1572.000	19470.928
WYF00012.asd	1224	1573.000	19455.791
WYF00012.asd	1225	1574.000	19441.363
WYF00012.asd	1226	1575.000	19427.393
WYF00012.asd	1227	1576.000	19410.689
WYF00012.asd	1228	1577.000	19394.663
WYF00012.asd	1229	1578.000	19378.805
WYF00012.asd	1230	1579.000	19361.767
WYF00012.asd	1231	1580.000	19346.508
WYF00012.asd	1232	1581.000	19330.489
WYF00012.asd	1233	1582.000	19314.878
WYF00012.asd	1234	1583.000	19299.590
WYF00012.asd	1235	1584.000	19283.876
WYF00012.asd	1236	1585.000	19269.297
WYF00012.asd	1237	1586.000	19253.823
WYF00012.asd	1238	1587.000	19237.801
WYF00012.asd	1239	1588.000	19222.680
WYF00012.asd	1240	1589.000	19207.430
WYF00012.asd	1241	1590.000	19192.806
WYF00012.asd	1242	1591.000	19179.000
WYF00012.asd	1243	1592.000	19164.816
WYF00012.asd	1244	1593.000	19150.640
WYF00012.asd	1245	1594.000	19137.201
WYF00012.asd	1246	1595.000	19124.160
WYF00012.asd	1247	1596.000	19110.636
WYF00012.asd	1248	1597.000	19098.232
WYF00012.asd	1249	1598.000	19082.882
WYF00012.asd	1250	1599.000	19065.799
WYF00012.asd	1251	1600.000	19049.690
WYF00012.asd	1252	1601.000	19032.103
WYF00012.asd	1253	1602.000	19016.068
WYF00012.asd	1254	1603.000	19001.431
WYF00012.asd	1255	1604.000	18985.037
WYF00012.asd	1256	1605.000	18968.350
WYF00012.asd	1257	1606.000	18951.008
WYF00012.asd	1258	1607.000	18933.023
WYF00012.asd	1259	1608.000	18914.763
WYF00012.asd	1260	1609.000	18896.520
WYF00012.asd	1261	1610.000	18876.497
WYF00012.asd	1262	1611.000	18855.286
WYF00012.asd	1263	1612.000	18833.788
WYF00012.asd	1264	1613.000	18811.081
WYF00012.asd	1265	1614.000	18788.123
WYF00012.asd	1266	1615.000	18764.797
WYF00012.asd	1267	1616.000	18741.414
WYF00012.asd	1268	1617.000	18717.471
WYF00012.asd	1269	1618.000	18693.486
WYF00012.asd	1270	1619.000	18670.363
WYF00012.asd	1271	1620.000	18644.306
WYF00012.asd	1272	1621.000	18617.058
WYF00012.asd	1273	1622.000	18587.989
WYF00012.asd	1274	1623.000	18556.636
WYF00012.asd	1275	1624.000	18525.542
WYF00012.asd	1276	1625.000	18493.727
WYF00012.asd	1277	1626.000	18460.821
WYF00012.asd	1278	1627.000	18426.960
WYF00012.asd	1279	1628.000	18392.455
WYF00012.asd	1280	1629.000	18356.898
WYF00012.asd	1281	1630.000	18320.297
WYF00012.asd	1282	1631.000	18282.767
WYF00012.asd	1283	1632.000	18245.697
WYF00012.asd	1284	1633.000	18208.166
WYF00012.asd	1285	1634.000	18169.789
WYF00012.asd	1286	1635.000	18131.721
WYF00012.asd	1287	1636.000	18091.863
WYF00012.asd	1288	1637.000	18050.579
WYF00012.asd	1289	1638.000	18007.733
WYF00012.asd	1290	1639.000	17963.943
WYF00012.asd	1291	1640.000	17918.954
WYF00012.asd	1292	1641.000	17872.497
WYF00012.asd	1293	1642.000	17825.150
WYF00012.asd	1294	1643.000	17776.729
WYF00012.asd	1295	1644.000	17727.609
WYF00012.asd	1296	1645.000	17677.199
WYF00012.asd	1297	1646.000	17624.864
WYF00012.asd	1298	1647.000	17571.899
WYF00012.asd	1299	1648.000	17517.106
WYF00012.asd	1300	1649.000	17460.159
WYF00012.asd	1301	1650.000	17403.263
WYF00012.asd	1302	1651.000	17346.114
WYF00012.asd	1303	1652.000	17286.258
WYF00012.asd	1304	1653.000	17224.845
WYF00012.asd	1305	1654.000	17160.620
WYF00012.asd	1306	1655.000	17093.954
WYF00012.asd	1307	1656.000	17026.541
WYF00012.asd	1308	1657.000	16959.308
WYF00012.asd	1309	1658.000	16886.141
WYF00012.asd	1310	1659.000	16809.483
WYF00012.asd	1311	1660.000	16730.628
WYF00012.asd	1312	1661.000	16646.276
WYF00012.asd	1313	1662.000	16560.976
WYF00012.asd	1314	1663.000	16475.541
WYF00012.asd	1315	1664.000	16386.373
WYF00012.asd	1316	1665.000	16300.907
WYF00012.asd	1317	1666.000	16215.249
WYF00012.asd	1318	1667.000	16129.459
WYF00012.asd	1319	1668.000	16049.686
WYF00012.asd	1320	1669.000	15968.030
WYF00012.asd	1321	1670.000	15888.484
WYF00012.asd	1322	1671.000	15815.596
WYF00012.asd	1323	1672.000	15744.282
WYF00012.asd	1324	1673.000	15677.018
WYF00012.asd	1325	1674.000	15613.205
WYF00012.asd	1326	1675.000	15548.625
WYF00012.asd	1327	1676.000	15484.886
WYF00012.asd	1328	1677.000	15419.377
WYF00012.asd	1329	1678.000	15353.301
WYF00012.asd	1330	1679.000	15287.918
WYF00012.asd	1331	1680.000	15220.448
WYF00012.asd	1332	1681.000	15152.752
WYF00012.asd	1333	1682.000	15082.711
WYF00012.asd	1334	1683.000	15011.674
WYF00012.asd	1335	1684.000	14940.665
WYF00012.asd	1336	1685.000	14865.707
WYF00012.asd	1337	1686.000	14790.027
WYF00012.asd	1338	1687.000	14715.161
WYF00012.asd	1339	1688.000	14639.129
WYF00012.asd	1340	1689.000	14566.419
WYF00012.asd	1341	1690.000	14493.067
WYF00012.asd	1342	1691.000	14419.237
WYF00012.asd	1343	1692.000	14348.330
WYF00012.asd	1344	1693.000	14273.370
WYF00012.asd	1345	1694.000	14200.559
WYF00012.asd	1346	1695.000	14130.908
WYF00012.asd	1347	1696.000	14059.250
WYF00012.asd	1348	1697.000	13990.557
WYF00012.asd	1349	1698.000	13922.483
WYF00012.asd	1350	1699.000	13854.564
WYF00012.asd	1351	1700.000	13788.240
WYF00012.asd	1352	1701.000	13719.085
WYF00012.asd	1353	1702.000	13651.183
WYF00012.asd	1354	1703.000	13585.997
WYF00012.asd	1355	1704.000	13520.572
WYF00012.asd	1356	1705.000	13458.608
WYF00012.asd	1357	1706.000	13396.980
WYF00012.asd	1358	1707.000	13332.494
WYF00012.asd	1359	1708.000	13269.447
WYF00012.asd	1360	1709.000	13203.834
WYF00012.asd	1361	1710.000	13137.164
WYF00012.asd	1362	1711.000	13072.873
WYF00012.asd	1363	1712.000	13006.144
WYF00012.asd	1364	1713.000	12941.122
WYF00012.asd	1365	1714.000	12875.376
WYF00012.asd	1366	1715.000	12808.631
WYF00012.asd	1367	1716.000	12744.457
WYF00012.asd	1368	1717.000	12676.166
WYF00012.asd	1369	1718.000	12610.011
WYF00012.asd	1370	1719.000	12548.589
WYF00012.asd	1371	1720.000	12486.564
WYF00012.asd	1372	1721.000	12427.152
WYF00012.asd	1373	1722.000	12370.069
WYF00012.asd	1374	1723.000	12314.016
WYF00012.asd	1375	1724.000	12257.927
WYF00012.asd	1376	1725.000	12205.927
WYF00012.asd	1377	1726.000	12156.946
WYF00012.asd	1378	1727.000	12111.251
WYF00012.asd	1379	1728.000	12069.554
WYF00012.asd	1380	1729.000	12029.408
WYF00012.asd	1381	1730.000	11991.446
WYF00012.asd	1382	1731.000	11956.161
WYF00012.asd	1383	1732.000	11923.713
WYF00012.asd	1384	1733.000	11891.037
WYF00012.asd	1385	1734.000	11861.084
WYF00012.asd	1386	1735.000	11830.786
WYF00012.asd	1387	1736.000	11801.731
WYF00012.asd	1388	1737.000	11771.044
WYF00012.asd	1389	1738.000	11740.442
WYF00012.asd	1390	1739.000	11709.222
WYF00012.asd	1391	1740.000	11674.227
WYF00012.asd	1392	1741.000	11637.590
WYF00012.asd	1393	1742.000	11600.497
WYF00012.asd	1394	1743.000	11559.523
WYF00012.asd	1395	1744.000	11518.715
WYF00012.asd	1396	1745.000	11477.374
WYF00012.asd	1397	1746.000	11434.191
WYF00012.asd	1398	1747.000	11391.292
WYF00012.asd	1399	1748.000	11345.308
WYF00012.asd	1400	1749.000	11297.553
WYF00012.asd	1401	1750.000	11251.094
WYF00012.asd	1402	1751.000	11203.595
WYF00012.asd	1403	1752.000	11156.488
WYF00012.asd	1404	1753.000	11109.593
WYF00012.asd	1405	1754.000	11061.744
WYF00012.asd	1406	1755.000	11014.871
WYF00012.asd	1407	1756.000	10966.100
WYF00012.asd	1408	1757.000	10917.448
WYF00012.asd	1409	1758.000	10871.017
WYF00012.asd	1410	1759.000	10823.793
WYF00012.asd	1411	1760.000	10779.188
WYF00012.asd	1412	1761.000	10735.917
WYF00012.asd	1413	1762.000	10691.788
WYF00012.asd	1414	1763.000	10648.576
WYF00012.asd	1415	1764.000	10604.131
WYF00012.asd	1416	1765.000	10562.144
WYF00012.asd	1417	1766.000	10522.400
WYF00012.asd	1418	1767.000	10481.845
WYF00012.asd	1419	1768.000	10443.186
WYF00012.asd	1420	1769.000	10402.834
WYF00012.asd	1421	1770.000	10360.816
WYF00012.asd	1422	1771.000	10319.602
WYF00012.asd	1423	1772.000	10275.653
WYF00012.asd	1424	1773.000	10232.177
WYF00012.asd	1425	1774.000	10189.383
WYF00012.asd	1426	1775.000	10145.064
WYF00012.asd	1427	1776.000	10102.173
WYF00012.asd	1428	1777.000	10056.879
WYF00012.asd	1429	1778.000	10009.878
WYF00012.asd	1430	1779.000	9959.898
WYF00012.asd	1431	1780.000	9908.592
WYF00012.asd	1432	1781.000	9857.762
WYF00012.asd	1433	1782.000	9802.744
WYF00012.asd	1434	1783.000	9749.413
WYF00012.asd	1435	1784.000	9693.811
WYF00012.asd	1436	1785.000	9633.311
WYF00012.asd	1437	1786.000	9573.907
WYF00012.asd	1438	1787.000	9508.812
WYF00012.asd	1439	1788.000	9438.656
WYF00012.asd	1440	1789.000	9366.423
WYF00012.asd	1441	1790.000	9287.591
WYF00012.asd	1442	1791.000	9205.857
WYF00012.asd	1443	1792.000	9117.209
WYF00012.asd	1444	1793.000	9021.449
WYF00012.asd	1445	1794.000	8920.935
WYF00012.asd	1446	1795.000	8805.880
WYF00012.asd	1447	1796.000	8683.627
WYF00012.asd	1448	1797.000	8557.163
WYF00012.asd	1449	1798.000	8421.139
WYF00012.asd	1450	1799.000	8284.692
WYF00012.asd	1451	1800.000	8139.201
WYF00012.asd	1452	1801.000	14771.314
WYF00012.asd	1453	1802.000	14932.730
WYF00012.asd	1454	1803.000	15099.106
WYF00012.asd	1455	1804.000	15264.644
WYF00012.asd	1456	1805.000	15431.702
WYF00012.asd	1457	1806.000	15602.100
WYF00012.asd	1458	1807.000	15762.311
WYF00012.asd	1459	1808.000	15925.471
WYF00012.asd	1460	1809.000	16075.323
WYF00012.asd	1461	1810.000	16218.242
WYF00012.asd	1462	1811.000	16348.805
WYF00012.asd	1463	1812.000	16469.784
WYF00012.asd	1464	1813.000	16583.073
WYF00012.asd	1465	1814.000	16683.435
WYF00012.asd	1466	1815.000	16779.553
WYF00012.asd	1467	1816.000	16865.140
WYF00012.asd	1468	1817.000	16951.065
WYF00012.asd	1469	1818.000	17034.110
WYF00012.asd	1470	1819.000	17107.334
WYF00012.asd	1471	1820.000	17187.711
WYF00012.asd	1472	1821.000	17269.642
WYF00012.asd	1473	1822.000	17352.038
WYF00012.asd	1474	1823.000	17436.765
WYF00012.asd	1475	1824.000	17520.122
WYF00012.asd	1476	1825.000	17601.804
WYF00012.asd	1477	1826.000	17687.997
WYF00012.asd	1478	1827.000	17769.707
WYF00012.asd	1479	1828.000	17853.407
WYF00012.asd	1480	1829.000	17927.597
WYF00012.asd	1481	1830.000	17999.057
WYF00012.asd	1482	1831.000	18064.149
WYF00012.asd	1483	1832.000	18123.199
WYF00012.asd	1484	1833.000	18176.577
WYF00012.asd	1485	1834.000	18214.666
WYF00012.asd	1486	1835.000	18263.929
WYF00012.asd	1487	1836.000	18314.784
WYF00012.asd	1488	1837.000	18357.055
WYF00012.asd	1489	1838.000	18419.133
WYF00012.asd	1490	1839.000	18488.918
WYF00012.asd	1491	1840.000	18571.905
WYF00012.asd	1492	1841.000	18671.293
WYF00012.asd	1493	1842.000	18768.721
WYF00012.asd	1494	1843.000	18888.428
WYF00012.asd	1495	1844.000	18990.532
WYF00012.asd	1496	1845.000	19093.180
WYF00012.asd	1497	1846.000	19179.337
WYF00012.asd	1498	1847.000	19267.257
WYF00012.asd	1499	1848.000	19348.576
WYF00012.asd	1500	1849.000	19425.685
WYF00012.asd	1501	1850.000	19501.118
WYF00012.asd	1502	1851.000	19568.520
WYF00012.asd	1503	1852.000	19625.682
WYF00012.asd	1504	1853.000	19682.988
WYF00012.asd	1505	1854.000	19739.130
WYF00012.asd	1506	1855.000	19787.797
WYF00012.asd	1507	1856.000	19831.502
WYF00012.asd	1508	1857.000	19870.668
WYF00012.asd	1509	1858.000	19907.384
WYF00012.asd	1510	1859.000	19941.231
WYF00012.asd	1511	1860.000	19964.970
WYF00012.asd	1512	1861.000	20002.860
WYF00012.asd	1513	1862.000	19998.282
WYF00012.asd	1514	1863.000	19986.586
WYF00012.asd	1515	1864.000	19933.514
WYF00012.asd	1516	1865.000	19841.957
WYF00012.asd	1517	1866.000	19730.227
WYF00012.asd	1518	1867.000	19592.127
WYF00012.asd	1519	1868.000	19405.044
WYF00012.asd	1520	1869.000	19247.109
WYF00012.asd	1521	1870.000	19055.071
WYF00012.asd	1522	1871.000	18912.537
WYF00012.asd	1523	1872.000	18779.860
WYF00012.asd	1524	1873.000	18678.489
WYF00012.asd	1525	1874.000	18621.504
WYF00012.asd	1526	1875.000	18555.651
WYF00012.asd	1527	1876.000	18517.297
WYF00012.asd	1528	1877.000	18479.798
WYF00012.asd	1529	1878.000	18409.589
WYF00012.asd	1530	1879.000	18347.550
WYF00012.asd	1531	1880.000	18225.669
WYF00012.asd	1532	1881.000	18075.614
WYF00012.asd	1533	1882.000	17889.424
WYF00012.asd	1534	1883.000	17659.468
WYF00012.asd	1535	1884.000	17405.474
WYF00012.asd	1536	1885.000	17106.840
WYF00012.asd	1537	1886.000	16804.470
WYF00012.asd	1538	1887.000	16468.901
WYF00012.asd	1539	1888.000	16133.643
WYF00012.asd	1540	1889.000	15787.172
WYF00012.asd	1541	1890.000	15425.202
WYF00012.asd	1542	1891.000	15069.898
WYF00012.asd	1543	1892.000	14706.533
WYF00012.asd	1544	1893.000	14341.391
WYF00012.asd	1545	1894.000	13972.868
WYF00012.asd	1546	1895.000	13611.796
WYF00012.asd	1547	1896.000	13243.452
WYF00012.asd	1548	1897.000	12886.911
WYF00012.asd	1549	1898.000	12537.398
WYF00012.asd	1550	1899.000	12190.120
WYF00012.asd	1551	1900.000	11867.520
WYF00012.asd	1552	1901.000	11545.634
WYF00012.asd	1553	1902.000	11257.477
WYF00012.asd	1554	1903.000	10990.573
WYF00012.asd	1555	1904.000	10753.726
WYF00012.asd	1556	1905.000	10543.227
WYF00012.asd	1557	1906.000	10353.830
WYF00012.asd	1558	1907.000	10197.331
WYF00012.asd	1559	1908.000	10055.146
WYF00012.asd	1560	1909.000	9929.659
WYF00012.asd	1561	1910.000	9811.107
WYF00012.asd	1562	1911.000	9699.594
WYF00012.asd	1563	1912.000	9599.976
WYF00012.asd	1564	1913.000	9506.346
WYF00012.asd	1565	1914.000	9419.318
WYF00012.asd	1566	1915.000	9341.235
WYF00012.asd	1567	1916.000	9270.722
WYF00012.asd	1568	1917.000	9210.059
WYF00012.asd	1569	1918.000	9157.489
WYF00012.asd	1570	1919.000	9113.059
WYF00012.asd	1571	1920.000	9081.611
WYF00012.asd	1572	1921.000	9060.245
WYF00012.asd	1573	1922.000	9047.698
WYF00012.asd	1574	1923.000	9045.661
WYF00012.asd	1575	1924.000	9051.356
WYF00012.asd	1576	1925.000	9069.235
WYF00012.asd	1577	1926.000	9088.596
WYF00012.asd	1578	1927.000	9118.914
WYF00012.asd	1579	1928.000	9147.204
WYF00012.asd	1580	1929.000	9177.813
WYF00012.asd	1581	1930.000	9210.791
WYF00012.asd	1582	1931.000	9244.979
WYF00012.asd	1583	1932.000	9279.296
WYF00012.asd	1584	1933.000	9320.310
WYF00012.asd	1585	1934.000	9364.183
WYF00012.asd	1586	1935.000	9408.900
WYF00012.asd	1587	1936.000	9455.637
WYF00012.asd	1588	1937.000	9507.375
WYF00012.asd	1589	1938.000	9561.076
WYF00012.asd	1590	1939.000	9617.760
WYF00012.asd	1591	1940.000	9679.798
WYF00012.asd	1592	1941.000	9743.307
WYF00012.asd	1593	1942.000	9807.676
WYF00012.asd	1594	1943.000	9875.196
WYF00012.asd	1595	1944.000	9945.123
WYF00012.asd	1596	1945.000	10017.987
WYF00012.asd	1597	1946.000	10090.732
WYF00012.asd	1598	1947.000	10165.489
WYF00012.asd	1599	1948.000	10238.673
WYF00012.asd	1600	1949.000	10311.344
WYF00012.asd	1601	1950.000	10385.179
WYF00012.asd	1602	1951.000	10460.417
WYF00012.asd	1603	1952.000	10533.880
WYF00012.asd	1604	1953.000	10604.437
WYF00012.asd	1605	1954.000	10680.811
WYF00012.asd	1606	1955.000	10759.065
WYF00012.asd	1607	1956.000	10834.576
WYF00012.asd	1608	1957.000	10913.623
WYF00012.asd	1609	1958.000	10992.158
WYF00012.asd	1610	1959.000	11071.504
WYF00012.asd	1611	1960.000	11150.918
WYF00012.asd	1612	1961.000	11228.267
WYF00012.asd	1613	1962.000	11305.574
WYF00012.asd	1614	1963.000	11384.805
WYF00012.asd	1615	1964.000	11463.263
WYF00012.asd	1616	1965.000	11540.249
WYF00012.asd	1617	1966.000	11621.397
WYF00012.asd	1618	1967.000	11696.999
WYF00012.asd	1619	1968.000	11771.073
WYF00012.asd	1620	1969.000	11845.893
WYF00012.asd	1621	1970.000	11920.230
WYF00012.asd	1622	1971.000	11996.769
WYF00012.asd	1623	1972.000	12070.628
WYF00012.asd	1624	1973.000	12142.977
WYF00012.asd	1625	1974.000	12213.244
WYF00012.asd	1626	1975.000	12279.338
WYF00012.asd	1627	1976.000	12347.813
WYF00012.asd	1628	1977.000	12415.535
WYF00012.asd	1629	1978.000	12484.978
WYF00012.asd	1630	1979.000	12553.384
WYF00012.asd	1631	1980.000	12624.340
WYF00012.asd	1632	1981.000	12692.359
WYF00012.asd	1633	1982.000	12759.075
WYF00012.asd	1634	1983.000	12826.505
WYF00012.asd	1635	1984.000	12894.777
WYF00012.asd	1636	1985.000	12960.932
WYF00012.asd	1637	1986.000	13027.667
WYF00012.asd	1638	1987.000	13090.518
WYF00012.asd	1639	1988.000	13149.954
WYF00012.asd	1640	1989.000	13210.367
WYF00012.asd	1641	1990.000	13270.260
WYF00012.asd	1642	1991.000	13329.620
WYF00012.asd	1643	1992.000	13388.680
WYF00012.asd	1644	1993.000	13444.706
WYF00012.asd	1645	1994.000	13498.169
WYF00012.asd	1646	1995.000	13549.170
WYF00012.asd	1647	1996.000	13599.315
WYF00012.asd	1648	1997.000	13648.890
WYF00012.asd	1649	1998.000	13697.874
WYF00012.asd	1650	1999.000	13746.383
WYF00012.asd	1651	2000.000	13790.598
WYF00012.asd	1652	2001.000	13834.602
WYF00012.asd	1653	2002.000	13872.210
WYF00012.asd	1654	2003.000	13905.760
WYF00012.asd	1655	2004.000	13939.985
WYF00012.asd	1656	2005.000	13971.447
WYF00012.asd	1657	2006.000	14003.034
WYF00012.asd	1658	2007.000	14034.392
WYF00012.asd	1659	2008.000	14062.823
WYF00012.asd	1660	2009.000	14088.435
WYF00012.asd	1661	2010.000	14111.967
WYF00012.asd	1662	2011.000	14133.096
WYF00012.asd	1663	2012.000	14152.188
WYF00012.asd	1664	2013.000	14167.653
WYF00012.asd	1665	2014.000	14180.722
WYF00012.asd	1666	2015.000	14191.313
WYF00012.asd	1667	2016.000	14197.398
WYF00012.asd	1668	2017.000	14199.732
WYF00012.asd	1669	2018.000	14201.507
WYF00012.asd	1670	2019.000	14202.558
WYF00012.asd	1671	2020.000	14198.239
WYF00012.asd	1672	2021.000	14190.742
WYF00012.asd	1673	2022.000	14181.243
WYF00012.asd	1674	2023.000	14166.157
WYF00012.asd	1675	2024.000	14149.568
WYF00012.asd	1676	2025.000	14131.355
WYF00012.asd	1677	2026.000	14109.717
WYF00012.asd	1678	2027.000	14083.465
WYF00012.asd	1679	2028.000	14058.350
WYF00012.asd	1680	2029.000	14030.029
WYF00012.asd	1681	2030.000	14000.201
WYF00012.asd	1682	2031.000	13970.804
WYF00012.asd	1683	2032.000	13934.583
WYF00012.asd	1684	2033.000	13897.615
WYF00012.asd	1685	2034.000	13861.423
WYF00012.asd	1686	2035.000	13819.185
WYF00012.asd	1687	2036.000	13777.447
WYF00012.asd	1688	2037.000	13733.445
WYF00012.asd	1689	2038.000	13685.627
WYF00012.asd	1690	2039.000	13637.675
WYF00012.asd	1691	2040.000	13587.708
WYF00012.asd	1692	2041.000	13539.014
WYF00012.asd	1693	2042.000	13489.920
WYF00012.asd	1694	2043.000	13441.931
WYF00012.asd	1695	2044.000	13392.838
WYF00012.asd	1696	2045.000	13343.269
WYF00012.asd	1697	2046.000	13292.640
WYF00012.asd	1698	2047.000	13241.923
WYF00012.asd	1699	2048.000	13191.136
WYF00012.asd	1700	2049.000	13138.978
WYF00012.asd	1701	2050.000	13088.240
WYF00012.asd	1702	2051.000	13040.193
WYF00012.asd	1703	2052.000	12995.971
WYF00012.asd	1704	2053.000	12957.132
WYF00012.asd	1705	2054.000	12918.167
WYF00012.asd	1706	2055.000	12881.802
WYF00012.asd	1707	2056.000	12845.586
WYF00012.asd	1708	2057.000	12811.381
WYF00012.asd	1709	2058.000	12778.246
WYF00012.asd	1710	2059.000	12746.415
WYF00012.asd	1711	2060.000	12716.534
WYF00012.asd	1712	2061.000	12689.640
WYF00012.asd	1713	2062.000	12663.750
WYF00012.asd	1714	2063.000	12639.826
WYF00012.asd	1715	2064.000	12617.631
WYF00012.asd	1716	2065.000	12593.928
WYF00012.asd	1717	2066.000	12571.395
WYF00012.asd	1718	2067.000	12550.247
WYF00012.asd	1719	2068.000	12531.475
WYF00012.asd	1720	2069.000	12511.728
WYF00012.asd	1721	2070.000	12492.870
WYF00012.asd	1722	2071.000	12473.394
WYF00012.asd	1723	2072.000	12451.824
WYF00012.asd	1724	2073.000	12430.399
WYF00012.asd	1725	2074.000	12412.216
WYF00012.asd	1726	2075.000	12392.865
WYF00012.asd	1727	2076.000	12373.613
WYF00012.asd	1728	2077.000	12356.920
WYF00012.asd	1729	2078.000	12338.496
WYF00012.asd	1730	2079.000	12320.640
WYF00012.asd	1731	2080.000	12304.560
WYF00012.asd	1732	2081.000	12287.132
WYF00012.asd	1733	2082.000	12270.252
WYF00012.asd	1734	2083.000	12253.294
WYF00012.asd	1735	2084.000	12236.458
WYF00012.asd	1736	2085.000	12219.948
WYF00012.asd	1737	2086.000	12203.572
WYF00012.asd	1738	2087.000	12186.482
WYF00012.asd	1739	2088.000	12167.429
WYF00012.asd	1740	2089.000	12148.209
WYF00012.asd	1741	2090.000	12129.120
WYF00012.asd	1742	2091.000	12110.081
WYF00012.asd	1743	2092.000	12092.168
WYF00012.asd	1744	2093.000	12074.839
WYF00012.asd	1745	2094.000	12058.980
WYF00012.asd	1746	2095.000	12041.440
WYF00012.asd	1747	2096.000	12022.199
WYF00012.asd	1748	2097.000	12005.766
WYF00012.asd	1749	2098.000	11989.648
WYF00012.asd	1750	2099.000	11973.672
WYF00012.asd	1751	2100.000	11961.206
WYF00012.asd	1752	2101.000	11945.982
WYF00012.asd	1753	2102.000	11929.565
WYF00012.asd	1754	2103.000	11910.483
WYF00012.asd	1755	2104.000	11892.834
WYF00012.asd	1756	2105.000	11877.732
WYF00012.asd	1757	2106.000	11860.828
WYF00012.asd	1758	2107.000	11846.410
WYF00012.asd	1759	2108.000	11835.987
WYF00012.asd	1760	2109.000	11821.832
WYF00012.asd	1761	2110.000	11809.805
WYF00012.asd	1762	2111.000	11798.206
WYF00012.asd	1763	2112.000	11781.024
WYF00012.asd	1764	2113.000	11764.312
WYF00012.asd	1765	2114.000	11748.293
WYF00012.asd	1766	2115.000	11731.336
WYF00012.asd	1767	2116.000	11715.028
WYF00012.asd	1768	2117.000	11700.200
WYF00012.asd	1769	2118.000	11683.797
WYF00012.asd	1770	2119.000	11665.834
WYF00012.asd	1771	2120.000	11649.883
WYF00012.asd	1772	2121.000	11633.976
WYF00012.asd	1773	2122.000	11621.447
WYF00012.asd	1774	2123.000	11608.952
WYF00012.asd	1775	2124.000	11594.565
WYF00012.asd	1776	2125.000	11581.946
WYF00012.asd	1777	2126.000	11563.890
WYF00012.asd	1778	2127.000	11544.649
WYF00012.asd	1779	2128.000	11526.224
WYF00012.asd	1780	2129.000	11503.529
WYF00012.asd	1781	2130.000	11482.479
WYF00012.asd	1782	2131.000	11462.526
WYF00012.asd	1783	2132.000	11442.982
WYF00012.asd	1784	2133.000	11425.522
WYF00012.asd	1785	2134.000	11411.455
WYF00012.asd	1786	2135.000	11395.332
WYF00012.asd	1787	2136.000	11379.794
WYF00012.asd	1788	2137.000	11363.224
WYF00012.asd	1789	2138.000	11346.118
WYF00012.asd	1790	2139.000	11330.935
WYF00012.asd	1791	2140.000	11317.087
WYF00012.asd	1792	2141.000	11305.148
WYF00012.asd	1793	2142.000	11295.899
WYF00012.asd	1794	2143.000	11283.265
WYF00012.asd	1795	2144.000	11269.871
WYF00012.asd	1796	2145.000	11258.535
WYF00012.asd	1797	2146.000	11244.186
WYF00012.asd	1798	2147.000	11229.956
WYF00012.asd	1799	2148.000	11219.806
WYF00012.asd	1800	2149.000	11209.036
WYF00012.asd	1801	2150.000	11196.729
WYF00012.asd	1802	2151.000	11185.548
WYF00012.asd	1803	2152.000	11172.540
WYF00012.asd	1804	2153.000	11156.695
WYF00012.asd	1805	2154.000	11141.759
WYF00012.asd	1806	2155.000	11126.575
WYF00012.asd	1807	2156.000	11111.267
WYF00012.asd	1808	2157.000	11097.376
WYF00012.asd	1809	2158.000	11081.421
WYF00012.asd	1810	2159.000	11066.883
WYF00012.asd	1811	2160.000	11054.104
WYF00012.asd	1812	2161.000	11039.438
WYF00012.asd	1813	2162.000	11026.193
WYF00012.asd	1814	2163.000	11014.409
WYF00012.asd	1815	2164.000	11002.356
WYF00012.asd	1816	2165.000	10991.342
WYF00012.asd	1817	2166.000	10980.612
WYF00012.asd	1818	2167.000	10969.402
WYF00012.asd	1819	2168.000	10956.698
WYF00012.asd	1820	2169.000	10944.970
WYF00012.asd	1821	2170.000	10935.485
WYF00012.asd	1822	2171.000	10923.539
WYF00012.asd	1823	2172.000	10911.696
WYF00012.asd	1824	2173.000	10898.532
WYF00012.asd	1825	2174.000	10880.910
WYF00012.asd	1826	2175.000	10866.576
WYF00012.asd	1827	2176.000	10853.772
WYF00012.asd	1828	2177.000	10840.233
WYF00012.asd	1829	2178.000	10827.701
WYF00012.asd	1830	2179.000	10816.337
WYF00012.asd	1831	2180.000	10801.023
WYF00012.asd	1832	2181.000	10784.627
WYF00012.asd	1833	2182.000	10767.019
WYF00012.asd	1834	2183.000	10747.647
WYF00012.asd	1835	2184.000	10727.375
WYF00012.asd	1836	2185.000	10706.225
WYF00012.asd	1837	2186.000	10683.792
WYF00012.asd	1838	2187.000	10660.192
WYF00012.asd	1839	2188.000	10635.898
WYF00012.asd	1840	2189.000	10613.025
WYF00012.asd	1841	2190.000	10590.363
WYF00012.asd	1842	2191.000	10565.285
WYF00012.asd	1843	2192.000	10539.903
WYF00012.asd	1844	2193.000	10513.546
WYF00012.asd	1845	2194.000	10486.410
WYF00012.asd	1846	2195.000	10458.021
WYF00012.asd	1847	2196.000	10430.394
WYF00012.asd	1848	2197.000	10402.446
WYF00012.asd	1849	2198.000	10375.233
WYF00012.asd	1850	2199.000	10346.678
WYF00012.asd	1851	2200.000	10318.560
WYF00012.asd	1852	2201.000	10291.984
WYF00012.asd	1853	2202.000	10264.185
WYF00012.asd	1854	2203.000	10236.990
WYF00012.asd	1855	2204.000	10210.906
WYF00012.asd	1856	2205.000	10185.728
WYF00012.asd	1857	2206.000	10162.419
WYF00012.asd	1858	2207.000	10140.764
WYF00012.asd	1859	2208.000	10121.056
WYF00012.asd	1860	2209.000	10100.709
WYF00012.asd	1861	2210.000	10078.292
WYF00012.asd	1862	2211.000	10057.431
WYF00012.asd	1863	2212.000	10034.534
WYF00012.asd	1864	2213.000	10010.758
WYF00012.asd	1865	2214.000	9989.266
WYF00012.asd	1866	2215.000	9966.018
WYF00012.asd	1867	2216.000	9942.386
WYF00012.asd	1868	2217.000	9917.867
WYF00012.asd	1869	2218.000	9893.366
WYF00012.asd	1870	2219.000	9864.552
WYF00012.asd	1871	2220.000	9834.974
WYF00012.asd	1872	2221.000	9800.474
WYF00012.asd	1873	2222.000	9761.170
WYF00012.asd	1874	2223.000	9721.493
WYF00012.asd	1875	2224.000	9679.827
WYF00012.asd	1876	2225.000	9634.797
WYF00012.asd	1877	2226.000	9588.591
WYF00012.asd	1878	2227.000	9537.705
WYF00012.asd	1879	2228.000	9483.648
WYF00012.asd	1880	2229.000	9427.509
WYF00012.asd	1881	2230.000	9366.202
WYF00012.asd	1882	2231.000	9305.832
WYF00012.asd	1883	2232.000	9240.468
WYF00012.asd	1884	2233.000	9169.868
WYF00012.asd	1885	2234.000	9102.144
WYF00012.asd	1886	2235.000	9027.870
WYF00012.asd	1887	2236.000	8952.175
WYF00012.asd	1888	2237.000	8879.428
WYF00012.asd	1889	2238.000	8802.629
WYF00012.asd	1890	2239.000	8727.960
WYF00012.asd	1891	2240.000	8649.386
WYF00012.asd	1892	2241.000	8566.431
WYF00012.asd	1893	2242.000	8485.629
WYF00012.asd	1894	2243.000	8401.798
WYF00012.asd	1895	2244.000	8318.739
WYF00012.asd	1896	2245.000	8237.964
WYF00012.asd	1897	2246.000	8157.611
WYF00012.asd	1898	2247.000	8076.644
WYF00012.asd	1899	2248.000	7996.652
WYF00012.asd	1900	2249.000	7917.781
WYF00012.asd	1901	2250.000	7839.006
WYF00012.asd	1902	2251.000	7761.249
WYF00012.asd	1903	2252.000	7679.588
WYF00012.asd	1904	2253.000	7599.655
WYF00012.asd	1905	2254.000	7524.153
WYF00012.asd	1906	2255.000	7447.035
WYF00012.asd	1907	2256.000	7375.154
WYF00012.asd	1908	2257.000	7303.396
WYF00012.asd	1909	2258.000	7229.602
WYF00012.asd	1910	2259.000	7159.227
WYF00012.asd	1911	2260.000	7086.035
WYF00012.asd	1912	2261.000	7016.387
WYF00012.asd	1913	2262.000	6950.869
WYF00012.asd	1914	2263.000	6883.518
WYF00012.asd	1915	2264.000	6820.300
WYF00012.asd	1916	2265.000	6757.157
WYF00012.asd	1917	2266.000	6694.183
WYF00012.asd	1918	2267.000	6636.484
WYF00012.asd	1919	2268.000	6579.329
WYF00012.asd	1920	2269.000	6525.498
WYF00012.asd	1921	2270.000	6474.949
WYF00012.asd	1922	2271.000	6424.734
WYF00012.asd	1923	2272.000	6374.679
WYF00012.asd	1924	2273.000	6328.183
WYF00012.asd	1925	2274.000	6284.443
WYF00012.asd	1926	2275.000	6241.081
WYF00012.asd	1927	2276.000	6200.046
WYF00012.asd	1928	2277.000	6158.135
WYF00012.asd	1929	2278.000	6116.162
WYF00012.asd	1930	2279.000	6076.513
WYF00012.asd	1931	2280.000	6038.680
WYF00012.asd	1932	2281.000	6001.098
WYF00012.asd	1933	2282.000	5964.897
WYF00012.asd	1934	2283.000	5927.353
WYF00012.asd	1935	2284.000	5891.011
WYF00012.asd	1936	2285.000	5851.032
WYF00012.asd	1937	2286.000	5808.846
WYF00012.asd	1938	2287.000	5770.390
WYF00012.asd	1939	2288.000	5727.531
WYF00012.asd	1940	2289.000	5685.002
WYF00012.asd	1941	2290.000	5642.439
WYF00012.asd	1942	2291.000	5596.326
WYF00012.asd	1943	2292.000	5552.352
WYF00012.asd	1944	2293.000	5504.315
WYF00012.asd	1945	2294.000	5453.764
WYF00012.asd	1946	2295.000	5406.465
WYF00012.asd	1947	2296.000	5355.790
WYF00012.asd	1948	2297.000	5305.829
WYF00012.asd	1949	2298.000	5258.187
WYF00012.asd	1950	2299.000	5206.763
WYF00012.asd	1951	2300.000	5156.139
WYF00012.asd	1952	2301.000	5106.738
WYF00012.asd	1953	2302.000	5058.899
WYF00012.asd	1954	2303.000	5016.974
WYF00012.asd	1955	2304.000	4977.010
WYF00012.asd	1956	2305.000	4939.223
WYF00012.asd	1957	2306.000	4904.339
WYF00012.asd	1958	2307.000	4869.737
WYF00012.asd	1959	2308.000	4837.073
WYF00012.asd	1960	2309.000	4805.171
WYF00012.asd	1961	2310.000	4776.934
WYF00012.asd	1962	2311.000	4752.403
WYF00012.asd	1963	2312.000	4726.865
WYF00012.asd	1964	2313.000	4703.889
WYF00012.asd	1965	2314.000	4680.707
WYF00012.asd	1966	2315.000	4656.930
WYF00012.asd	1967	2316.000	4633.434
WYF00012.asd	1968	2317.000	4611.681
WYF00012.asd	1969	2318.000	4587.716
WYF00012.asd	1970	2319.000	4563.249
WYF00012.asd	1971	2320.000	4537.881
WYF00012.asd	1972	2321.000	4512.609
WYF00012.asd	1973	2322.000	4485.100
WYF00012.asd	1974	2323.000	4455.769
WYF00012.asd	1975	2324.000	4424.631
WYF00012.asd	1976	2325.000	4390.953
WYF00012.asd	1977	2326.000	4356.441
WYF00012.asd	1978	2327.000	4321.164
WYF00012.asd	1979	2328.000	4284.577
WYF00012.asd	1980	2329.000	4245.734
WYF00012.asd	1981	2330.000	4208.231
WYF00012.asd	1982	2331.000	4168.836
WYF00012.asd	1983	2332.000	4131.414
WYF00012.asd	1984	2333.000	4096.949
WYF00012.asd	1985	2334.000	4059.374
WYF00012.asd	1986	2335.000	4020.991
WYF00012.asd	1987	2336.000	3983.547
WYF00012.asd	1988	2337.000	3941.466
WYF00012.asd	1989	2338.000	3901.009
WYF00012.asd	1990	2339.000	3861.841
WYF00012.asd	1991	2340.000	3822.509
WYF00012.asd	1992	2341.000	3785.342
WYF00012.asd	1993	2342.000	3749.112
WYF00012.asd	1994	2343.000	3713.922
WYF00012.asd	1995	2344.000	3679.385
WYF00012.asd	1996	2345.000	3646.575
WYF00012.asd	1997	2346.000	3615.257
WYF00012.asd	1998	2347.000	3583.728
WYF00012.asd	1999	2348.000	3554.615
WYF00012.asd	2000	2349.000	3527.654
WYF00012.asd	2001	2350.000	3501.048
WYF00012.asd	2002	2351.000	3477.137
WYF00012.asd	2003	2352.000	3452.168
WYF00012.asd	2004	2353.000	3427.219
WYF00012.asd	2005	2354.000	3403.974
WYF00012.asd	2006	2355.000	3379.446
WYF00012.asd	2007	2356.000	3356.652
WYF00012.asd	2008	2357.000	3334.454
WYF00012.asd	2009	2358.000	3310.062
WYF00012.asd	2010	2359.000	3285.138
WYF00012.asd	2011	2360.000	3260.790
WYF00012.asd	2012	2361.000	3235.475
WYF00012.asd	2013	2362.000	3210.333
WYF00012.asd	2014	2363.000	3186.769
WYF00012.asd	2015	2364.000	3162.275
WYF00012.asd	2016	2365.000	3134.550
WYF00012.asd	2017	2366.000	3106.352
WYF00012.asd	2018	2367.000	3079.787
WYF00012.asd	2019	2368.000	3051.973
WYF00012.asd	2020	2369.000	3026.702
WYF00012.asd	2021	2370.000	3002.552
WYF00012.asd	2022	2371.000	2974.622
WYF00012.asd	2023	2372.000	2943.246
WYF00012.asd	2024	2373.000	2915.715
WYF00012.asd	2025	2374.000	2887.097
WYF00012.asd	2026	2375.000	2860.908
WYF00012.asd	2027	2376.000	2838.557
WYF00012.asd	2028	2377.000	2813.281
WYF00012.asd	2029	2378.000	2787.621
WYF00012.asd	2030	2379.000	2761.502
WYF00012.asd	2031	2380.000	2734.127
WYF00012.asd	2032	2381.000	2707.639
WYF00012.asd	2033	2382.000	2680.484
WYF00012.asd	2034	2383.000	2655.234
WYF00012.asd	2035	2384.000	2632.154
WYF00012.asd	2036	2385.000	2606.658
WYF00012.asd	2037	2386.000	2580.985
WYF00012.asd	2038	2387.000	2555.533
WYF00012.asd	2039	2388.000	2528.043
WYF00012.asd	2040	2389.000	2503.014
WYF00012.asd	2041	2390.000	2480.210
WYF00012.asd	2042	2391.000	2455.491
WYF00012.asd	2043	2392.000	2430.541
WYF00012.asd	2044	2393.000	2405.478
WYF00012.asd	2045	2394.000	2380.277
WYF00012.asd	2046	2395.000	2354.683
WYF00012.asd	2047	2396.000	2328.936
WYF00012.asd	2048	2397.000	2302.956
WYF00012.asd	2049	2398.000	2275.554
WYF00012.asd	2050	2399.000	2249.758
WYF00012.asd	2051	2400.000	2224.653
WYF00012.asd	2052	2401.000	2199.611
WYF00012.asd	2053	2402.000	2176.746
WYF00012.asd	2054	2403.000	2150.574
WYF00012.asd	2055	2404.000	2121.779
WYF00012.asd	2056	2405.000	2096.061
WYF00012.asd	2057	2406.000	2069.840
WYF00012.asd	2058	2407.000	2043.618
WYF00012.asd	2059	2408.000	2019.592
WYF00012.asd	2060	2409.000	1994.830
WYF00012.asd	2061	2410.000	1969.071
WYF00012.asd	2062	2411.000	1943.433
WYF00012.asd	2063	2412.000	1918.140
WYF00012.asd	2064	2413.000	1893.565
WYF00012.asd	2065	2414.000	1868.244
WYF00012.asd	2066	2415.000	1843.282
WYF00012.asd	2067	2416.000	1820.732
WYF00012.asd	2068	2417.000	1796.076
WYF00012.asd	2069	2418.000	1769.522
WYF00012.asd	2070	2419.000	1743.868
WYF00012.asd	2071	2420.000	1717.511
WYF00012.asd	2072	2421.000	1692.754
WYF00012.asd	2073	2422.000	1668.888
WYF00012.asd	2074	2423.000	1644.700
WYF00012.asd	2075	2424.000	1621.551
WYF00012.asd	2076	2425.000	1597.841
WYF00012.asd	2077	2426.000	1573.220
WYF00012.asd	2078	2427.000	1549.639
WYF00012.asd	2079	2428.000	1527.122
WYF00012.asd	2080	2429.000	1503.679
WYF00012.asd	2081	2430.000	1479.493
WYF00012.asd	2082	2431.000	1456.695
WYF00012.asd	2083	2432.000	1433.974
WYF00012.asd	2084	2433.000	1412.175
WYF00012.asd	2085	2434.000	1391.385
WYF00012.asd	2086	2435.000	1371.514
WYF00012.asd	2087	2436.000	1352.423
WYF00012.asd	2088	2437.000	1332.983
WYF00012.asd	2089	2438.000	1315.362
WYF00012.asd	2090	2439.000	1294.316
WYF00012.asd	2091	2440.000	1271.190
WYF00012.asd	2092	2441.000	1249.543
WYF00012.asd	2093	2442.000	1226.391
WYF00012.asd	2094	2443.000	1205.979
WYF00012.asd	2095	2444.000	1187.529
WYF00012.asd	2096	2445.000	1168.027
WYF00012.asd	2097	2446.000	1148.685
WYF00012.asd	2098	2447.000	1130.041
WYF00012.asd	2099	2448.000	1111.298
WYF00012.asd	2100	2449.000	1093.878
WYF00012.asd	2101	2450.000	1077.870
WYF00012.asd	2102	2451.000	1061.594
WYF00012.asd	2103	2452.000	1044.690
WYF00012.asd	2104	2453.000	1028.006
WYF00012.asd	2105	2454.000	1010.817
WYF00012.asd	2106	2455.000	993.146
WYF00012.asd	2107	2456.000	975.941
WYF00012.asd	2108	2457.000	960.177
WYF00012.asd	2109	2458.000	945.089
WYF00012.asd	2110	2459.000	929.040
WYF00012.asd	2111	2460.000	913.237
WYF00012.asd	2112	2461.000	895.273
WYF00012.asd	2113	2462.000	879.410
WYF00012.asd	2114	2463.000	866.483
WYF00012.asd	2115	2464.000	852.113
WYF00012.asd	2116	2465.000	837.348
WYF00012.asd	2117	2466.000	823.425
WYF00012.asd	2118	2467.000	808.682
WYF00012.asd	2119	2468.000	795.053
WYF00012.asd	2120	2469.000	783.068
WYF00012.asd	2121	2470.000	770.847
WYF00012.asd	2122	2471.000	759.137
WYF00012.asd	2123	2472.000	747.073
WYF00012.asd	2124	2473.000	734.432
WYF00012.asd	2125	2474.000	722.974
WYF00012.asd	2126	2475.000	711.586
WYF00012.asd	2127	2476.000	701.031
WYF00012.asd	2128	2477.000	694.110
WYF00012.asd	2129	2478.000	682.554
WYF00012.asd	2130	2479.000	667.111
WYF00012.asd	2131	2480.000	655.044
WYF00012.asd	2132	2481.000	641.320
WYF00012.asd	2133	2482.000	629.823
WYF00012.asd	2134	2483.000	623.647
WYF00012.asd	2135	2484.000	613.057
WYF00012.asd	2136	2485.000	599.683
WYF00012.asd	2137	2486.000	587.970
WYF00012.asd	2138	2487.000	575.417
WYF00012.asd	2139	2488.000	563.701
WYF00012.asd	2140	2489.000	553.360
WYF00012.asd	2141	2490.000	542.199
WYF00012.asd	2142	2491.000	529.082
WYF00012.asd	2143	2492.000	520.085
WYF00012.asd	2144	2493.000	514.720
WYF00012.asd	2145	2494.000	504.896
WYF00012.asd	2146	2495.000	496.191
WYF00012.asd	2147	2496.000	484.564
WYF00012.asd	2148	2497.000	467.174
WYF00012.asd	2149	2498.000	455.474
WYF00012.asd	2150	2499.000	446.211
WYF00012.asd	2151	2500.000	435.569
