WYF00013.asd	1	350.000	16.553
WYF00013.asd	2	351.000	17.117
WYF00013.asd	3	352.000	17.419
WYF00013.asd	4	353.000	17.516
WYF00013.asd	5	354.000	18.491
WYF00013.asd	6	355.000	19.202
WYF00013.asd	7	356.000	19.327
WYF00013.asd	8	357.000	19.646
WYF00013.asd	9	358.000	20.694
WYF00013.asd	10	359.000	21.362
WYF00013.asd	11	360.000	21.749
WYF00013.asd	12	361.000	24.521
WYF00013.asd	13	362.000	25.160
WYF00013.asd	14	363.000	25.473
WYF00013.asd	15	364.000	27.370
WYF00013.asd	16	365.000	27.840
WYF00013.asd	17	366.000	28.047
WYF00013.asd	18	367.000	28.412
WYF00013.asd	19	368.000	29.138
WYF00013.asd	20	369.000	30.972
WYF00013.asd	21	370.000	32.091
WYF00013.asd	22	371.000	32.035
WYF00013.asd	23	372.000	31.830
WYF00013.asd	24	373.000	35.184
WYF00013.asd	25	374.000	36.758
WYF00013.asd	26	375.000	35.433
WYF00013.asd	27	376.000	36.881
WYF00013.asd	28	377.000	37.418
WYF00013.asd	29	378.000	38.225
WYF00013.asd	30	379.000	39.881
WYF00013.asd	31	380.000	38.827
WYF00013.asd	32	381.000	40.197
WYF00013.asd	33	382.000	42.439
WYF00013.asd	34	383.000	42.582
WYF00013.asd	35	384.000	42.536
WYF00013.asd	36	385.000	43.891
WYF00013.asd	37	386.000	45.024
WYF00013.asd	38	387.000	43.209
WYF00013.asd	39	388.000	45.449
WYF00013.asd	40	389.000	47.545
WYF00013.asd	41	390.000	47.521
WYF00013.asd	42	391.000	47.700
WYF00013.asd	43	392.000	48.794
WYF00013.asd	44	393.000	49.718
WYF00013.asd	45	394.000	49.993
WYF00013.asd	46	395.000	51.583
WYF00013.asd	47	396.000	54.186
WYF00013.asd	48	397.000	55.843
WYF00013.asd	49	398.000	55.269
WYF00013.asd	50	399.000	57.208
WYF00013.asd	51	400.000	58.215
WYF00013.asd	52	401.000	58.738
WYF00013.asd	53	402.000	61.650
WYF00013.asd	54	403.000	62.460
WYF00013.asd	55	404.000	63.393
WYF00013.asd	56	405.000	65.781
WYF00013.asd	57	406.000	68.502
WYF00013.asd	58	407.000	69.486
WYF00013.asd	59	408.000	70.942
WYF00013.asd	60	409.000	74.477
WYF00013.asd	61	410.000	76.924
WYF00013.asd	62	411.000	78.348
WYF00013.asd	63	412.000	80.299
WYF00013.asd	64	413.000	84.202
WYF00013.asd	65	414.000	86.091
WYF00013.asd	66	415.000	89.583
WYF00013.asd	67	416.000	93.912
WYF00013.asd	68	417.000	94.368
WYF00013.asd	69	418.000	99.077
WYF00013.asd	70	419.000	103.981
WYF00013.asd	71	420.000	106.214
WYF00013.asd	72	421.000	109.239
WYF00013.asd	73	422.000	114.736
WYF00013.asd	74	423.000	119.955
WYF00013.asd	75	424.000	122.435
WYF00013.asd	76	425.000	127.663
WYF00013.asd	77	426.000	132.483
WYF00013.asd	78	427.000	137.332
WYF00013.asd	79	428.000	144.568
WYF00013.asd	80	429.000	148.432
WYF00013.asd	81	430.000	153.753
WYF00013.asd	82	431.000	161.353
WYF00013.asd	83	432.000	164.352
WYF00013.asd	84	433.000	170.153
WYF00013.asd	85	434.000	177.012
WYF00013.asd	86	435.000	182.408
WYF00013.asd	87	436.000	189.328
WYF00013.asd	88	437.000	196.506
WYF00013.asd	89	438.000	202.570
WYF00013.asd	90	439.000	206.808
WYF00013.asd	91	440.000	213.323
WYF00013.asd	92	441.000	220.635
WYF00013.asd	93	442.000	227.381
WYF00013.asd	94	443.000	233.099
WYF00013.asd	95	444.000	240.014
WYF00013.asd	96	445.000	248.310
WYF00013.asd	97	446.000	256.910
WYF00013.asd	98	447.000	262.701
WYF00013.asd	99	448.000	268.899
WYF00013.asd	100	449.000	275.077
WYF00013.asd	101	450.000	279.758
WYF00013.asd	102	451.000	285.908
WYF00013.asd	103	452.000	292.590
WYF00013.asd	104	453.000	299.308
WYF00013.asd	105	454.000	306.300
WYF00013.asd	106	455.000	311.631
WYF00013.asd	107	456.000	316.292
WYF00013.asd	108	457.000	321.558
WYF00013.asd	109	458.000	328.205
WYF00013.asd	110	459.000	331.501
WYF00013.asd	111	460.000	333.904
WYF00013.asd	112	461.000	339.721
WYF00013.asd	113	462.000	344.408
WYF00013.asd	114	463.000	347.840
WYF00013.asd	115	464.000	350.878
WYF00013.asd	116	465.000	355.065
WYF00013.asd	117	466.000	361.255
WYF00013.asd	118	467.000	365.843
WYF00013.asd	119	468.000	367.650
WYF00013.asd	120	469.000	373.784
WYF00013.asd	121	470.000	378.103
WYF00013.asd	122	471.000	381.150
WYF00013.asd	123	472.000	385.566
WYF00013.asd	124	473.000	388.981
WYF00013.asd	125	474.000	392.102
WYF00013.asd	126	475.000	396.036
WYF00013.asd	127	476.000	401.888
WYF00013.asd	128	477.000	405.474
WYF00013.asd	129	478.000	408.392
WYF00013.asd	130	479.000	412.494
WYF00013.asd	131	480.000	417.193
WYF00013.asd	132	481.000	421.247
WYF00013.asd	133	482.000	425.082
WYF00013.asd	134	483.000	429.472
WYF00013.asd	135	484.000	431.768
WYF00013.asd	136	485.000	435.928
WYF00013.asd	137	486.000	442.337
WYF00013.asd	138	487.000	446.891
WYF00013.asd	139	488.000	450.778
WYF00013.asd	140	489.000	456.147
WYF00013.asd	141	490.000	463.985
WYF00013.asd	142	491.000	471.560
WYF00013.asd	143	492.000	478.170
WYF00013.asd	144	493.000	484.865
WYF00013.asd	145	494.000	493.253
WYF00013.asd	146	495.000	501.177
WYF00013.asd	147	496.000	509.793
WYF00013.asd	148	497.000	519.764
WYF00013.asd	149	498.000	530.713
WYF00013.asd	150	499.000	541.414
WYF00013.asd	151	500.000	552.300
WYF00013.asd	152	501.000	563.991
WYF00013.asd	153	502.000	576.080
WYF00013.asd	154	503.000	589.080
WYF00013.asd	155	504.000	602.792
WYF00013.asd	156	505.000	616.640
WYF00013.asd	157	506.000	630.877
WYF00013.asd	158	507.000	646.135
WYF00013.asd	159	508.000	662.933
WYF00013.asd	160	509.000	681.606
WYF00013.asd	161	510.000	700.282
WYF00013.asd	162	511.000	718.553
WYF00013.asd	163	512.000	737.188
WYF00013.asd	164	513.000	759.601
WYF00013.asd	165	514.000	781.832
WYF00013.asd	166	515.000	803.658
WYF00013.asd	167	516.000	827.699
WYF00013.asd	168	517.000	851.798
WYF00013.asd	169	518.000	877.543
WYF00013.asd	170	519.000	905.379
WYF00013.asd	171	520.000	932.411
WYF00013.asd	172	521.000	959.362
WYF00013.asd	173	522.000	986.729
WYF00013.asd	174	523.000	1014.636
WYF00013.asd	175	524.000	1041.107
WYF00013.asd	176	525.000	1068.701
WYF00013.asd	177	526.000	1097.557
WYF00013.asd	178	527.000	1125.232
WYF00013.asd	179	528.000	1153.320
WYF00013.asd	180	529.000	1180.917
WYF00013.asd	181	530.000	1207.052
WYF00013.asd	182	531.000	1231.566
WYF00013.asd	183	532.000	1256.751
WYF00013.asd	184	533.000	1283.872
WYF00013.asd	185	534.000	1312.950
WYF00013.asd	186	535.000	1339.884
WYF00013.asd	187	536.000	1366.632
WYF00013.asd	188	537.000	1394.268
WYF00013.asd	189	538.000	1421.826
WYF00013.asd	190	539.000	1452.264
WYF00013.asd	191	540.000	1483.495
WYF00013.asd	192	541.000	1513.605
WYF00013.asd	193	542.000	1546.468
WYF00013.asd	194	543.000	1579.867
WYF00013.asd	195	544.000	1613.953
WYF00013.asd	196	545.000	1650.221
WYF00013.asd	197	546.000	1685.498
WYF00013.asd	198	547.000	1720.459
WYF00013.asd	199	548.000	1755.742
WYF00013.asd	200	549.000	1790.435
WYF00013.asd	201	550.000	1830.281
WYF00013.asd	202	551.000	1872.325
WYF00013.asd	203	552.000	1912.055
WYF00013.asd	204	553.000	1955.039
WYF00013.asd	205	554.000	1996.960
WYF00013.asd	206	555.000	2037.942
WYF00013.asd	207	556.000	2082.756
WYF00013.asd	208	557.000	2128.213
WYF00013.asd	209	558.000	2173.688
WYF00013.asd	210	559.000	2218.325
WYF00013.asd	211	560.000	2259.162
WYF00013.asd	212	561.000	2299.184
WYF00013.asd	213	562.000	2338.125
WYF00013.asd	214	563.000	2374.261
WYF00013.asd	215	564.000	2408.774
WYF00013.asd	216	565.000	2438.065
WYF00013.asd	217	566.000	2461.881
WYF00013.asd	218	567.000	2485.360
WYF00013.asd	219	568.000	2502.556
WYF00013.asd	220	569.000	2513.833
WYF00013.asd	221	570.000	2521.126
WYF00013.asd	222	571.000	2524.399
WYF00013.asd	223	572.000	2526.973
WYF00013.asd	224	573.000	2529.726
WYF00013.asd	225	574.000	2532.011
WYF00013.asd	226	575.000	2539.934
WYF00013.asd	227	576.000	2553.073
WYF00013.asd	228	577.000	2568.530
WYF00013.asd	229	578.000	2580.969
WYF00013.asd	230	579.000	2591.174
WYF00013.asd	231	580.000	2596.650
WYF00013.asd	232	581.000	2595.399
WYF00013.asd	233	582.000	2593.541
WYF00013.asd	234	583.000	2594.192
WYF00013.asd	235	584.000	2598.641
WYF00013.asd	236	585.000	2606.298
WYF00013.asd	237	586.000	2614.968
WYF00013.asd	238	587.000	2622.741
WYF00013.asd	239	588.000	2627.824
WYF00013.asd	240	589.000	2628.021
WYF00013.asd	241	590.000	2626.282
WYF00013.asd	242	591.000	2625.627
WYF00013.asd	243	592.000	2629.031
WYF00013.asd	244	593.000	2638.039
WYF00013.asd	245	594.000	2653.812
WYF00013.asd	246	595.000	2674.092
WYF00013.asd	247	596.000	2691.135
WYF00013.asd	248	597.000	2709.497
WYF00013.asd	249	598.000	2729.791
WYF00013.asd	250	599.000	2751.148
WYF00013.asd	251	600.000	2771.390
WYF00013.asd	252	601.000	2793.476
WYF00013.asd	253	602.000	2817.704
WYF00013.asd	254	603.000	2841.349
WYF00013.asd	255	604.000	2856.041
WYF00013.asd	256	605.000	2867.932
WYF00013.asd	257	606.000	2881.161
WYF00013.asd	258	607.000	2886.623
WYF00013.asd	259	608.000	2890.986
WYF00013.asd	260	609.000	2897.520
WYF00013.asd	261	610.000	2906.778
WYF00013.asd	262	611.000	2911.880
WYF00013.asd	263	612.000	2917.397
WYF00013.asd	264	613.000	2925.299
WYF00013.asd	265	614.000	2932.541
WYF00013.asd	266	615.000	2936.710
WYF00013.asd	267	616.000	2939.235
WYF00013.asd	268	617.000	2941.836
WYF00013.asd	269	618.000	2942.483
WYF00013.asd	270	619.000	2942.224
WYF00013.asd	271	620.000	2940.975
WYF00013.asd	272	621.000	2937.998
WYF00013.asd	273	622.000	2935.633
WYF00013.asd	274	623.000	2933.893
WYF00013.asd	275	624.000	2932.285
WYF00013.asd	276	625.000	2930.036
WYF00013.asd	277	626.000	2928.725
WYF00013.asd	278	627.000	2926.253
WYF00013.asd	279	628.000	2920.687
WYF00013.asd	280	629.000	2919.337
WYF00013.asd	281	630.000	2918.571
WYF00013.asd	282	631.000	2915.679
WYF00013.asd	283	632.000	2909.893
WYF00013.asd	284	633.000	2903.534
WYF00013.asd	285	634.000	2897.475
WYF00013.asd	286	635.000	2891.083
WYF00013.asd	287	636.000	2880.798
WYF00013.asd	288	637.000	2866.168
WYF00013.asd	289	638.000	2849.900
WYF00013.asd	290	639.000	2835.549
WYF00013.asd	291	640.000	2816.235
WYF00013.asd	292	641.000	2794.609
WYF00013.asd	293	642.000	2773.335
WYF00013.asd	294	643.000	2753.390
WYF00013.asd	295	644.000	2730.819
WYF00013.asd	296	645.000	2708.688
WYF00013.asd	297	646.000	2689.995
WYF00013.asd	298	647.000	2667.216
WYF00013.asd	299	648.000	2646.767
WYF00013.asd	300	649.000	2630.145
WYF00013.asd	301	650.000	2614.428
WYF00013.asd	302	651.000	2601.521
WYF00013.asd	303	652.000	2589.417
WYF00013.asd	304	653.000	2577.144
WYF00013.asd	305	654.000	2567.960
WYF00013.asd	306	655.000	2556.431
WYF00013.asd	307	656.000	2543.168
WYF00013.asd	308	657.000	2530.738
WYF00013.asd	309	658.000	2516.733
WYF00013.asd	310	659.000	2500.730
WYF00013.asd	311	660.000	2483.407
WYF00013.asd	312	661.000	2466.494
WYF00013.asd	313	662.000	2448.173
WYF00013.asd	314	663.000	2429.641
WYF00013.asd	315	664.000	2412.728
WYF00013.asd	316	665.000	2398.972
WYF00013.asd	317	666.000	2386.739
WYF00013.asd	318	667.000	2376.069
WYF00013.asd	319	668.000	2368.006
WYF00013.asd	320	669.000	2362.944
WYF00013.asd	321	670.000	2360.573
WYF00013.asd	322	671.000	2360.695
WYF00013.asd	323	672.000	2363.488
WYF00013.asd	324	673.000	2367.939
WYF00013.asd	325	674.000	2375.063
WYF00013.asd	326	675.000	2386.279
WYF00013.asd	327	676.000	2401.980
WYF00013.asd	328	677.000	2420.136
WYF00013.asd	329	678.000	2440.417
WYF00013.asd	330	679.000	2463.954
WYF00013.asd	331	680.000	2490.809
WYF00013.asd	332	681.000	2522.721
WYF00013.asd	333	682.000	2561.358
WYF00013.asd	334	683.000	2607.515
WYF00013.asd	335	684.000	2663.513
WYF00013.asd	336	685.000	2730.233
WYF00013.asd	337	686.000	2808.044
WYF00013.asd	338	687.000	2898.076
WYF00013.asd	339	688.000	3001.102
WYF00013.asd	340	689.000	3117.241
WYF00013.asd	341	690.000	3246.169
WYF00013.asd	342	691.000	3392.717
WYF00013.asd	343	692.000	3556.766
WYF00013.asd	344	693.000	3736.503
WYF00013.asd	345	694.000	3928.704
WYF00013.asd	346	695.000	4135.813
WYF00013.asd	347	696.000	4362.119
WYF00013.asd	348	697.000	4611.413
WYF00013.asd	349	698.000	4877.574
WYF00013.asd	350	699.000	5163.179
WYF00013.asd	351	700.000	5469.578
WYF00013.asd	352	701.000	5795.710
WYF00013.asd	353	702.000	6139.197
WYF00013.asd	354	703.000	6500.000
WYF00013.asd	355	704.000	6877.433
WYF00013.asd	356	705.000	7267.130
WYF00013.asd	357	706.000	7669.432
WYF00013.asd	358	707.000	8084.122
WYF00013.asd	359	708.000	8510.152
WYF00013.asd	360	709.000	8942.701
WYF00013.asd	361	710.000	9382.108
WYF00013.asd	362	711.000	9827.754
WYF00013.asd	363	712.000	10276.873
WYF00013.asd	364	713.000	10727.979
WYF00013.asd	365	714.000	11182.461
WYF00013.asd	366	715.000	11640.705
WYF00013.asd	367	716.000	12096.743
WYF00013.asd	368	717.000	12552.969
WYF00013.asd	369	718.000	13009.056
WYF00013.asd	370	719.000	13463.102
WYF00013.asd	371	720.000	13916.116
WYF00013.asd	372	721.000	14365.105
WYF00013.asd	373	722.000	14810.823
WYF00013.asd	374	723.000	15260.571
WYF00013.asd	375	724.000	15702.682
WYF00013.asd	376	725.000	16136.368
WYF00013.asd	377	726.000	16563.666
WYF00013.asd	378	727.000	16982.909
WYF00013.asd	379	728.000	17405.657
WYF00013.asd	380	729.000	17826.889
WYF00013.asd	381	730.000	18232.129
WYF00013.asd	382	731.000	18634.022
WYF00013.asd	383	732.000	19023.659
WYF00013.asd	384	733.000	19400.390
WYF00013.asd	385	734.000	19780.468
WYF00013.asd	386	735.000	20154.480
WYF00013.asd	387	736.000	20519.029
WYF00013.asd	388	737.000	20872.000
WYF00013.asd	389	738.000	21209.389
WYF00013.asd	390	739.000	21541.622
WYF00013.asd	391	740.000	21867.453
WYF00013.asd	392	741.000	22179.853
WYF00013.asd	393	742.000	22498.117
WYF00013.asd	394	743.000	22803.342
WYF00013.asd	395	744.000	23089.544
WYF00013.asd	396	745.000	23377.069
WYF00013.asd	397	746.000	23658.876
WYF00013.asd	398	747.000	23935.841
WYF00013.asd	399	748.000	24208.769
WYF00013.asd	400	749.000	24471.736
WYF00013.asd	401	750.000	24732.371
WYF00013.asd	402	751.000	24988.259
WYF00013.asd	403	752.000	25232.177
WYF00013.asd	404	753.000	25471.614
WYF00013.asd	405	754.000	25707.165
WYF00013.asd	406	755.000	25936.814
WYF00013.asd	407	756.000	26156.231
WYF00013.asd	408	757.000	26367.307
WYF00013.asd	409	758.000	26572.292
WYF00013.asd	410	759.000	26772.831
WYF00013.asd	411	760.000	26967.503
WYF00013.asd	412	761.000	27164.715
WYF00013.asd	413	762.000	27357.854
WYF00013.asd	414	763.000	27535.146
WYF00013.asd	415	764.000	27707.469
WYF00013.asd	416	765.000	27868.953
WYF00013.asd	417	766.000	28020.454
WYF00013.asd	418	767.000	28171.433
WYF00013.asd	419	768.000	28319.041
WYF00013.asd	420	769.000	28463.571
WYF00013.asd	421	770.000	28605.414
WYF00013.asd	422	771.000	28744.133
WYF00013.asd	423	772.000	28880.044
WYF00013.asd	424	773.000	29011.595
WYF00013.asd	425	774.000	29136.072
WYF00013.asd	426	775.000	29248.856
WYF00013.asd	427	776.000	29356.691
WYF00013.asd	428	777.000	29464.516
WYF00013.asd	429	778.000	29573.758
WYF00013.asd	430	779.000	29671.548
WYF00013.asd	431	780.000	29759.971
WYF00013.asd	432	781.000	29843.410
WYF00013.asd	433	782.000	29925.398
WYF00013.asd	434	783.000	30007.645
WYF00013.asd	435	784.000	30083.270
WYF00013.asd	436	785.000	30147.964
WYF00013.asd	437	786.000	30216.996
WYF00013.asd	438	787.000	30277.335
WYF00013.asd	439	788.000	30325.570
WYF00013.asd	440	789.000	30364.941
WYF00013.asd	441	790.000	30397.424
WYF00013.asd	442	791.000	30434.570
WYF00013.asd	443	792.000	30474.365
WYF00013.asd	444	793.000	30498.963
WYF00013.asd	445	794.000	30525.553
WYF00013.asd	446	795.000	30551.059
WYF00013.asd	447	796.000	30571.103
WYF00013.asd	448	797.000	30589.677
WYF00013.asd	449	798.000	30593.517
WYF00013.asd	450	799.000	30580.888
WYF00013.asd	451	800.000	30558.873
WYF00013.asd	452	801.000	30547.008
WYF00013.asd	453	802.000	30552.934
WYF00013.asd	454	803.000	30570.206
WYF00013.asd	455	804.000	30582.075
WYF00013.asd	456	805.000	30579.507
WYF00013.asd	457	806.000	30557.402
WYF00013.asd	458	807.000	30525.610
WYF00013.asd	459	808.000	30511.307
WYF00013.asd	460	809.000	30489.651
WYF00013.asd	461	810.000	30463.993
WYF00013.asd	462	811.000	30438.049
WYF00013.asd	463	812.000	30398.482
WYF00013.asd	464	813.000	30361.359
WYF00013.asd	465	814.000	30322.838
WYF00013.asd	466	815.000	30274.640
WYF00013.asd	467	816.000	30226.509
WYF00013.asd	468	817.000	30181.594
WYF00013.asd	469	818.000	30140.638
WYF00013.asd	470	819.000	30101.804
WYF00013.asd	471	820.000	30057.314
WYF00013.asd	472	821.000	30014.101
WYF00013.asd	473	822.000	29969.555
WYF00013.asd	474	823.000	29907.394
WYF00013.asd	475	824.000	29851.917
WYF00013.asd	476	825.000	29793.070
WYF00013.asd	477	826.000	29720.013
WYF00013.asd	478	827.000	29636.785
WYF00013.asd	479	828.000	29558.246
WYF00013.asd	480	829.000	29486.391
WYF00013.asd	481	830.000	29414.156
WYF00013.asd	482	831.000	29321.428
WYF00013.asd	483	832.000	29226.774
WYF00013.asd	484	833.000	29134.954
WYF00013.asd	485	834.000	29042.001
WYF00013.asd	486	835.000	28951.528
WYF00013.asd	487	836.000	28860.444
WYF00013.asd	488	837.000	28767.134
WYF00013.asd	489	838.000	28672.449
WYF00013.asd	490	839.000	28582.105
WYF00013.asd	491	840.000	28485.787
WYF00013.asd	492	841.000	28378.259
WYF00013.asd	493	842.000	28266.783
WYF00013.asd	494	843.000	28169.136
WYF00013.asd	495	844.000	28069.582
WYF00013.asd	496	845.000	27956.584
WYF00013.asd	497	846.000	27856.570
WYF00013.asd	498	847.000	27756.401
WYF00013.asd	499	848.000	27650.115
WYF00013.asd	500	849.000	27538.540
WYF00013.asd	501	850.000	27439.596
WYF00013.asd	502	851.000	27337.863
WYF00013.asd	503	852.000	27224.196
WYF00013.asd	504	853.000	27098.147
WYF00013.asd	505	854.000	26979.852
WYF00013.asd	506	855.000	26862.138
WYF00013.asd	507	856.000	26745.324
WYF00013.asd	508	857.000	26637.665
WYF00013.asd	509	858.000	26520.191
WYF00013.asd	510	859.000	26393.021
WYF00013.asd	511	860.000	26262.668
WYF00013.asd	512	861.000	26139.371
WYF00013.asd	513	862.000	26012.440
WYF00013.asd	514	863.000	25888.273
WYF00013.asd	515	864.000	25767.197
WYF00013.asd	516	865.000	25627.122
WYF00013.asd	517	866.000	25489.034
WYF00013.asd	518	867.000	25360.765
WYF00013.asd	519	868.000	25239.224
WYF00013.asd	520	869.000	25101.202
WYF00013.asd	521	870.000	24964.648
WYF00013.asd	522	871.000	24828.796
WYF00013.asd	523	872.000	24686.669
WYF00013.asd	524	873.000	24545.546
WYF00013.asd	525	874.000	24401.930
WYF00013.asd	526	875.000	24261.519
WYF00013.asd	527	876.000	24132.149
WYF00013.asd	528	877.000	23994.278
WYF00013.asd	529	878.000	23853.851
WYF00013.asd	530	879.000	23710.366
WYF00013.asd	531	880.000	23557.683
WYF00013.asd	532	881.000	23414.323
WYF00013.asd	533	882.000	23269.577
WYF00013.asd	534	883.000	23122.037
WYF00013.asd	535	884.000	22985.104
WYF00013.asd	536	885.000	22839.371
WYF00013.asd	537	886.000	22690.149
WYF00013.asd	538	887.000	22541.007
WYF00013.asd	539	888.000	22385.104
WYF00013.asd	540	889.000	22227.220
WYF00013.asd	541	890.000	22073.782
WYF00013.asd	542	891.000	21926.339
WYF00013.asd	543	892.000	21775.991
WYF00013.asd	544	893.000	21618.602
WYF00013.asd	545	894.000	21462.081
WYF00013.asd	546	895.000	21313.186
WYF00013.asd	547	896.000	21164.338
WYF00013.asd	548	897.000	21016.650
WYF00013.asd	549	898.000	20867.254
WYF00013.asd	550	899.000	20714.524
WYF00013.asd	551	900.000	20565.668
WYF00013.asd	552	901.000	20413.946
WYF00013.asd	553	902.000	20263.441
WYF00013.asd	554	903.000	20119.437
WYF00013.asd	555	904.000	19970.184
WYF00013.asd	556	905.000	19820.992
WYF00013.asd	557	906.000	19668.967
WYF00013.asd	558	907.000	19509.250
WYF00013.asd	559	908.000	19351.620
WYF00013.asd	560	909.000	19198.250
WYF00013.asd	561	910.000	19045.003
WYF00013.asd	562	911.000	18884.149
WYF00013.asd	563	912.000	18709.699
WYF00013.asd	564	913.000	18546.184
WYF00013.asd	565	914.000	18392.358
WYF00013.asd	566	915.000	18227.842
WYF00013.asd	567	916.000	18061.268
WYF00013.asd	568	917.000	17897.406
WYF00013.asd	569	918.000	17737.517
WYF00013.asd	570	919.000	17579.211
WYF00013.asd	571	920.000	17416.899
WYF00013.asd	572	921.000	17251.735
WYF00013.asd	573	922.000	17087.037
WYF00013.asd	574	923.000	16925.962
WYF00013.asd	575	924.000	16759.677
WYF00013.asd	576	925.000	16588.642
WYF00013.asd	577	926.000	16417.842
WYF00013.asd	578	927.000	16253.413
WYF00013.asd	579	928.000	16077.765
WYF00013.asd	580	929.000	15902.857
WYF00013.asd	581	930.000	15731.847
WYF00013.asd	582	931.000	15554.192
WYF00013.asd	583	932.000	15379.858
WYF00013.asd	584	933.000	15206.049
WYF00013.asd	585	934.000	15032.882
WYF00013.asd	586	935.000	14865.291
WYF00013.asd	587	936.000	14694.705
WYF00013.asd	588	937.000	14531.051
WYF00013.asd	589	938.000	14372.799
WYF00013.asd	590	939.000	14203.500
WYF00013.asd	591	940.000	14040.638
WYF00013.asd	592	941.000	13880.135
WYF00013.asd	593	942.000	13718.249
WYF00013.asd	594	943.000	13556.145
WYF00013.asd	595	944.000	13396.150
WYF00013.asd	596	945.000	13234.391
WYF00013.asd	597	946.000	13072.774
WYF00013.asd	598	947.000	12919.654
WYF00013.asd	599	948.000	12764.749
WYF00013.asd	600	949.000	12611.461
WYF00013.asd	601	950.000	12462.492
WYF00013.asd	602	951.000	12316.752
WYF00013.asd	603	952.000	12168.547
WYF00013.asd	604	953.000	12020.895
WYF00013.asd	605	954.000	11873.922
WYF00013.asd	606	955.000	11724.125
WYF00013.asd	607	956.000	11576.856
WYF00013.asd	608	957.000	11432.078
WYF00013.asd	609	958.000	11290.026
WYF00013.asd	610	959.000	11151.261
WYF00013.asd	611	960.000	11011.644
WYF00013.asd	612	961.000	10871.232
WYF00013.asd	613	962.000	10729.056
WYF00013.asd	614	963.000	10584.379
WYF00013.asd	615	964.000	10446.904
WYF00013.asd	616	965.000	10310.061
WYF00013.asd	617	966.000	10172.055
WYF00013.asd	618	967.000	10035.606
WYF00013.asd	619	968.000	9899.268
WYF00013.asd	620	969.000	9764.995
WYF00013.asd	621	970.000	9632.444
WYF00013.asd	622	971.000	9499.824
WYF00013.asd	623	972.000	9366.742
WYF00013.asd	624	973.000	9234.540
WYF00013.asd	625	974.000	9103.973
WYF00013.asd	626	975.000	8974.920
WYF00013.asd	627	976.000	8845.744
WYF00013.asd	628	977.000	8716.812
WYF00013.asd	629	978.000	8586.836
WYF00013.asd	630	979.000	8455.639
WYF00013.asd	631	980.000	8328.536
WYF00013.asd	632	981.000	8204.208
WYF00013.asd	633	982.000	8079.850
WYF00013.asd	634	983.000	7953.893
WYF00013.asd	635	984.000	7829.071
WYF00013.asd	636	985.000	7707.397
WYF00013.asd	637	986.000	7585.764
WYF00013.asd	638	987.000	7462.230
WYF00013.asd	639	988.000	7339.908
WYF00013.asd	640	989.000	7216.957
WYF00013.asd	641	990.000	7097.997
WYF00013.asd	642	991.000	6983.321
WYF00013.asd	643	992.000	6866.008
WYF00013.asd	644	993.000	6749.465
WYF00013.asd	645	994.000	6633.669
WYF00013.asd	646	995.000	6518.645
WYF00013.asd	647	996.000	6404.944
WYF00013.asd	648	997.000	6292.884
WYF00013.asd	649	998.000	6182.715
WYF00013.asd	650	999.000	6073.202
WYF00013.asd	651	1000.000	5962.884
WYF00013.asd	652	1001.000	6515.365
WYF00013.asd	653	1002.000	6561.731
WYF00013.asd	654	1003.000	6607.401
WYF00013.asd	655	1004.000	6653.588
WYF00013.asd	656	1005.000	6701.356
WYF00013.asd	657	1006.000	6748.208
WYF00013.asd	658	1007.000	6794.541
WYF00013.asd	659	1008.000	6841.427
WYF00013.asd	660	1009.000	6888.107
WYF00013.asd	661	1010.000	6935.281
WYF00013.asd	662	1011.000	6983.307
WYF00013.asd	663	1012.000	7032.746
WYF00013.asd	664	1013.000	7085.785
WYF00013.asd	665	1014.000	7138.482
WYF00013.asd	666	1015.000	7191.192
WYF00013.asd	667	1016.000	7245.436
WYF00013.asd	668	1017.000	7299.658
WYF00013.asd	669	1018.000	7353.122
WYF00013.asd	670	1019.000	7409.552
WYF00013.asd	671	1020.000	7466.873
WYF00013.asd	672	1021.000	7525.746
WYF00013.asd	673	1022.000	7588.418
WYF00013.asd	674	1023.000	7648.602
WYF00013.asd	675	1024.000	7708.421
WYF00013.asd	676	1025.000	7769.781
WYF00013.asd	677	1026.000	7828.099
WYF00013.asd	678	1027.000	7886.630
WYF00013.asd	679	1028.000	7946.923
WYF00013.asd	680	1029.000	8005.877
WYF00013.asd	681	1030.000	8067.093
WYF00013.asd	682	1031.000	8127.384
WYF00013.asd	683	1032.000	8184.890
WYF00013.asd	684	1033.000	8241.013
WYF00013.asd	685	1034.000	8295.772
WYF00013.asd	686	1035.000	8348.166
WYF00013.asd	687	1036.000	8399.683
WYF00013.asd	688	1037.000	8449.824
WYF00013.asd	689	1038.000	8498.501
WYF00013.asd	690	1039.000	8548.243
WYF00013.asd	691	1040.000	8596.882
WYF00013.asd	692	1041.000	8644.312
WYF00013.asd	693	1042.000	8691.942
WYF00013.asd	694	1043.000	8734.031
WYF00013.asd	695	1044.000	8774.562
WYF00013.asd	696	1045.000	8816.061
WYF00013.asd	697	1046.000	8854.147
WYF00013.asd	698	1047.000	8894.444
WYF00013.asd	699	1048.000	8935.432
WYF00013.asd	700	1049.000	8973.002
WYF00013.asd	701	1050.000	9007.246
WYF00013.asd	702	1051.000	9043.013
WYF00013.asd	703	1052.000	9077.606
WYF00013.asd	704	1053.000	9111.466
WYF00013.asd	705	1054.000	9147.194
WYF00013.asd	706	1055.000	9183.384
WYF00013.asd	707	1056.000	9219.796
WYF00013.asd	708	1057.000	9255.352
WYF00013.asd	709	1058.000	9290.358
WYF00013.asd	710	1059.000	9327.643
WYF00013.asd	711	1060.000	9364.209
WYF00013.asd	712	1061.000	9401.442
WYF00013.asd	713	1062.000	9440.859
WYF00013.asd	714	1063.000	9479.322
WYF00013.asd	715	1064.000	9520.717
WYF00013.asd	716	1065.000	9564.120
WYF00013.asd	717	1066.000	9609.586
WYF00013.asd	718	1067.000	9656.125
WYF00013.asd	719	1068.000	9705.658
WYF00013.asd	720	1069.000	9755.350
WYF00013.asd	721	1070.000	9807.625
WYF00013.asd	722	1071.000	9862.478
WYF00013.asd	723	1072.000	9918.251
WYF00013.asd	724	1073.000	9980.629
WYF00013.asd	725	1074.000	10045.366
WYF00013.asd	726	1075.000	10110.049
WYF00013.asd	727	1076.000	10179.704
WYF00013.asd	728	1077.000	10249.082
WYF00013.asd	729	1078.000	10321.457
WYF00013.asd	730	1079.000	10399.255
WYF00013.asd	731	1080.000	10481.797
WYF00013.asd	732	1081.000	10566.159
WYF00013.asd	733	1082.000	10657.318
WYF00013.asd	734	1083.000	10751.374
WYF00013.asd	735	1084.000	10846.175
WYF00013.asd	736	1085.000	10945.401
WYF00013.asd	737	1086.000	11042.863
WYF00013.asd	738	1087.000	11144.999
WYF00013.asd	739	1088.000	11252.790
WYF00013.asd	740	1089.000	11360.292
WYF00013.asd	741	1090.000	11476.671
WYF00013.asd	742	1091.000	11595.527
WYF00013.asd	743	1092.000	11712.793
WYF00013.asd	744	1093.000	11833.381
WYF00013.asd	745	1094.000	11950.504
WYF00013.asd	746	1095.000	12071.273
WYF00013.asd	747	1096.000	12193.149
WYF00013.asd	748	1097.000	12316.374
WYF00013.asd	749	1098.000	12436.386
WYF00013.asd	750	1099.000	12564.298
WYF00013.asd	751	1100.000	12689.223
WYF00013.asd	752	1101.000	12809.264
WYF00013.asd	753	1102.000	12934.639
WYF00013.asd	754	1103.000	13052.383
WYF00013.asd	755	1104.000	13168.927
WYF00013.asd	756	1105.000	13287.467
WYF00013.asd	757	1106.000	13399.310
WYF00013.asd	758	1107.000	13516.668
WYF00013.asd	759	1108.000	13632.504
WYF00013.asd	760	1109.000	13741.491
WYF00013.asd	761	1110.000	13849.491
WYF00013.asd	762	1111.000	13956.918
WYF00013.asd	763	1112.000	14059.672
WYF00013.asd	764	1113.000	14158.246
WYF00013.asd	765	1114.000	14256.462
WYF00013.asd	766	1115.000	14348.927
WYF00013.asd	767	1116.000	14443.519
WYF00013.asd	768	1117.000	14534.734
WYF00013.asd	769	1118.000	14620.869
WYF00013.asd	770	1119.000	14707.982
WYF00013.asd	771	1120.000	14789.250
WYF00013.asd	772	1121.000	14868.691
WYF00013.asd	773	1122.000	14948.330
WYF00013.asd	774	1123.000	15024.235
WYF00013.asd	775	1124.000	15102.745
WYF00013.asd	776	1125.000	15180.354
WYF00013.asd	777	1126.000	15253.491
WYF00013.asd	778	1127.000	15325.042
WYF00013.asd	779	1128.000	15395.452
WYF00013.asd	780	1129.000	15462.989
WYF00013.asd	781	1130.000	15527.469
WYF00013.asd	782	1131.000	15590.662
WYF00013.asd	783	1132.000	15650.283
WYF00013.asd	784	1133.000	15709.858
WYF00013.asd	785	1134.000	15767.174
WYF00013.asd	786	1135.000	15823.226
WYF00013.asd	787	1136.000	15880.920
WYF00013.asd	788	1137.000	15936.594
WYF00013.asd	789	1138.000	15992.591
WYF00013.asd	790	1139.000	16048.488
WYF00013.asd	791	1140.000	16101.587
WYF00013.asd	792	1141.000	16156.850
WYF00013.asd	793	1142.000	16209.884
WYF00013.asd	794	1143.000	16260.669
WYF00013.asd	795	1144.000	16310.492
WYF00013.asd	796	1145.000	16358.005
WYF00013.asd	797	1146.000	16406.600
WYF00013.asd	798	1147.000	16454.030
WYF00013.asd	799	1148.000	16503.615
WYF00013.asd	800	1149.000	16552.632
WYF00013.asd	801	1150.000	16605.387
WYF00013.asd	802	1151.000	16657.795
WYF00013.asd	803	1152.000	16708.530
WYF00013.asd	804	1153.000	16762.741
WYF00013.asd	805	1154.000	16815.023
WYF00013.asd	806	1155.000	16866.666
WYF00013.asd	807	1156.000	16921.711
WYF00013.asd	808	1157.000	16975.364
WYF00013.asd	809	1158.000	17030.966
WYF00013.asd	810	1159.000	17086.570
WYF00013.asd	811	1160.000	17142.910
WYF00013.asd	812	1161.000	17198.451
WYF00013.asd	813	1162.000	17252.722
WYF00013.asd	814	1163.000	17309.050
WYF00013.asd	815	1164.000	17366.470
WYF00013.asd	816	1165.000	17424.688
WYF00013.asd	817	1166.000	17480.929
WYF00013.asd	818	1167.000	17540.749
WYF00013.asd	819	1168.000	17597.795
WYF00013.asd	820	1169.000	17650.958
WYF00013.asd	821	1170.000	17706.290
WYF00013.asd	822	1171.000	17760.051
WYF00013.asd	823	1172.000	17815.734
WYF00013.asd	824	1173.000	17873.365
WYF00013.asd	825	1174.000	17928.543
WYF00013.asd	826	1175.000	17984.465
WYF00013.asd	827	1176.000	18037.641
WYF00013.asd	828	1177.000	18087.914
WYF00013.asd	829	1178.000	18136.714
WYF00013.asd	830	1179.000	18183.663
WYF00013.asd	831	1180.000	18230.233
WYF00013.asd	832	1181.000	18275.326
WYF00013.asd	833	1182.000	18319.159
WYF00013.asd	834	1183.000	18362.115
WYF00013.asd	835	1184.000	18405.057
WYF00013.asd	836	1185.000	18445.448
WYF00013.asd	837	1186.000	18484.863
WYF00013.asd	838	1187.000	18525.043
WYF00013.asd	839	1188.000	18564.664
WYF00013.asd	840	1189.000	18606.775
WYF00013.asd	841	1190.000	18649.200
WYF00013.asd	842	1191.000	18690.341
WYF00013.asd	843	1192.000	18731.920
WYF00013.asd	844	1193.000	18772.250
WYF00013.asd	845	1194.000	18810.405
WYF00013.asd	846	1195.000	18849.118
WYF00013.asd	847	1196.000	18887.617
WYF00013.asd	848	1197.000	18925.978
WYF00013.asd	849	1198.000	18964.665
WYF00013.asd	850	1199.000	19001.483
WYF00013.asd	851	1200.000	19038.167
WYF00013.asd	852	1201.000	19074.385
WYF00013.asd	853	1202.000	19109.591
WYF00013.asd	854	1203.000	19142.342
WYF00013.asd	855	1204.000	19176.270
WYF00013.asd	856	1205.000	19208.641
WYF00013.asd	857	1206.000	19242.121
WYF00013.asd	858	1207.000	19275.366
WYF00013.asd	859	1208.000	19308.177
WYF00013.asd	860	1209.000	19342.671
WYF00013.asd	861	1210.000	19374.874
WYF00013.asd	862	1211.000	19405.099
WYF00013.asd	863	1212.000	19436.504
WYF00013.asd	864	1213.000	19466.859
WYF00013.asd	865	1214.000	19498.162
WYF00013.asd	866	1215.000	19531.067
WYF00013.asd	867	1216.000	19562.295
WYF00013.asd	868	1217.000	19593.342
WYF00013.asd	869	1218.000	19624.465
WYF00013.asd	870	1219.000	19654.582
WYF00013.asd	871	1220.000	19684.460
WYF00013.asd	872	1221.000	19715.374
WYF00013.asd	873	1222.000	19743.967
WYF00013.asd	874	1223.000	19771.813
WYF00013.asd	875	1224.000	19799.404
WYF00013.asd	876	1225.000	19824.638
WYF00013.asd	877	1226.000	19851.112
WYF00013.asd	878	1227.000	19876.695
WYF00013.asd	879	1228.000	19900.890
WYF00013.asd	880	1229.000	19924.304
WYF00013.asd	881	1230.000	19947.536
WYF00013.asd	882	1231.000	19968.111
WYF00013.asd	883	1232.000	19986.336
WYF00013.asd	884	1233.000	20005.160
WYF00013.asd	885	1234.000	20022.843
WYF00013.asd	886	1235.000	20040.670
WYF00013.asd	887	1236.000	20058.304
WYF00013.asd	888	1237.000	20075.576
WYF00013.asd	889	1238.000	20091.364
WYF00013.asd	890	1239.000	20108.346
WYF00013.asd	891	1240.000	20125.919
WYF00013.asd	892	1241.000	20143.718
WYF00013.asd	893	1242.000	20161.496
WYF00013.asd	894	1243.000	20180.765
WYF00013.asd	895	1244.000	20200.587
WYF00013.asd	896	1245.000	20219.590
WYF00013.asd	897	1246.000	20239.067
WYF00013.asd	898	1247.000	20257.883
WYF00013.asd	899	1248.000	20276.854
WYF00013.asd	900	1249.000	20295.816
WYF00013.asd	901	1250.000	20313.775
WYF00013.asd	902	1251.000	20332.830
WYF00013.asd	903	1252.000	20348.359
WYF00013.asd	904	1253.000	20361.806
WYF00013.asd	905	1254.000	20373.874
WYF00013.asd	906	1255.000	20384.009
WYF00013.asd	907	1256.000	20392.717
WYF00013.asd	908	1257.000	20400.772
WYF00013.asd	909	1258.000	20405.960
WYF00013.asd	910	1259.000	20408.373
WYF00013.asd	911	1260.000	20409.807
WYF00013.asd	912	1261.000	20407.968
WYF00013.asd	913	1262.000	20406.703
WYF00013.asd	914	1263.000	20404.714
WYF00013.asd	915	1264.000	20402.700
WYF00013.asd	916	1265.000	20399.984
WYF00013.asd	917	1266.000	20397.321
WYF00013.asd	918	1267.000	20393.664
WYF00013.asd	919	1268.000	20389.362
WYF00013.asd	920	1269.000	20385.591
WYF00013.asd	921	1270.000	20381.100
WYF00013.asd	922	1271.000	20378.161
WYF00013.asd	923	1272.000	20375.800
WYF00013.asd	924	1273.000	20374.381
WYF00013.asd	925	1274.000	20373.672
WYF00013.asd	926	1275.000	20374.236
WYF00013.asd	927	1276.000	20376.420
WYF00013.asd	928	1277.000	20377.852
WYF00013.asd	929	1278.000	20379.577
WYF00013.asd	930	1279.000	20382.081
WYF00013.asd	931	1280.000	20384.141
WYF00013.asd	932	1281.000	20387.650
WYF00013.asd	933	1282.000	20392.403
WYF00013.asd	934	1283.000	20397.979
WYF00013.asd	935	1284.000	20404.198
WYF00013.asd	936	1285.000	20411.212
WYF00013.asd	937	1286.000	20419.956
WYF00013.asd	938	1287.000	20430.898
WYF00013.asd	939	1288.000	20441.909
WYF00013.asd	940	1289.000	20452.325
WYF00013.asd	941	1290.000	20463.831
WYF00013.asd	942	1291.000	20475.406
WYF00013.asd	943	1292.000	20487.603
WYF00013.asd	944	1293.000	20500.412
WYF00013.asd	945	1294.000	20514.643
WYF00013.asd	946	1295.000	20529.785
WYF00013.asd	947	1296.000	20544.846
WYF00013.asd	948	1297.000	20560.174
WYF00013.asd	949	1298.000	20577.575
WYF00013.asd	950	1299.000	20595.127
WYF00013.asd	951	1300.000	20614.437
WYF00013.asd	952	1301.000	20637.037
WYF00013.asd	953	1302.000	20658.954
WYF00013.asd	954	1303.000	20681.583
WYF00013.asd	955	1304.000	20703.801
WYF00013.asd	956	1305.000	20725.350
WYF00013.asd	957	1306.000	20748.404
WYF00013.asd	958	1307.000	20771.781
WYF00013.asd	959	1308.000	20795.799
WYF00013.asd	960	1309.000	20820.675
WYF00013.asd	961	1310.000	20847.724
WYF00013.asd	962	1311.000	20874.801
WYF00013.asd	963	1312.000	20902.352
WYF00013.asd	964	1313.000	20931.275
WYF00013.asd	965	1314.000	20961.450
WYF00013.asd	966	1315.000	20992.386
WYF00013.asd	967	1316.000	21024.413
WYF00013.asd	968	1317.000	21056.961
WYF00013.asd	969	1318.000	21090.558
WYF00013.asd	970	1319.000	21124.757
WYF00013.asd	971	1320.000	21159.459
WYF00013.asd	972	1321.000	21194.797
WYF00013.asd	973	1322.000	21231.628
WYF00013.asd	974	1323.000	21267.518
WYF00013.asd	975	1324.000	21303.306
WYF00013.asd	976	1325.000	21339.520
WYF00013.asd	977	1326.000	21374.428
WYF00013.asd	978	1327.000	21411.939
WYF00013.asd	979	1328.000	21451.828
WYF00013.asd	980	1329.000	21490.591
WYF00013.asd	981	1330.000	21530.193
WYF00013.asd	982	1331.000	21569.818
WYF00013.asd	983	1332.000	21608.880
WYF00013.asd	984	1333.000	21648.312
WYF00013.asd	985	1334.000	21687.139
WYF00013.asd	986	1335.000	21727.158
WYF00013.asd	987	1336.000	21766.212
WYF00013.asd	988	1337.000	21804.950
WYF00013.asd	989	1338.000	21842.183
WYF00013.asd	990	1339.000	21879.654
WYF00013.asd	991	1340.000	21914.463
WYF00013.asd	992	1341.000	21948.048
WYF00013.asd	993	1342.000	21978.456
WYF00013.asd	994	1343.000	22008.402
WYF00013.asd	995	1344.000	22032.588
WYF00013.asd	996	1345.000	22053.814
WYF00013.asd	997	1346.000	22069.449
WYF00013.asd	998	1347.000	22081.907
WYF00013.asd	999	1348.000	22086.789
WYF00013.asd	1000	1349.000	22085.491
WYF00013.asd	1001	1350.000	22079.078
WYF00013.asd	1002	1351.000	22065.015
WYF00013.asd	1003	1352.000	22048.293
WYF00013.asd	1004	1353.000	22027.272
WYF00013.asd	1005	1354.000	22002.289
WYF00013.asd	1006	1355.000	21969.139
WYF00013.asd	1007	1356.000	21939.003
WYF00013.asd	1008	1357.000	21901.290
WYF00013.asd	1009	1358.000	21872.430
WYF00013.asd	1010	1359.000	21845.160
WYF00013.asd	1011	1360.000	21824.456
WYF00013.asd	1012	1361.000	21814.772
WYF00013.asd	1013	1362.000	21817.023
WYF00013.asd	1014	1363.000	21834.561
WYF00013.asd	1015	1364.000	21866.206
WYF00013.asd	1016	1365.000	21909.320
WYF00013.asd	1017	1366.000	21968.185
WYF00013.asd	1018	1367.000	22031.857
WYF00013.asd	1019	1368.000	22109.442
WYF00013.asd	1020	1369.000	22186.600
WYF00013.asd	1021	1370.000	22276.377
WYF00013.asd	1022	1371.000	22353.839
WYF00013.asd	1023	1372.000	22441.234
WYF00013.asd	1024	1373.000	22501.469
WYF00013.asd	1025	1374.000	22557.846
WYF00013.asd	1026	1375.000	22582.754
WYF00013.asd	1027	1376.000	22585.482
WYF00013.asd	1028	1377.000	22567.469
WYF00013.asd	1029	1378.000	22513.023
WYF00013.asd	1030	1379.000	22462.870
WYF00013.asd	1031	1380.000	22381.550
WYF00013.asd	1032	1381.000	22325.319
WYF00013.asd	1033	1382.000	22264.842
WYF00013.asd	1034	1383.000	22228.755
WYF00013.asd	1035	1384.000	22218.529
WYF00013.asd	1036	1385.000	22209.628
WYF00013.asd	1037	1386.000	22220.814
WYF00013.asd	1038	1387.000	22231.557
WYF00013.asd	1039	1388.000	22234.631
WYF00013.asd	1040	1389.000	22227.529
WYF00013.asd	1041	1390.000	22196.476
WYF00013.asd	1042	1391.000	22150.490
WYF00013.asd	1043	1392.000	22087.084
WYF00013.asd	1044	1393.000	22000.397
WYF00013.asd	1045	1394.000	21910.824
WYF00013.asd	1046	1395.000	21803.282
WYF00013.asd	1047	1396.000	21702.744
WYF00013.asd	1048	1397.000	21597.292
WYF00013.asd	1049	1398.000	21489.820
WYF00013.asd	1050	1399.000	21381.920
WYF00013.asd	1051	1400.000	21270.242
WYF00013.asd	1052	1401.000	21153.290
WYF00013.asd	1053	1402.000	21034.798
WYF00013.asd	1054	1403.000	20915.084
WYF00013.asd	1055	1404.000	20793.148
WYF00013.asd	1056	1405.000	20664.757
WYF00013.asd	1057	1406.000	20540.938
WYF00013.asd	1058	1407.000	20415.663
WYF00013.asd	1059	1408.000	20295.113
WYF00013.asd	1060	1409.000	20176.802
WYF00013.asd	1061	1410.000	20061.511
WYF00013.asd	1062	1411.000	19949.658
WYF00013.asd	1063	1412.000	19840.610
WYF00013.asd	1064	1413.000	19734.544
WYF00013.asd	1065	1414.000	19631.129
WYF00013.asd	1066	1415.000	19528.558
WYF00013.asd	1067	1416.000	19432.038
WYF00013.asd	1068	1417.000	19339.855
WYF00013.asd	1069	1418.000	19250.839
WYF00013.asd	1070	1419.000	19165.308
WYF00013.asd	1071	1420.000	19085.976
WYF00013.asd	1072	1421.000	19011.349
WYF00013.asd	1073	1422.000	18940.432
WYF00013.asd	1074	1423.000	18874.635
WYF00013.asd	1075	1424.000	18814.963
WYF00013.asd	1076	1425.000	18759.085
WYF00013.asd	1077	1426.000	18707.100
WYF00013.asd	1078	1427.000	18658.749
WYF00013.asd	1079	1428.000	18615.327
WYF00013.asd	1080	1429.000	18575.942
WYF00013.asd	1081	1430.000	18538.466
WYF00013.asd	1082	1431.000	18508.667
WYF00013.asd	1083	1432.000	18486.221
WYF00013.asd	1084	1433.000	18465.624
WYF00013.asd	1085	1434.000	18450.789
WYF00013.asd	1086	1435.000	18436.909
WYF00013.asd	1087	1436.000	18424.750
WYF00013.asd	1088	1437.000	18417.081
WYF00013.asd	1089	1438.000	18412.499
WYF00013.asd	1090	1439.000	18411.372
WYF00013.asd	1091	1440.000	18415.785
WYF00013.asd	1092	1441.000	18420.134
WYF00013.asd	1093	1442.000	18427.334
WYF00013.asd	1094	1443.000	18434.885
WYF00013.asd	1095	1444.000	18443.521
WYF00013.asd	1096	1445.000	18453.013
WYF00013.asd	1097	1446.000	18463.548
WYF00013.asd	1098	1447.000	18474.968
WYF00013.asd	1099	1448.000	18488.486
WYF00013.asd	1100	1449.000	18500.820
WYF00013.asd	1101	1450.000	18513.653
WYF00013.asd	1102	1451.000	18526.002
WYF00013.asd	1103	1452.000	18537.665
WYF00013.asd	1104	1453.000	18548.882
WYF00013.asd	1105	1454.000	18560.214
WYF00013.asd	1106	1455.000	18571.048
WYF00013.asd	1107	1456.000	18580.400
WYF00013.asd	1108	1457.000	18588.151
WYF00013.asd	1109	1458.000	18593.878
WYF00013.asd	1110	1459.000	18597.298
WYF00013.asd	1111	1460.000	18601.252
WYF00013.asd	1112	1461.000	18603.262
WYF00013.asd	1113	1462.000	18606.965
WYF00013.asd	1114	1463.000	18610.945
WYF00013.asd	1115	1464.000	18615.540
WYF00013.asd	1116	1465.000	18619.903
WYF00013.asd	1117	1466.000	18626.555
WYF00013.asd	1118	1467.000	18633.240
WYF00013.asd	1119	1468.000	18644.159
WYF00013.asd	1120	1469.000	18657.784
WYF00013.asd	1121	1470.000	18673.030
WYF00013.asd	1122	1471.000	18690.897
WYF00013.asd	1123	1472.000	18710.755
WYF00013.asd	1124	1473.000	18732.793
WYF00013.asd	1125	1474.000	18755.978
WYF00013.asd	1126	1475.000	18782.215
WYF00013.asd	1127	1476.000	18808.118
WYF00013.asd	1128	1477.000	18835.291
WYF00013.asd	1129	1478.000	18861.633
WYF00013.asd	1130	1479.000	18887.912
WYF00013.asd	1131	1480.000	18914.975
WYF00013.asd	1132	1481.000	18942.245
WYF00013.asd	1133	1482.000	18969.318
WYF00013.asd	1134	1483.000	18997.776
WYF00013.asd	1135	1484.000	19024.856
WYF00013.asd	1136	1485.000	19050.673
WYF00013.asd	1137	1486.000	19076.616
WYF00013.asd	1138	1487.000	19102.217
WYF00013.asd	1139	1488.000	19127.687
WYF00013.asd	1140	1489.000	19153.821
WYF00013.asd	1141	1490.000	19178.256
WYF00013.asd	1142	1491.000	19201.911
WYF00013.asd	1143	1492.000	19224.839
WYF00013.asd	1144	1493.000	19245.971
WYF00013.asd	1145	1494.000	19267.274
WYF00013.asd	1146	1495.000	19288.473
WYF00013.asd	1147	1496.000	19309.016
WYF00013.asd	1148	1497.000	19329.018
WYF00013.asd	1149	1498.000	19348.785
WYF00013.asd	1150	1499.000	19367.511
WYF00013.asd	1151	1500.000	19386.862
WYF00013.asd	1152	1501.000	19407.107
WYF00013.asd	1153	1502.000	19426.222
WYF00013.asd	1154	1503.000	19445.458
WYF00013.asd	1155	1504.000	19465.521
WYF00013.asd	1156	1505.000	19484.769
WYF00013.asd	1157	1506.000	19503.544
WYF00013.asd	1158	1507.000	19522.096
WYF00013.asd	1159	1508.000	19540.499
WYF00013.asd	1160	1509.000	19558.632
WYF00013.asd	1161	1510.000	19576.767
WYF00013.asd	1162	1511.000	19593.613
WYF00013.asd	1163	1512.000	19609.763
WYF00013.asd	1164	1513.000	19625.833
WYF00013.asd	1165	1514.000	19640.886
WYF00013.asd	1166	1515.000	19656.038
WYF00013.asd	1167	1516.000	19672.077
WYF00013.asd	1168	1517.000	19685.843
WYF00013.asd	1169	1518.000	19698.273
WYF00013.asd	1170	1519.000	19710.249
WYF00013.asd	1171	1520.000	19720.673
WYF00013.asd	1172	1521.000	19731.627
WYF00013.asd	1173	1522.000	19742.402
WYF00013.asd	1174	1523.000	19752.821
WYF00013.asd	1175	1524.000	19763.218
WYF00013.asd	1176	1525.000	19772.852
WYF00013.asd	1177	1526.000	19782.751
WYF00013.asd	1178	1527.000	19790.498
WYF00013.asd	1179	1528.000	19797.256
WYF00013.asd	1180	1529.000	19802.574
WYF00013.asd	1181	1530.000	19805.556
WYF00013.asd	1182	1531.000	19808.988
WYF00013.asd	1183	1532.000	19811.155
WYF00013.asd	1184	1533.000	19814.168
WYF00013.asd	1185	1534.000	19817.845
WYF00013.asd	1186	1535.000	19820.300
WYF00013.asd	1187	1536.000	19822.536
WYF00013.asd	1188	1537.000	19824.336
WYF00013.asd	1189	1538.000	19825.133
WYF00013.asd	1190	1539.000	19825.991
WYF00013.asd	1191	1540.000	19827.434
WYF00013.asd	1192	1541.000	19827.437
WYF00013.asd	1193	1542.000	19826.243
WYF00013.asd	1194	1543.000	19825.077
WYF00013.asd	1195	1544.000	19823.299
WYF00013.asd	1196	1545.000	19821.027
WYF00013.asd	1197	1546.000	19818.401
WYF00013.asd	1198	1547.000	19815.587
WYF00013.asd	1199	1548.000	19811.608
WYF00013.asd	1200	1549.000	19808.383
WYF00013.asd	1201	1550.000	19806.557
WYF00013.asd	1202	1551.000	19803.041
WYF00013.asd	1203	1552.000	19799.360
WYF00013.asd	1204	1553.000	19794.551
WYF00013.asd	1205	1554.000	19787.685
WYF00013.asd	1206	1555.000	19781.123
WYF00013.asd	1207	1556.000	19775.268
WYF00013.asd	1208	1557.000	19767.356
WYF00013.asd	1209	1558.000	19758.452
WYF00013.asd	1210	1559.000	19748.681
WYF00013.asd	1211	1560.000	19736.525
WYF00013.asd	1212	1561.000	19724.732
WYF00013.asd	1213	1562.000	19712.078
WYF00013.asd	1214	1563.000	19700.330
WYF00013.asd	1215	1564.000	19689.464
WYF00013.asd	1216	1565.000	19678.148
WYF00013.asd	1217	1566.000	19666.327
WYF00013.asd	1218	1567.000	19654.754
WYF00013.asd	1219	1568.000	19641.108
WYF00013.asd	1220	1569.000	19626.788
WYF00013.asd	1221	1570.000	19613.397
WYF00013.asd	1222	1571.000	19598.829
WYF00013.asd	1223	1572.000	19584.226
WYF00013.asd	1224	1573.000	19568.754
WYF00013.asd	1225	1574.000	19551.861
WYF00013.asd	1226	1575.000	19534.736
WYF00013.asd	1227	1576.000	19518.306
WYF00013.asd	1228	1577.000	19502.452
WYF00013.asd	1229	1578.000	19484.736
WYF00013.asd	1230	1579.000	19466.880
WYF00013.asd	1231	1580.000	19449.967
WYF00013.asd	1232	1581.000	19432.504
WYF00013.asd	1233	1582.000	19416.993
WYF00013.asd	1234	1583.000	19403.503
WYF00013.asd	1235	1584.000	19388.686
WYF00013.asd	1236	1585.000	19372.653
WYF00013.asd	1237	1586.000	19356.235
WYF00013.asd	1238	1587.000	19338.815
WYF00013.asd	1239	1588.000	19322.992
WYF00013.asd	1240	1589.000	19306.631
WYF00013.asd	1241	1590.000	19292.014
WYF00013.asd	1242	1591.000	19279.406
WYF00013.asd	1243	1592.000	19265.626
WYF00013.asd	1244	1593.000	19252.017
WYF00013.asd	1245	1594.000	19238.179
WYF00013.asd	1246	1595.000	19224.283
WYF00013.asd	1247	1596.000	19210.373
WYF00013.asd	1248	1597.000	19196.556
WYF00013.asd	1249	1598.000	19182.103
WYF00013.asd	1250	1599.000	19167.439
WYF00013.asd	1251	1600.000	19152.110
WYF00013.asd	1252	1601.000	19136.106
WYF00013.asd	1253	1602.000	19120.332
WYF00013.asd	1254	1603.000	19104.532
WYF00013.asd	1255	1604.000	19087.972
WYF00013.asd	1256	1605.000	19071.093
WYF00013.asd	1257	1606.000	19053.749
WYF00013.asd	1258	1607.000	19035.964
WYF00013.asd	1259	1608.000	19017.374
WYF00013.asd	1260	1609.000	18998.691
WYF00013.asd	1261	1610.000	18978.621
WYF00013.asd	1262	1611.000	18957.578
WYF00013.asd	1263	1612.000	18935.582
WYF00013.asd	1264	1613.000	18912.383
WYF00013.asd	1265	1614.000	18888.577
WYF00013.asd	1266	1615.000	18863.136
WYF00013.asd	1267	1616.000	18838.581
WYF00013.asd	1268	1617.000	18814.586
WYF00013.asd	1269	1618.000	18789.240
WYF00013.asd	1270	1619.000	18763.963
WYF00013.asd	1271	1620.000	18737.004
WYF00013.asd	1272	1621.000	18708.427
WYF00013.asd	1273	1622.000	18679.036
WYF00013.asd	1274	1623.000	18648.680
WYF00013.asd	1275	1624.000	18618.145
WYF00013.asd	1276	1625.000	18587.251
WYF00013.asd	1277	1626.000	18554.594
WYF00013.asd	1278	1627.000	18521.284
WYF00013.asd	1279	1628.000	18486.086
WYF00013.asd	1280	1629.000	18448.708
WYF00013.asd	1281	1630.000	18410.870
WYF00013.asd	1282	1631.000	18371.287
WYF00013.asd	1283	1632.000	18332.943
WYF00013.asd	1284	1633.000	18294.774
WYF00013.asd	1285	1634.000	18255.761
WYF00013.asd	1286	1635.000	18217.097
WYF00013.asd	1287	1636.000	18177.373
WYF00013.asd	1288	1637.000	18136.732
WYF00013.asd	1289	1638.000	18093.859
WYF00013.asd	1290	1639.000	18050.172
WYF00013.asd	1291	1640.000	18005.595
WYF00013.asd	1292	1641.000	17959.885
WYF00013.asd	1293	1642.000	17912.097
WYF00013.asd	1294	1643.000	17862.670
WYF00013.asd	1295	1644.000	17813.124
WYF00013.asd	1296	1645.000	17761.631
WYF00013.asd	1297	1646.000	17708.371
WYF00013.asd	1298	1647.000	17655.358
WYF00013.asd	1299	1648.000	17600.444
WYF00013.asd	1300	1649.000	17543.365
WYF00013.asd	1301	1650.000	17485.008
WYF00013.asd	1302	1651.000	17425.386
WYF00013.asd	1303	1652.000	17364.947
WYF00013.asd	1304	1653.000	17302.400
WYF00013.asd	1305	1654.000	17237.937
WYF00013.asd	1306	1655.000	17173.796
WYF00013.asd	1307	1656.000	17106.268
WYF00013.asd	1308	1657.000	17036.816
WYF00013.asd	1309	1658.000	16963.386
WYF00013.asd	1310	1659.000	16887.146
WYF00013.asd	1311	1660.000	16807.841
WYF00013.asd	1312	1661.000	16723.797
WYF00013.asd	1313	1662.000	16636.278
WYF00013.asd	1314	1663.000	16549.215
WYF00013.asd	1315	1664.000	16459.526
WYF00013.asd	1316	1665.000	16372.507
WYF00013.asd	1317	1666.000	16286.510
WYF00013.asd	1318	1667.000	16199.993
WYF00013.asd	1319	1668.000	16118.291
WYF00013.asd	1320	1669.000	16036.108
WYF00013.asd	1321	1670.000	15957.874
WYF00013.asd	1322	1671.000	15885.536
WYF00013.asd	1323	1672.000	15814.245
WYF00013.asd	1324	1673.000	15747.051
WYF00013.asd	1325	1674.000	15681.337
WYF00013.asd	1326	1675.000	15616.173
WYF00013.asd	1327	1676.000	15553.119
WYF00013.asd	1328	1677.000	15486.618
WYF00013.asd	1329	1678.000	15420.100
WYF00013.asd	1330	1679.000	15354.151
WYF00013.asd	1331	1680.000	15285.421
WYF00013.asd	1332	1681.000	15218.469
WYF00013.asd	1333	1682.000	15149.268
WYF00013.asd	1334	1683.000	15078.424
WYF00013.asd	1335	1684.000	15007.069
WYF00013.asd	1336	1685.000	14929.977
WYF00013.asd	1337	1686.000	14852.776
WYF00013.asd	1338	1687.000	14776.735
WYF00013.asd	1339	1688.000	14699.896
WYF00013.asd	1340	1689.000	14627.429
WYF00013.asd	1341	1690.000	14554.050
WYF00013.asd	1342	1691.000	14478.951
WYF00013.asd	1343	1692.000	14406.773
WYF00013.asd	1344	1693.000	14332.103
WYF00013.asd	1345	1694.000	14259.486
WYF00013.asd	1346	1695.000	14190.385
WYF00013.asd	1347	1696.000	14118.980
WYF00013.asd	1348	1697.000	14049.746
WYF00013.asd	1349	1698.000	13981.093
WYF00013.asd	1350	1699.000	13911.079
WYF00013.asd	1351	1700.000	13843.600
WYF00013.asd	1352	1701.000	13774.769
WYF00013.asd	1353	1702.000	13706.342
WYF00013.asd	1354	1703.000	13641.028
WYF00013.asd	1355	1704.000	13575.659
WYF00013.asd	1356	1705.000	13512.405
WYF00013.asd	1357	1706.000	13449.240
WYF00013.asd	1358	1707.000	13385.651
WYF00013.asd	1359	1708.000	13323.275
WYF00013.asd	1360	1709.000	13257.145
WYF00013.asd	1361	1710.000	13191.423
WYF00013.asd	1362	1711.000	13126.391
WYF00013.asd	1363	1712.000	13058.418
WYF00013.asd	1364	1713.000	12993.024
WYF00013.asd	1365	1714.000	12926.910
WYF00013.asd	1366	1715.000	12859.825
WYF00013.asd	1367	1716.000	12795.268
WYF00013.asd	1368	1717.000	12728.273
WYF00013.asd	1369	1718.000	12662.004
WYF00013.asd	1370	1719.000	12599.575
WYF00013.asd	1371	1720.000	12536.484
WYF00013.asd	1372	1721.000	12476.171
WYF00013.asd	1373	1722.000	12417.340
WYF00013.asd	1374	1723.000	12361.891
WYF00013.asd	1375	1724.000	12309.364
WYF00013.asd	1376	1725.000	12257.149
WYF00013.asd	1377	1726.000	12207.540
WYF00013.asd	1378	1727.000	12161.096
WYF00013.asd	1379	1728.000	12114.694
WYF00013.asd	1380	1729.000	12073.560
WYF00013.asd	1381	1730.000	12038.048
WYF00013.asd	1382	1731.000	12003.094
WYF00013.asd	1383	1732.000	11970.740
WYF00013.asd	1384	1733.000	11938.294
WYF00013.asd	1385	1734.000	11908.021
WYF00013.asd	1386	1735.000	11877.680
WYF00013.asd	1387	1736.000	11849.129
WYF00013.asd	1388	1737.000	11818.691
WYF00013.asd	1389	1738.000	11788.235
WYF00013.asd	1390	1739.000	11756.416
WYF00013.asd	1391	1740.000	11721.096
WYF00013.asd	1392	1741.000	11684.086
WYF00013.asd	1393	1742.000	11645.975
WYF00013.asd	1394	1743.000	11605.174
WYF00013.asd	1395	1744.000	11564.198
WYF00013.asd	1396	1745.000	11521.456
WYF00013.asd	1397	1746.000	11477.054
WYF00013.asd	1398	1747.000	11432.582
WYF00013.asd	1399	1748.000	11385.663
WYF00013.asd	1400	1749.000	11338.742
WYF00013.asd	1401	1750.000	11291.929
WYF00013.asd	1402	1751.000	11244.613
WYF00013.asd	1403	1752.000	11198.784
WYF00013.asd	1404	1753.000	11151.152
WYF00013.asd	1405	1754.000	11103.689
WYF00013.asd	1406	1755.000	11057.075
WYF00013.asd	1407	1756.000	11007.228
WYF00013.asd	1408	1757.000	10959.173
WYF00013.asd	1409	1758.000	10913.538
WYF00013.asd	1410	1759.000	10866.568
WYF00013.asd	1411	1760.000	10821.247
WYF00013.asd	1412	1761.000	10776.205
WYF00013.asd	1413	1762.000	10730.835
WYF00013.asd	1414	1763.000	10687.004
WYF00013.asd	1415	1764.000	10643.137
WYF00013.asd	1416	1765.000	10601.605
WYF00013.asd	1417	1766.000	10560.928
WYF00013.asd	1418	1767.000	10520.026
WYF00013.asd	1419	1768.000	10481.181
WYF00013.asd	1420	1769.000	10440.850
WYF00013.asd	1421	1770.000	10399.928
WYF00013.asd	1422	1771.000	10359.085
WYF00013.asd	1423	1772.000	10315.501
WYF00013.asd	1424	1773.000	10272.836
WYF00013.asd	1425	1774.000	10230.170
WYF00013.asd	1426	1775.000	10185.423
WYF00013.asd	1427	1776.000	10141.157
WYF00013.asd	1428	1777.000	10094.619
WYF00013.asd	1429	1778.000	10047.073
WYF00013.asd	1430	1779.000	9998.373
WYF00013.asd	1431	1780.000	9945.921
WYF00013.asd	1432	1781.000	9893.751
WYF00013.asd	1433	1782.000	9839.278
WYF00013.asd	1434	1783.000	9785.449
WYF00013.asd	1435	1784.000	9728.657
WYF00013.asd	1436	1785.000	9667.356
WYF00013.asd	1437	1786.000	9605.808
WYF00013.asd	1438	1787.000	9538.959
WYF00013.asd	1439	1788.000	9469.422
WYF00013.asd	1440	1789.000	9397.198
WYF00013.asd	1441	1790.000	9318.009
WYF00013.asd	1442	1791.000	9235.681
WYF00013.asd	1443	1792.000	9146.072
WYF00013.asd	1444	1793.000	9050.533
WYF00013.asd	1445	1794.000	8950.749
WYF00013.asd	1446	1795.000	8837.350
WYF00013.asd	1447	1796.000	8716.193
WYF00013.asd	1448	1797.000	8588.864
WYF00013.asd	1449	1798.000	8451.768
WYF00013.asd	1450	1799.000	8313.085
WYF00013.asd	1451	1800.000	8164.248
WYF00013.asd	1452	1801.000	14821.736
WYF00013.asd	1453	1802.000	14983.996
WYF00013.asd	1454	1803.000	15149.218
WYF00013.asd	1455	1804.000	15314.868
WYF00013.asd	1456	1805.000	15481.587
WYF00013.asd	1457	1806.000	15649.543
WYF00013.asd	1458	1807.000	15809.866
WYF00013.asd	1459	1808.000	15975.481
WYF00013.asd	1460	1809.000	16126.623
WYF00013.asd	1461	1810.000	16271.225
WYF00013.asd	1462	1811.000	16402.458
WYF00013.asd	1463	1812.000	16524.981
WYF00013.asd	1464	1813.000	16637.229
WYF00013.asd	1465	1814.000	16732.721
WYF00013.asd	1466	1815.000	16827.054
WYF00013.asd	1467	1816.000	16911.187
WYF00013.asd	1468	1817.000	16995.479
WYF00013.asd	1469	1818.000	17077.528
WYF00013.asd	1470	1819.000	17151.056
WYF00013.asd	1471	1820.000	17232.309
WYF00013.asd	1472	1821.000	17315.641
WYF00013.asd	1473	1822.000	17399.053
WYF00013.asd	1474	1823.000	17487.185
WYF00013.asd	1475	1824.000	17571.817
WYF00013.asd	1476	1825.000	17653.711
WYF00013.asd	1477	1826.000	17737.587
WYF00013.asd	1478	1827.000	17819.320
WYF00013.asd	1479	1828.000	17903.008
WYF00013.asd	1480	1829.000	17977.822
WYF00013.asd	1481	1830.000	18052.447
WYF00013.asd	1482	1831.000	18117.408
WYF00013.asd	1483	1832.000	18174.357
WYF00013.asd	1484	1833.000	18226.635
WYF00013.asd	1485	1834.000	18260.256
WYF00013.asd	1486	1835.000	18308.528
WYF00013.asd	1487	1836.000	18360.068
WYF00013.asd	1488	1837.000	18406.592
WYF00013.asd	1489	1838.000	18469.420
WYF00013.asd	1490	1839.000	18540.676
WYF00013.asd	1491	1840.000	18623.886
WYF00013.asd	1492	1841.000	18719.923
WYF00013.asd	1493	1842.000	18817.052
WYF00013.asd	1494	1843.000	18939.148
WYF00013.asd	1495	1844.000	19041.692
WYF00013.asd	1496	1845.000	19143.254
WYF00013.asd	1497	1846.000	19230.962
WYF00013.asd	1498	1847.000	19319.223
WYF00013.asd	1499	1848.000	19399.270
WYF00013.asd	1500	1849.000	19477.134
WYF00013.asd	1501	1850.000	19556.095
WYF00013.asd	1502	1851.000	19623.950
WYF00013.asd	1503	1852.000	19680.398
WYF00013.asd	1504	1853.000	19737.423
WYF00013.asd	1505	1854.000	19792.464
WYF00013.asd	1506	1855.000	19839.490
WYF00013.asd	1507	1856.000	19881.327
WYF00013.asd	1508	1857.000	19919.079
WYF00013.asd	1509	1858.000	19953.676
WYF00013.asd	1510	1859.000	19982.653
WYF00013.asd	1511	1860.000	20005.488
WYF00013.asd	1512	1861.000	20045.327
WYF00013.asd	1513	1862.000	20040.724
WYF00013.asd	1514	1863.000	20030.140
WYF00013.asd	1515	1864.000	19977.594
WYF00013.asd	1516	1865.000	19885.374
WYF00013.asd	1517	1866.000	19772.874
WYF00013.asd	1518	1867.000	19633.963
WYF00013.asd	1519	1868.000	19447.431
WYF00013.asd	1520	1869.000	19287.383
WYF00013.asd	1521	1870.000	19090.051
WYF00013.asd	1522	1871.000	18945.719
WYF00013.asd	1523	1872.000	18810.456
WYF00013.asd	1524	1873.000	18708.839
WYF00013.asd	1525	1874.000	18657.004
WYF00013.asd	1526	1875.000	18592.166
WYF00013.asd	1527	1876.000	18553.756
WYF00013.asd	1528	1877.000	18516.082
WYF00013.asd	1529	1878.000	18444.394
WYF00013.asd	1530	1879.000	18378.165
WYF00013.asd	1531	1880.000	18253.574
WYF00013.asd	1532	1881.000	18101.304
WYF00013.asd	1533	1882.000	17912.091
WYF00013.asd	1534	1883.000	17678.282
WYF00013.asd	1535	1884.000	17421.144
WYF00013.asd	1536	1885.000	17118.175
WYF00013.asd	1537	1886.000	16813.144
WYF00013.asd	1538	1887.000	16477.069
WYF00013.asd	1539	1888.000	16139.382
WYF00013.asd	1540	1889.000	15792.158
WYF00013.asd	1541	1890.000	15431.430
WYF00013.asd	1542	1891.000	15075.775
WYF00013.asd	1543	1892.000	14711.906
WYF00013.asd	1544	1893.000	14345.891
WYF00013.asd	1545	1894.000	13975.913
WYF00013.asd	1546	1895.000	13613.265
WYF00013.asd	1547	1896.000	13243.312
WYF00013.asd	1548	1897.000	12884.741
WYF00013.asd	1549	1898.000	12530.815
WYF00013.asd	1550	1899.000	12181.688
WYF00013.asd	1551	1900.000	11859.040
WYF00013.asd	1552	1901.000	11537.091
WYF00013.asd	1553	1902.000	11251.540
WYF00013.asd	1554	1903.000	10991.861
WYF00013.asd	1555	1904.000	10759.393
WYF00013.asd	1556	1905.000	10555.336
WYF00013.asd	1557	1906.000	10369.330
WYF00013.asd	1558	1907.000	10214.361
WYF00013.asd	1559	1908.000	10072.369
WYF00013.asd	1560	1909.000	9947.121
WYF00013.asd	1561	1910.000	9829.635
WYF00013.asd	1562	1911.000	9720.495
WYF00013.asd	1563	1912.000	9625.897
WYF00013.asd	1564	1913.000	9534.791
WYF00013.asd	1565	1914.000	9449.399
WYF00013.asd	1566	1915.000	9373.725
WYF00013.asd	1567	1916.000	9305.566
WYF00013.asd	1568	1917.000	9246.801
WYF00013.asd	1569	1918.000	9195.994
WYF00013.asd	1570	1919.000	9153.785
WYF00013.asd	1571	1920.000	9124.054
WYF00013.asd	1572	1921.000	9105.838
WYF00013.asd	1573	1922.000	9098.247
WYF00013.asd	1574	1923.000	9105.481
WYF00013.asd	1575	1924.000	9115.227
WYF00013.asd	1576	1925.000	9136.012
WYF00013.asd	1577	1926.000	9158.315
WYF00013.asd	1578	1927.000	9187.022
WYF00013.asd	1579	1928.000	9217.605
WYF00013.asd	1580	1929.000	9253.581
WYF00013.asd	1581	1930.000	9290.952
WYF00013.asd	1582	1931.000	9328.309
WYF00013.asd	1583	1932.000	9368.552
WYF00013.asd	1584	1933.000	9409.015
WYF00013.asd	1585	1934.000	9452.973
WYF00013.asd	1586	1935.000	9499.738
WYF00013.asd	1587	1936.000	9549.886
WYF00013.asd	1588	1937.000	9601.739
WYF00013.asd	1589	1938.000	9654.537
WYF00013.asd	1590	1939.000	9712.454
WYF00013.asd	1591	1940.000	9774.100
WYF00013.asd	1592	1941.000	9836.951
WYF00013.asd	1593	1942.000	9908.410
WYF00013.asd	1594	1943.000	9982.833
WYF00013.asd	1595	1944.000	10055.520
WYF00013.asd	1596	1945.000	10134.571
WYF00013.asd	1597	1946.000	10209.450
WYF00013.asd	1598	1947.000	10282.222
WYF00013.asd	1599	1948.000	10356.294
WYF00013.asd	1600	1949.000	10429.724
WYF00013.asd	1601	1950.000	10503.436
WYF00013.asd	1602	1951.000	10578.075
WYF00013.asd	1603	1952.000	10652.808
WYF00013.asd	1604	1953.000	10725.511
WYF00013.asd	1605	1954.000	10803.400
WYF00013.asd	1606	1955.000	10881.538
WYF00013.asd	1607	1956.000	10960.054
WYF00013.asd	1608	1957.000	11041.554
WYF00013.asd	1609	1958.000	11118.832
WYF00013.asd	1610	1959.000	11197.437
WYF00013.asd	1611	1960.000	11275.529
WYF00013.asd	1612	1961.000	11353.790
WYF00013.asd	1613	1962.000	11432.097
WYF00013.asd	1614	1963.000	11512.158
WYF00013.asd	1615	1964.000	11594.518
WYF00013.asd	1616	1965.000	11673.089
WYF00013.asd	1617	1966.000	11752.358
WYF00013.asd	1618	1967.000	11826.481
WYF00013.asd	1619	1968.000	11900.585
WYF00013.asd	1620	1969.000	11976.475
WYF00013.asd	1621	1970.000	12050.939
WYF00013.asd	1622	1971.000	12127.236
WYF00013.asd	1623	1972.000	12202.026
WYF00013.asd	1624	1973.000	12275.226
WYF00013.asd	1625	1974.000	12346.715
WYF00013.asd	1626	1975.000	12416.574
WYF00013.asd	1627	1976.000	12486.117
WYF00013.asd	1628	1977.000	12553.753
WYF00013.asd	1629	1978.000	12622.175
WYF00013.asd	1630	1979.000	12688.892
WYF00013.asd	1631	1980.000	12758.671
WYF00013.asd	1632	1981.000	12827.200
WYF00013.asd	1633	1982.000	12893.770
WYF00013.asd	1634	1983.000	12959.826
WYF00013.asd	1635	1984.000	13024.633
WYF00013.asd	1636	1985.000	13090.318
WYF00013.asd	1637	1986.000	13157.782
WYF00013.asd	1638	1987.000	13220.598
WYF00013.asd	1639	1988.000	13280.805
WYF00013.asd	1640	1989.000	13343.778
WYF00013.asd	1641	1990.000	13403.666
WYF00013.asd	1642	1991.000	13459.617
WYF00013.asd	1643	1992.000	13517.845
WYF00013.asd	1644	1993.000	13573.671
WYF00013.asd	1645	1994.000	13627.085
WYF00013.asd	1646	1995.000	13679.906
WYF00013.asd	1647	1996.000	13730.434
WYF00013.asd	1648	1997.000	13781.167
WYF00013.asd	1649	1998.000	13828.920
WYF00013.asd	1650	1999.000	13872.789
WYF00013.asd	1651	2000.000	13915.239
WYF00013.asd	1652	2001.000	13956.641
WYF00013.asd	1653	2002.000	13994.779
WYF00013.asd	1654	2003.000	14031.816
WYF00013.asd	1655	2004.000	14070.003
WYF00013.asd	1656	2005.000	14104.782
WYF00013.asd	1657	2006.000	14135.924
WYF00013.asd	1658	2007.000	14162.046
WYF00013.asd	1659	2008.000	14186.466
WYF00013.asd	1660	2009.000	14209.751
WYF00013.asd	1661	2010.000	14230.849
WYF00013.asd	1662	2011.000	14250.178
WYF00013.asd	1663	2012.000	14269.130
WYF00013.asd	1664	2013.000	14283.890
WYF00013.asd	1665	2014.000	14295.606
WYF00013.asd	1666	2015.000	14306.270
WYF00013.asd	1667	2016.000	14310.843
WYF00013.asd	1668	2017.000	14313.942
WYF00013.asd	1669	2018.000	14314.613
WYF00013.asd	1670	2019.000	14310.406
WYF00013.asd	1671	2020.000	14304.943
WYF00013.asd	1672	2021.000	14296.269
WYF00013.asd	1673	2022.000	14285.067
WYF00013.asd	1674	2023.000	14270.407
WYF00013.asd	1675	2024.000	14252.879
WYF00013.asd	1676	2025.000	14232.857
WYF00013.asd	1677	2026.000	14210.750
WYF00013.asd	1678	2027.000	14185.317
WYF00013.asd	1679	2028.000	14157.642
WYF00013.asd	1680	2029.000	14127.916
WYF00013.asd	1681	2030.000	14093.822
WYF00013.asd	1682	2031.000	14059.819
WYF00013.asd	1683	2032.000	14024.678
WYF00013.asd	1684	2033.000	13988.463
WYF00013.asd	1685	2034.000	13952.782
WYF00013.asd	1686	2035.000	13911.554
WYF00013.asd	1687	2036.000	13868.740
WYF00013.asd	1688	2037.000	13823.846
WYF00013.asd	1689	2038.000	13775.592
WYF00013.asd	1690	2039.000	13727.046
WYF00013.asd	1691	2040.000	13676.113
WYF00013.asd	1692	2041.000	13625.072
WYF00013.asd	1693	2042.000	13573.159
WYF00013.asd	1694	2043.000	13521.654
WYF00013.asd	1695	2044.000	13468.993
WYF00013.asd	1696	2045.000	13420.002
WYF00013.asd	1697	2046.000	13368.105
WYF00013.asd	1698	2047.000	13316.902
WYF00013.asd	1699	2048.000	13270.296
WYF00013.asd	1700	2049.000	13219.679
WYF00013.asd	1701	2050.000	13171.600
WYF00013.asd	1702	2051.000	13128.103
WYF00013.asd	1703	2052.000	13084.458
WYF00013.asd	1704	2053.000	13041.104
WYF00013.asd	1705	2054.000	12999.967
WYF00013.asd	1706	2055.000	12960.854
WYF00013.asd	1707	2056.000	12921.440
WYF00013.asd	1708	2057.000	12886.652
WYF00013.asd	1709	2058.000	12852.525
WYF00013.asd	1710	2059.000	12821.578
WYF00013.asd	1711	2060.000	12794.431
WYF00013.asd	1712	2061.000	12766.430
WYF00013.asd	1713	2062.000	12740.026
WYF00013.asd	1714	2063.000	12715.424
WYF00013.asd	1715	2064.000	12691.594
WYF00013.asd	1716	2065.000	12669.341
WYF00013.asd	1717	2066.000	12646.265
WYF00013.asd	1718	2067.000	12623.308
WYF00013.asd	1719	2068.000	12600.570
WYF00013.asd	1720	2069.000	12578.712
WYF00013.asd	1721	2070.000	12556.067
WYF00013.asd	1722	2071.000	12535.816
WYF00013.asd	1723	2072.000	12518.481
WYF00013.asd	1724	2073.000	12498.783
WYF00013.asd	1725	2074.000	12479.021
WYF00013.asd	1726	2075.000	12458.054
WYF00013.asd	1727	2076.000	12436.193
WYF00013.asd	1728	2077.000	12416.149
WYF00013.asd	1729	2078.000	12397.759
WYF00013.asd	1730	2079.000	12382.100
WYF00013.asd	1731	2080.000	12365.719
WYF00013.asd	1732	2081.000	12346.898
WYF00013.asd	1733	2082.000	12329.040
WYF00013.asd	1734	2083.000	12310.995
WYF00013.asd	1735	2084.000	12292.292
WYF00013.asd	1736	2085.000	12272.588
WYF00013.asd	1737	2086.000	12255.562
WYF00013.asd	1738	2087.000	12238.949
WYF00013.asd	1739	2088.000	12221.995
WYF00013.asd	1740	2089.000	12205.628
WYF00013.asd	1741	2090.000	12187.702
WYF00013.asd	1742	2091.000	12167.958
WYF00013.asd	1743	2092.000	12148.498
WYF00013.asd	1744	2093.000	12128.713
WYF00013.asd	1745	2094.000	12111.400
WYF00013.asd	1746	2095.000	12096.403
WYF00013.asd	1747	2096.000	12080.939
WYF00013.asd	1748	2097.000	12066.617
WYF00013.asd	1749	2098.000	12051.337
WYF00013.asd	1750	2099.000	12035.866
WYF00013.asd	1751	2100.000	12019.655
WYF00013.asd	1752	2101.000	12003.342
WYF00013.asd	1753	2102.000	11986.234
WYF00013.asd	1754	2103.000	11970.256
WYF00013.asd	1755	2104.000	11956.174
WYF00013.asd	1756	2105.000	11941.311
WYF00013.asd	1757	2106.000	11926.579
WYF00013.asd	1758	2107.000	11913.538
WYF00013.asd	1759	2108.000	11898.132
WYF00013.asd	1760	2109.000	11880.934
WYF00013.asd	1761	2110.000	11864.526
WYF00013.asd	1762	2111.000	11848.792
WYF00013.asd	1763	2112.000	11833.497
WYF00013.asd	1764	2113.000	11818.163
WYF00013.asd	1765	2114.000	11803.033
WYF00013.asd	1766	2115.000	11789.074
WYF00013.asd	1767	2116.000	11773.239
WYF00013.asd	1768	2117.000	11755.917
WYF00013.asd	1769	2118.000	11739.993
WYF00013.asd	1770	2119.000	11723.812
WYF00013.asd	1771	2120.000	11708.138
WYF00013.asd	1772	2121.000	11693.674
WYF00013.asd	1773	2122.000	11680.647
WYF00013.asd	1774	2123.000	11665.397
WYF00013.asd	1775	2124.000	11650.173
WYF00013.asd	1776	2125.000	11635.945
WYF00013.asd	1777	2126.000	11619.013
WYF00013.asd	1778	2127.000	11602.614
WYF00013.asd	1779	2128.000	11585.363
WYF00013.asd	1780	2129.000	11566.131
WYF00013.asd	1781	2130.000	11546.927
WYF00013.asd	1782	2131.000	11526.516
WYF00013.asd	1783	2132.000	11506.396
WYF00013.asd	1784	2133.000	11487.521
WYF00013.asd	1785	2134.000	11468.701
WYF00013.asd	1786	2135.000	11450.866
WYF00013.asd	1787	2136.000	11434.286
WYF00013.asd	1788	2137.000	11418.472
WYF00013.asd	1789	2138.000	11402.897
WYF00013.asd	1790	2139.000	11389.351
WYF00013.asd	1791	2140.000	11375.956
WYF00013.asd	1792	2141.000	11361.315
WYF00013.asd	1793	2142.000	11348.331
WYF00013.asd	1794	2143.000	11334.112
WYF00013.asd	1795	2144.000	11320.212
WYF00013.asd	1796	2145.000	11309.546
WYF00013.asd	1797	2146.000	11298.928
WYF00013.asd	1798	2147.000	11287.508
WYF00013.asd	1799	2148.000	11275.197
WYF00013.asd	1800	2149.000	11263.447
WYF00013.asd	1801	2150.000	11249.968
WYF00013.asd	1802	2151.000	11234.027
WYF00013.asd	1803	2152.000	11219.069
WYF00013.asd	1804	2153.000	11203.263
WYF00013.asd	1805	2154.000	11188.033
WYF00013.asd	1806	2155.000	11172.421
WYF00013.asd	1807	2156.000	11159.377
WYF00013.asd	1808	2157.000	11145.767
WYF00013.asd	1809	2158.000	11131.762
WYF00013.asd	1810	2159.000	11118.813
WYF00013.asd	1811	2160.000	11104.887
WYF00013.asd	1812	2161.000	11091.249
WYF00013.asd	1813	2162.000	11078.342
WYF00013.asd	1814	2163.000	11066.041
WYF00013.asd	1815	2164.000	11052.625
WYF00013.asd	1816	2165.000	11038.018
WYF00013.asd	1817	2166.000	11025.649
WYF00013.asd	1818	2167.000	11013.811
WYF00013.asd	1819	2168.000	11001.853
WYF00013.asd	1820	2169.000	10990.116
WYF00013.asd	1821	2170.000	10978.605
WYF00013.asd	1822	2171.000	10967.472
WYF00013.asd	1823	2172.000	10956.565
WYF00013.asd	1824	2173.000	10944.528
WYF00013.asd	1825	2174.000	10933.171
WYF00013.asd	1826	2175.000	10920.263
WYF00013.asd	1827	2176.000	10906.149
WYF00013.asd	1828	2177.000	10889.905
WYF00013.asd	1829	2178.000	10873.684
WYF00013.asd	1830	2179.000	10858.694
WYF00013.asd	1831	2180.000	10842.399
WYF00013.asd	1832	2181.000	10826.643
WYF00013.asd	1833	2182.000	10810.216
WYF00013.asd	1834	2183.000	10791.787
WYF00013.asd	1835	2184.000	10771.977
WYF00013.asd	1836	2185.000	10749.707
WYF00013.asd	1837	2186.000	10726.671
WYF00013.asd	1838	2187.000	10703.352
WYF00013.asd	1839	2188.000	10679.227
WYF00013.asd	1840	2189.000	10656.070
WYF00013.asd	1841	2190.000	10632.126
WYF00013.asd	1842	2191.000	10607.502
WYF00013.asd	1843	2192.000	10582.057
WYF00013.asd	1844	2193.000	10555.436
WYF00013.asd	1845	2194.000	10527.352
WYF00013.asd	1846	2195.000	10497.542
WYF00013.asd	1847	2196.000	10468.632
WYF00013.asd	1848	2197.000	10438.143
WYF00013.asd	1849	2198.000	10410.322
WYF00013.asd	1850	2199.000	10383.338
WYF00013.asd	1851	2200.000	10356.442
WYF00013.asd	1852	2201.000	10330.458
WYF00013.asd	1853	2202.000	10302.803
WYF00013.asd	1854	2203.000	10276.097
WYF00013.asd	1855	2204.000	10253.403
WYF00013.asd	1856	2205.000	10231.001
WYF00013.asd	1857	2206.000	10209.922
WYF00013.asd	1858	2207.000	10189.396
WYF00013.asd	1859	2208.000	10166.375
WYF00013.asd	1860	2209.000	10143.450
WYF00013.asd	1861	2210.000	10118.561
WYF00013.asd	1862	2211.000	10093.793
WYF00013.asd	1863	2212.000	10072.008
WYF00013.asd	1864	2213.000	10050.718
WYF00013.asd	1865	2214.000	10030.005
WYF00013.asd	1866	2215.000	10006.892
WYF00013.asd	1867	2216.000	9983.796
WYF00013.asd	1868	2217.000	9957.185
WYF00013.asd	1869	2218.000	9927.349
WYF00013.asd	1870	2219.000	9896.431
WYF00013.asd	1871	2220.000	9864.159
WYF00013.asd	1872	2221.000	9830.024
WYF00013.asd	1873	2222.000	9793.937
WYF00013.asd	1874	2223.000	9757.234
WYF00013.asd	1875	2224.000	9715.953
WYF00013.asd	1876	2225.000	9671.309
WYF00013.asd	1877	2226.000	9623.495
WYF00013.asd	1878	2227.000	9570.219
WYF00013.asd	1879	2228.000	9516.434
WYF00013.asd	1880	2229.000	9459.582
WYF00013.asd	1881	2230.000	9398.787
WYF00013.asd	1882	2231.000	9339.709
WYF00013.asd	1883	2232.000	9276.739
WYF00013.asd	1884	2233.000	9209.628
WYF00013.asd	1885	2234.000	9143.739
WYF00013.asd	1886	2235.000	9070.726
WYF00013.asd	1887	2236.000	8993.154
WYF00013.asd	1888	2237.000	8917.030
WYF00013.asd	1889	2238.000	8836.327
WYF00013.asd	1890	2239.000	8757.241
WYF00013.asd	1891	2240.000	8679.937
WYF00013.asd	1892	2241.000	8599.520
WYF00013.asd	1893	2242.000	8519.418
WYF00013.asd	1894	2243.000	8438.809
WYF00013.asd	1895	2244.000	8356.107
WYF00013.asd	1896	2245.000	8271.873
WYF00013.asd	1897	2246.000	8189.293
WYF00013.asd	1898	2247.000	8105.692
WYF00013.asd	1899	2248.000	8024.283
WYF00013.asd	1900	2249.000	7943.833
WYF00013.asd	1901	2250.000	7863.826
WYF00013.asd	1902	2251.000	7785.867
WYF00013.asd	1903	2252.000	7704.972
WYF00013.asd	1904	2253.000	7624.649
WYF00013.asd	1905	2254.000	7547.966
WYF00013.asd	1906	2255.000	7470.613
WYF00013.asd	1907	2256.000	7396.949
WYF00013.asd	1908	2257.000	7323.892
WYF00013.asd	1909	2258.000	7250.063
WYF00013.asd	1910	2259.000	7179.147
WYF00013.asd	1911	2260.000	7106.211
WYF00013.asd	1912	2261.000	7034.571
WYF00013.asd	1913	2262.000	6967.959
WYF00013.asd	1914	2263.000	6902.390
WYF00013.asd	1915	2264.000	6840.632
WYF00013.asd	1916	2265.000	6780.673
WYF00013.asd	1917	2266.000	6719.618
WYF00013.asd	1918	2267.000	6661.567
WYF00013.asd	1919	2268.000	6604.240
WYF00013.asd	1920	2269.000	6548.051
WYF00013.asd	1921	2270.000	6495.312
WYF00013.asd	1922	2271.000	6444.226
WYF00013.asd	1923	2272.000	6394.313
WYF00013.asd	1924	2273.000	6346.287
WYF00013.asd	1925	2274.000	6300.259
WYF00013.asd	1926	2275.000	6257.358
WYF00013.asd	1927	2276.000	6217.743
WYF00013.asd	1928	2277.000	6176.315
WYF00013.asd	1929	2278.000	6137.161
WYF00013.asd	1930	2279.000	6097.702
WYF00013.asd	1931	2280.000	6056.014
WYF00013.asd	1932	2281.000	6017.556
WYF00013.asd	1933	2282.000	5983.027
WYF00013.asd	1934	2283.000	5946.018
WYF00013.asd	1935	2284.000	5909.509
WYF00013.asd	1936	2285.000	5870.879
WYF00013.asd	1937	2286.000	5832.300
WYF00013.asd	1938	2287.000	5791.996
WYF00013.asd	1939	2288.000	5750.913
WYF00013.asd	1940	2289.000	5710.485
WYF00013.asd	1941	2290.000	5664.207
WYF00013.asd	1942	2291.000	5617.672
WYF00013.asd	1943	2292.000	5573.506
WYF00013.asd	1944	2293.000	5524.992
WYF00013.asd	1945	2294.000	5476.518
WYF00013.asd	1946	2295.000	5428.052
WYF00013.asd	1947	2296.000	5374.481
WYF00013.asd	1948	2297.000	5323.596
WYF00013.asd	1949	2298.000	5272.939
WYF00013.asd	1950	2299.000	5219.700
WYF00013.asd	1951	2300.000	5170.108
WYF00013.asd	1952	2301.000	5118.986
WYF00013.asd	1953	2302.000	5071.291
WYF00013.asd	1954	2303.000	5031.457
WYF00013.asd	1955	2304.000	4993.071
WYF00013.asd	1956	2305.000	4957.420
WYF00013.asd	1957	2306.000	4923.204
WYF00013.asd	1958	2307.000	4887.166
WYF00013.asd	1959	2308.000	4854.652
WYF00013.asd	1960	2309.000	4823.473
WYF00013.asd	1961	2310.000	4794.352
WYF00013.asd	1962	2311.000	4768.217
WYF00013.asd	1963	2312.000	4743.157
WYF00013.asd	1964	2313.000	4720.140
WYF00013.asd	1965	2314.000	4696.759
WYF00013.asd	1966	2315.000	4674.330
WYF00013.asd	1967	2316.000	4652.599
WYF00013.asd	1968	2317.000	4632.398
WYF00013.asd	1969	2318.000	4608.901
WYF00013.asd	1970	2319.000	4585.975
WYF00013.asd	1971	2320.000	4560.751
WYF00013.asd	1972	2321.000	4533.612
WYF00013.asd	1973	2322.000	4503.807
WYF00013.asd	1974	2323.000	4471.818
WYF00013.asd	1975	2324.000	4439.207
WYF00013.asd	1976	2325.000	4402.698
WYF00013.asd	1977	2326.000	4367.534
WYF00013.asd	1978	2327.000	4332.099
WYF00013.asd	1979	2328.000	4297.739
WYF00013.asd	1980	2329.000	4266.693
WYF00013.asd	1981	2330.000	4230.055
WYF00013.asd	1982	2331.000	4190.130
WYF00013.asd	1983	2332.000	4152.085
WYF00013.asd	1984	2333.000	4109.876
WYF00013.asd	1985	2334.000	4069.708
WYF00013.asd	1986	2335.000	4032.403
WYF00013.asd	1987	2336.000	3995.792
WYF00013.asd	1988	2337.000	3955.229
WYF00013.asd	1989	2338.000	3917.003
WYF00013.asd	1990	2339.000	3878.020
WYF00013.asd	1991	2340.000	3838.583
WYF00013.asd	1992	2341.000	3801.685
WYF00013.asd	1993	2342.000	3763.490
WYF00013.asd	1994	2343.000	3728.030
WYF00013.asd	1995	2344.000	3694.887
WYF00013.asd	1996	2345.000	3660.773
WYF00013.asd	1997	2346.000	3628.418
WYF00013.asd	1998	2347.000	3597.439
WYF00013.asd	1999	2348.000	3566.476
WYF00013.asd	2000	2349.000	3537.042
WYF00013.asd	2001	2350.000	3509.429
WYF00013.asd	2002	2351.000	3483.227
WYF00013.asd	2003	2352.000	3458.644
WYF00013.asd	2004	2353.000	3436.082
WYF00013.asd	2005	2354.000	3413.862
WYF00013.asd	2006	2355.000	3390.897
WYF00013.asd	2007	2356.000	3367.979
WYF00013.asd	2008	2357.000	3344.018
WYF00013.asd	2009	2358.000	3319.621
WYF00013.asd	2010	2359.000	3296.015
WYF00013.asd	2011	2360.000	3271.747
WYF00013.asd	2012	2361.000	3246.649
WYF00013.asd	2013	2362.000	3221.565
WYF00013.asd	2014	2363.000	3195.181
WYF00013.asd	2015	2364.000	3168.942
WYF00013.asd	2016	2365.000	3142.707
WYF00013.asd	2017	2366.000	3115.361
WYF00013.asd	2018	2367.000	3089.205
WYF00013.asd	2019	2368.000	3062.004
WYF00013.asd	2020	2369.000	3033.985
WYF00013.asd	2021	2370.000	3008.457
WYF00013.asd	2022	2371.000	2981.791
WYF00013.asd	2023	2372.000	2953.931
WYF00013.asd	2024	2373.000	2927.975
WYF00013.asd	2025	2374.000	2903.182
WYF00013.asd	2026	2375.000	2876.860
WYF00013.asd	2027	2376.000	2850.688
WYF00013.asd	2028	2377.000	2825.713
WYF00013.asd	2029	2378.000	2801.406
WYF00013.asd	2030	2379.000	2774.828
WYF00013.asd	2031	2380.000	2747.707
WYF00013.asd	2032	2381.000	2721.789
WYF00013.asd	2033	2382.000	2693.695
WYF00013.asd	2034	2383.000	2667.682
WYF00013.asd	2035	2384.000	2644.570
WYF00013.asd	2036	2385.000	2620.144
WYF00013.asd	2037	2386.000	2595.869
WYF00013.asd	2038	2387.000	2570.107
WYF00013.asd	2039	2388.000	2543.916
WYF00013.asd	2040	2389.000	2517.704
WYF00013.asd	2041	2390.000	2488.990
WYF00013.asd	2042	2391.000	2462.648
WYF00013.asd	2043	2392.000	2438.662
WYF00013.asd	2044	2393.000	2413.415
WYF00013.asd	2045	2394.000	2387.827
WYF00013.asd	2046	2395.000	2363.166
WYF00013.asd	2047	2396.000	2339.180
WYF00013.asd	2048	2397.000	2313.506
WYF00013.asd	2049	2398.000	2287.132
WYF00013.asd	2050	2399.000	2261.810
WYF00013.asd	2051	2400.000	2235.786
WYF00013.asd	2052	2401.000	2210.607
WYF00013.asd	2053	2402.000	2187.553
WYF00013.asd	2054	2403.000	2162.123
WYF00013.asd	2055	2404.000	2134.512
WYF00013.asd	2056	2405.000	2109.472
WYF00013.asd	2057	2406.000	2085.739
WYF00013.asd	2058	2407.000	2059.770
WYF00013.asd	2059	2408.000	2033.949
WYF00013.asd	2060	2409.000	2007.380
WYF00013.asd	2061	2410.000	1978.512
WYF00013.asd	2062	2411.000	1951.688
WYF00013.asd	2063	2412.000	1926.000
WYF00013.asd	2064	2413.000	1900.536
WYF00013.asd	2065	2414.000	1875.243
WYF00013.asd	2066	2415.000	1849.320
WYF00013.asd	2067	2416.000	1823.196
WYF00013.asd	2068	2417.000	1798.943
WYF00013.asd	2069	2418.000	1775.753
WYF00013.asd	2070	2419.000	1751.301
WYF00013.asd	2071	2420.000	1727.761
WYF00013.asd	2072	2421.000	1703.900
WYF00013.asd	2073	2422.000	1677.611
WYF00013.asd	2074	2423.000	1653.805
WYF00013.asd	2075	2424.000	1632.597
WYF00013.asd	2076	2425.000	1609.573
WYF00013.asd	2077	2426.000	1586.498
WYF00013.asd	2078	2427.000	1563.086
WYF00013.asd	2079	2428.000	1538.942
WYF00013.asd	2080	2429.000	1515.184
WYF00013.asd	2081	2430.000	1491.053
WYF00013.asd	2082	2431.000	1467.798
WYF00013.asd	2083	2432.000	1445.088
WYF00013.asd	2084	2433.000	1422.175
WYF00013.asd	2085	2434.000	1399.380
WYF00013.asd	2086	2435.000	1377.382
WYF00013.asd	2087	2436.000	1355.051
WYF00013.asd	2088	2437.000	1334.557
WYF00013.asd	2089	2438.000	1316.229
WYF00013.asd	2090	2439.000	1295.553
WYF00013.asd	2091	2440.000	1274.733
WYF00013.asd	2092	2441.000	1254.264
WYF00013.asd	2093	2442.000	1232.740
WYF00013.asd	2094	2443.000	1211.972
WYF00013.asd	2095	2444.000	1191.888
WYF00013.asd	2096	2445.000	1172.375
WYF00013.asd	2097	2446.000	1152.552
WYF00013.asd	2098	2447.000	1133.365
WYF00013.asd	2099	2448.000	1115.931
WYF00013.asd	2100	2449.000	1095.363
WYF00013.asd	2101	2450.000	1076.171
WYF00013.asd	2102	2451.000	1059.136
WYF00013.asd	2103	2452.000	1040.710
WYF00013.asd	2104	2453.000	1025.068
WYF00013.asd	2105	2454.000	1010.705
WYF00013.asd	2106	2455.000	995.540
WYF00013.asd	2107	2456.000	980.060
WYF00013.asd	2108	2457.000	964.101
WYF00013.asd	2109	2458.000	948.010
WYF00013.asd	2110	2459.000	932.469
WYF00013.asd	2111	2460.000	916.990
WYF00013.asd	2112	2461.000	902.211
WYF00013.asd	2113	2462.000	886.994
WYF00013.asd	2114	2463.000	870.281
WYF00013.asd	2115	2464.000	855.534
WYF00013.asd	2116	2465.000	842.991
WYF00013.asd	2117	2466.000	828.589
WYF00013.asd	2118	2467.000	813.696
WYF00013.asd	2119	2468.000	799.998
WYF00013.asd	2120	2469.000	785.130
WYF00013.asd	2121	2470.000	771.274
WYF00013.asd	2122	2471.000	759.261
WYF00013.asd	2123	2472.000	747.389
WYF00013.asd	2124	2473.000	735.394
WYF00013.asd	2125	2474.000	724.029
WYF00013.asd	2126	2475.000	714.000
WYF00013.asd	2127	2476.000	703.545
WYF00013.asd	2128	2477.000	693.630
WYF00013.asd	2129	2478.000	682.452
WYF00013.asd	2130	2479.000	670.251
WYF00013.asd	2131	2480.000	658.889
WYF00013.asd	2132	2481.000	646.835
WYF00013.asd	2133	2482.000	635.497
WYF00013.asd	2134	2483.000	626.163
WYF00013.asd	2135	2484.000	614.508
WYF00013.asd	2136	2485.000	600.623
WYF00013.asd	2137	2486.000	589.148
WYF00013.asd	2138	2487.000	577.996
WYF00013.asd	2139	2488.000	566.692
WYF00013.asd	2140	2489.000	556.903
WYF00013.asd	2141	2490.000	546.403
WYF00013.asd	2142	2491.000	534.683
WYF00013.asd	2143	2492.000	523.947
WYF00013.asd	2144	2493.000	514.330
WYF00013.asd	2145	2494.000	503.927
WYF00013.asd	2146	2495.000	492.889
WYF00013.asd	2147	2496.000	482.696
WYF00013.asd	2148	2497.000	473.208
WYF00013.asd	2149	2498.000	462.438
WYF00013.asd	2150	2499.000	451.417
WYF00013.asd	2151	2500.000	440.578
