WYF00014.asd	1	350.000	18.957
WYF00014.asd	2	351.000	19.191
WYF00014.asd	3	352.000	18.107
WYF00014.asd	4	353.000	18.817
WYF00014.asd	5	354.000	20.373
WYF00014.asd	6	355.000	20.288
WYF00014.asd	7	356.000	19.049
WYF00014.asd	8	357.000	20.109
WYF00014.asd	9	358.000	21.112
WYF00014.asd	10	359.000	21.733
WYF00014.asd	11	360.000	22.554
WYF00014.asd	12	361.000	25.144
WYF00014.asd	13	362.000	25.841
WYF00014.asd	14	363.000	25.827
WYF00014.asd	15	364.000	26.874
WYF00014.asd	16	365.000	28.466
WYF00014.asd	17	366.000	28.969
WYF00014.asd	18	367.000	29.031
WYF00014.asd	19	368.000	29.947
WYF00014.asd	20	369.000	30.489
WYF00014.asd	21	370.000	32.431
WYF00014.asd	22	371.000	34.569
WYF00014.asd	23	372.000	34.105
WYF00014.asd	24	373.000	36.237
WYF00014.asd	25	374.000	37.650
WYF00014.asd	26	375.000	37.092
WYF00014.asd	27	376.000	37.328
WYF00014.asd	28	377.000	38.085
WYF00014.asd	29	378.000	39.281
WYF00014.asd	30	379.000	40.428
WYF00014.asd	31	380.000	39.969
WYF00014.asd	32	381.000	40.910
WYF00014.asd	33	382.000	42.667
WYF00014.asd	34	383.000	43.540
WYF00014.asd	35	384.000	42.841
WYF00014.asd	36	385.000	45.091
WYF00014.asd	37	386.000	48.393
WYF00014.asd	38	387.000	47.607
WYF00014.asd	39	388.000	49.872
WYF00014.asd	40	389.000	50.732
WYF00014.asd	41	390.000	49.552
WYF00014.asd	42	391.000	51.680
WYF00014.asd	43	392.000	53.295
WYF00014.asd	44	393.000	54.156
WYF00014.asd	45	394.000	54.909
WYF00014.asd	46	395.000	56.480
WYF00014.asd	47	396.000	58.541
WYF00014.asd	48	397.000	59.456
WYF00014.asd	49	398.000	58.676
WYF00014.asd	50	399.000	62.813
WYF00014.asd	51	400.000	65.440
WYF00014.asd	52	401.000	65.696
WYF00014.asd	53	402.000	67.021
WYF00014.asd	54	403.000	68.906
WYF00014.asd	55	404.000	70.575
WYF00014.asd	56	405.000	72.226
WYF00014.asd	57	406.000	75.470
WYF00014.asd	58	407.000	77.227
WYF00014.asd	59	408.000	78.319
WYF00014.asd	60	409.000	80.401
WYF00014.asd	61	410.000	84.845
WYF00014.asd	62	411.000	87.402
WYF00014.asd	63	412.000	88.905
WYF00014.asd	64	413.000	92.072
WYF00014.asd	65	414.000	95.403
WYF00014.asd	66	415.000	99.416
WYF00014.asd	67	416.000	103.097
WYF00014.asd	68	417.000	104.377
WYF00014.asd	69	418.000	109.486
WYF00014.asd	70	419.000	115.547
WYF00014.asd	71	420.000	119.738
WYF00014.asd	72	421.000	122.320
WYF00014.asd	73	422.000	127.690
WYF00014.asd	74	423.000	134.288
WYF00014.asd	75	424.000	139.172
WYF00014.asd	76	425.000	142.736
WYF00014.asd	77	426.000	147.161
WYF00014.asd	78	427.000	153.430
WYF00014.asd	79	428.000	161.165
WYF00014.asd	80	429.000	166.773
WYF00014.asd	81	430.000	172.666
WYF00014.asd	82	431.000	179.206
WYF00014.asd	83	432.000	182.625
WYF00014.asd	84	433.000	189.423
WYF00014.asd	85	434.000	197.836
WYF00014.asd	86	435.000	204.922
WYF00014.asd	87	436.000	211.303
WYF00014.asd	88	437.000	218.923
WYF00014.asd	89	438.000	226.284
WYF00014.asd	90	439.000	231.140
WYF00014.asd	91	440.000	240.446
WYF00014.asd	92	441.000	249.641
WYF00014.asd	93	442.000	256.800
WYF00014.asd	94	443.000	264.489
WYF00014.asd	95	444.000	272.835
WYF00014.asd	96	445.000	281.510
WYF00014.asd	97	446.000	289.952
WYF00014.asd	98	447.000	297.430
WYF00014.asd	99	448.000	304.734
WYF00014.asd	100	449.000	311.933
WYF00014.asd	101	450.000	318.924
WYF00014.asd	102	451.000	326.672
WYF00014.asd	103	452.000	334.633
WYF00014.asd	104	453.000	342.335
WYF00014.asd	105	454.000	349.570
WYF00014.asd	106	455.000	357.027
WYF00014.asd	107	456.000	364.875
WYF00014.asd	108	457.000	372.448
WYF00014.asd	109	458.000	377.114
WYF00014.asd	110	459.000	382.549
WYF00014.asd	111	460.000	388.204
WYF00014.asd	112	461.000	392.434
WYF00014.asd	113	462.000	398.569
WYF00014.asd	114	463.000	403.549
WYF00014.asd	115	464.000	406.998
WYF00014.asd	116	465.000	411.679
WYF00014.asd	117	466.000	418.210
WYF00014.asd	118	467.000	424.084
WYF00014.asd	119	468.000	427.777
WYF00014.asd	120	469.000	431.504
WYF00014.asd	121	470.000	436.907
WYF00014.asd	122	471.000	443.007
WYF00014.asd	123	472.000	447.874
WYF00014.asd	124	473.000	451.612
WYF00014.asd	125	474.000	457.725
WYF00014.asd	126	475.000	465.257
WYF00014.asd	127	476.000	468.718
WYF00014.asd	128	477.000	473.910
WYF00014.asd	129	478.000	479.339
WYF00014.asd	130	479.000	483.682
WYF00014.asd	131	480.000	490.042
WYF00014.asd	132	481.000	495.037
WYF00014.asd	133	482.000	499.451
WYF00014.asd	134	483.000	505.497
WYF00014.asd	135	484.000	511.670
WYF00014.asd	136	485.000	517.959
WYF00014.asd	137	486.000	524.538
WYF00014.asd	138	487.000	531.663
WYF00014.asd	139	488.000	539.067
WYF00014.asd	140	489.000	547.063
WYF00014.asd	141	490.000	555.933
WYF00014.asd	142	491.000	565.466
WYF00014.asd	143	492.000	576.235
WYF00014.asd	144	493.000	587.790
WYF00014.asd	145	494.000	599.295
WYF00014.asd	146	495.000	611.236
WYF00014.asd	147	496.000	623.551
WYF00014.asd	148	497.000	636.941
WYF00014.asd	149	498.000	653.096
WYF00014.asd	150	499.000	670.016
WYF00014.asd	151	500.000	686.900
WYF00014.asd	152	501.000	703.731
WYF00014.asd	153	502.000	721.756
WYF00014.asd	154	503.000	741.116
WYF00014.asd	155	504.000	762.959
WYF00014.asd	156	505.000	788.246
WYF00014.asd	157	506.000	811.226
WYF00014.asd	158	507.000	833.640
WYF00014.asd	159	508.000	858.016
WYF00014.asd	160	509.000	886.652
WYF00014.asd	161	510.000	914.779
WYF00014.asd	162	511.000	943.880
WYF00014.asd	163	512.000	976.152
WYF00014.asd	164	513.000	1008.535
WYF00014.asd	165	514.000	1042.239
WYF00014.asd	166	515.000	1077.621
WYF00014.asd	167	516.000	1114.214
WYF00014.asd	168	517.000	1150.691
WYF00014.asd	169	518.000	1189.106
WYF00014.asd	170	519.000	1229.796
WYF00014.asd	171	520.000	1268.464
WYF00014.asd	172	521.000	1308.641
WYF00014.asd	173	522.000	1349.882
WYF00014.asd	174	523.000	1390.582
WYF00014.asd	175	524.000	1431.115
WYF00014.asd	176	525.000	1471.212
WYF00014.asd	177	526.000	1510.938
WYF00014.asd	178	527.000	1550.699
WYF00014.asd	179	528.000	1590.115
WYF00014.asd	180	529.000	1629.986
WYF00014.asd	181	530.000	1670.195
WYF00014.asd	182	531.000	1707.597
WYF00014.asd	183	532.000	1743.983
WYF00014.asd	184	533.000	1781.790
WYF00014.asd	185	534.000	1822.807
WYF00014.asd	186	535.000	1861.398
WYF00014.asd	187	536.000	1900.829
WYF00014.asd	188	537.000	1942.180
WYF00014.asd	189	538.000	1982.468
WYF00014.asd	190	539.000	2023.557
WYF00014.asd	191	540.000	2065.973
WYF00014.asd	192	541.000	2109.869
WYF00014.asd	193	542.000	2155.351
WYF00014.asd	194	543.000	2202.093
WYF00014.asd	195	544.000	2249.336
WYF00014.asd	196	545.000	2296.362
WYF00014.asd	197	546.000	2346.238
WYF00014.asd	198	547.000	2397.231
WYF00014.asd	199	548.000	2448.030
WYF00014.asd	200	549.000	2499.362
WYF00014.asd	201	550.000	2551.986
WYF00014.asd	202	551.000	2607.343
WYF00014.asd	203	552.000	2666.001
WYF00014.asd	204	553.000	2723.456
WYF00014.asd	205	554.000	2781.658
WYF00014.asd	206	555.000	2842.150
WYF00014.asd	207	556.000	2905.504
WYF00014.asd	208	557.000	2967.089
WYF00014.asd	209	558.000	3029.134
WYF00014.asd	210	559.000	3092.617
WYF00014.asd	211	560.000	3151.207
WYF00014.asd	212	561.000	3208.150
WYF00014.asd	213	562.000	3263.325
WYF00014.asd	214	563.000	3314.892
WYF00014.asd	215	564.000	3361.787
WYF00014.asd	216	565.000	3402.678
WYF00014.asd	217	566.000	3437.258
WYF00014.asd	218	567.000	3466.626
WYF00014.asd	219	568.000	3490.490
WYF00014.asd	220	569.000	3507.307
WYF00014.asd	221	570.000	3516.532
WYF00014.asd	222	571.000	3522.317
WYF00014.asd	223	572.000	3524.634
WYF00014.asd	224	573.000	3526.571
WYF00014.asd	225	574.000	3533.326
WYF00014.asd	226	575.000	3544.217
WYF00014.asd	227	576.000	3560.414
WYF00014.asd	228	577.000	3580.422
WYF00014.asd	229	578.000	3597.148
WYF00014.asd	230	579.000	3611.518
WYF00014.asd	231	580.000	3619.844
WYF00014.asd	232	581.000	3618.940
WYF00014.asd	233	582.000	3615.926
WYF00014.asd	234	583.000	3618.822
WYF00014.asd	235	584.000	3628.493
WYF00014.asd	236	585.000	3637.785
WYF00014.asd	237	586.000	3649.507
WYF00014.asd	238	587.000	3660.278
WYF00014.asd	239	588.000	3666.132
WYF00014.asd	240	589.000	3664.694
WYF00014.asd	241	590.000	3663.600
WYF00014.asd	242	591.000	3663.963
WYF00014.asd	243	592.000	3664.300
WYF00014.asd	244	593.000	3678.995
WYF00014.asd	245	594.000	3700.955
WYF00014.asd	246	595.000	3724.367
WYF00014.asd	247	596.000	3750.528
WYF00014.asd	248	597.000	3778.793
WYF00014.asd	249	598.000	3807.977
WYF00014.asd	250	599.000	3837.182
WYF00014.asd	251	600.000	3867.072
WYF00014.asd	252	601.000	3901.612
WYF00014.asd	253	602.000	3938.053
WYF00014.asd	254	603.000	3967.634
WYF00014.asd	255	604.000	3992.066
WYF00014.asd	256	605.000	4012.782
WYF00014.asd	257	606.000	4029.872
WYF00014.asd	258	607.000	4039.187
WYF00014.asd	259	608.000	4046.289
WYF00014.asd	260	609.000	4055.117
WYF00014.asd	261	610.000	4067.423
WYF00014.asd	262	611.000	4075.788
WYF00014.asd	263	612.000	4083.476
WYF00014.asd	264	613.000	4092.146
WYF00014.asd	265	614.000	4099.892
WYF00014.asd	266	615.000	4103.610
WYF00014.asd	267	616.000	4104.557
WYF00014.asd	268	617.000	4105.252
WYF00014.asd	269	618.000	4108.198
WYF00014.asd	270	619.000	4104.544
WYF00014.asd	271	620.000	4096.916
WYF00014.asd	272	621.000	4095.868
WYF00014.asd	273	622.000	4095.247
WYF00014.asd	274	623.000	4091.562
WYF00014.asd	275	624.000	4085.264
WYF00014.asd	276	625.000	4084.276
WYF00014.asd	277	626.000	4083.559
WYF00014.asd	278	627.000	4080.645
WYF00014.asd	279	628.000	4075.237
WYF00014.asd	280	629.000	4074.098
WYF00014.asd	281	630.000	4072.467
WYF00014.asd	282	631.000	4067.691
WYF00014.asd	283	632.000	4060.328
WYF00014.asd	284	633.000	4050.582
WYF00014.asd	285	634.000	4038.770
WYF00014.asd	286	635.000	4024.511
WYF00014.asd	287	636.000	4005.614
WYF00014.asd	288	637.000	3981.264
WYF00014.asd	289	638.000	3952.323
WYF00014.asd	290	639.000	3920.438
WYF00014.asd	291	640.000	3884.290
WYF00014.asd	292	641.000	3843.344
WYF00014.asd	293	642.000	3799.597
WYF00014.asd	294	643.000	3758.995
WYF00014.asd	295	644.000	3715.007
WYF00014.asd	296	645.000	3669.794
WYF00014.asd	297	646.000	3627.307
WYF00014.asd	298	647.000	3586.490
WYF00014.asd	299	648.000	3549.943
WYF00014.asd	300	649.000	3517.313
WYF00014.asd	301	650.000	3486.017
WYF00014.asd	302	651.000	3460.916
WYF00014.asd	303	652.000	3438.766
WYF00014.asd	304	653.000	3417.042
WYF00014.asd	305	654.000	3398.522
WYF00014.asd	306	655.000	3378.360
WYF00014.asd	307	656.000	3356.602
WYF00014.asd	308	657.000	3334.436
WYF00014.asd	309	658.000	3306.335
WYF00014.asd	310	659.000	3276.305
WYF00014.asd	311	660.000	3245.796
WYF00014.asd	312	661.000	3212.484
WYF00014.asd	313	662.000	3180.093
WYF00014.asd	314	663.000	3146.196
WYF00014.asd	315	664.000	3110.070
WYF00014.asd	316	665.000	3080.557
WYF00014.asd	317	666.000	3054.127
WYF00014.asd	318	667.000	3030.502
WYF00014.asd	319	668.000	3011.233
WYF00014.asd	320	669.000	2996.502
WYF00014.asd	321	670.000	2986.921
WYF00014.asd	322	671.000	2981.729
WYF00014.asd	323	672.000	2977.869
WYF00014.asd	324	673.000	2980.899
WYF00014.asd	325	674.000	2989.745
WYF00014.asd	326	675.000	3002.213
WYF00014.asd	327	676.000	3020.812
WYF00014.asd	328	677.000	3042.604
WYF00014.asd	329	678.000	3068.529
WYF00014.asd	330	679.000	3102.504
WYF00014.asd	331	680.000	3142.552
WYF00014.asd	332	681.000	3191.368
WYF00014.asd	333	682.000	3252.650
WYF00014.asd	334	683.000	3330.497
WYF00014.asd	335	684.000	3425.646
WYF00014.asd	336	685.000	3539.347
WYF00014.asd	337	686.000	3673.651
WYF00014.asd	338	687.000	3834.065
WYF00014.asd	339	688.000	4019.480
WYF00014.asd	340	689.000	4229.528
WYF00014.asd	341	690.000	4465.079
WYF00014.asd	342	691.000	4728.751
WYF00014.asd	343	692.000	5015.156
WYF00014.asd	344	693.000	5320.087
WYF00014.asd	345	694.000	5646.897
WYF00014.asd	346	695.000	5992.563
WYF00014.asd	347	696.000	6356.136
WYF00014.asd	348	697.000	6736.839
WYF00014.asd	349	698.000	7129.409
WYF00014.asd	350	699.000	7532.476
WYF00014.asd	351	700.000	7945.240
WYF00014.asd	352	701.000	8367.092
WYF00014.asd	353	702.000	8793.088
WYF00014.asd	354	703.000	9222.878
WYF00014.asd	355	704.000	9655.998
WYF00014.asd	356	705.000	10087.735
WYF00014.asd	357	706.000	10519.875
WYF00014.asd	358	707.000	10951.966
WYF00014.asd	359	708.000	11382.612
WYF00014.asd	360	709.000	11812.988
WYF00014.asd	361	710.000	12244.228
WYF00014.asd	362	711.000	12674.130
WYF00014.asd	363	712.000	13095.974
WYF00014.asd	364	713.000	13514.252
WYF00014.asd	365	714.000	13933.126
WYF00014.asd	366	715.000	14354.047
WYF00014.asd	367	716.000	14769.925
WYF00014.asd	368	717.000	15181.783
WYF00014.asd	369	718.000	15591.335
WYF00014.asd	370	719.000	16000.201
WYF00014.asd	371	720.000	16404.693
WYF00014.asd	372	721.000	16805.579
WYF00014.asd	373	722.000	17204.581
WYF00014.asd	374	723.000	17604.120
WYF00014.asd	375	724.000	17997.432
WYF00014.asd	376	725.000	18383.318
WYF00014.asd	377	726.000	18763.627
WYF00014.asd	378	727.000	19143.786
WYF00014.asd	379	728.000	19524.413
WYF00014.asd	380	729.000	19900.258
WYF00014.asd	381	730.000	20263.289
WYF00014.asd	382	731.000	20619.134
WYF00014.asd	383	732.000	20966.733
WYF00014.asd	384	733.000	21307.840
WYF00014.asd	385	734.000	21649.925
WYF00014.asd	386	735.000	21983.020
WYF00014.asd	387	736.000	22307.799
WYF00014.asd	388	737.000	22626.699
WYF00014.asd	389	738.000	22936.453
WYF00014.asd	390	739.000	23239.003
WYF00014.asd	391	740.000	23533.482
WYF00014.asd	392	741.000	23818.455
WYF00014.asd	393	742.000	24106.560
WYF00014.asd	394	743.000	24381.952
WYF00014.asd	395	744.000	24640.102
WYF00014.asd	396	745.000	24898.539
WYF00014.asd	397	746.000	25154.407
WYF00014.asd	398	747.000	25410.799
WYF00014.asd	399	748.000	25667.431
WYF00014.asd	400	749.000	25908.744
WYF00014.asd	401	750.000	26148.018
WYF00014.asd	402	751.000	26383.364
WYF00014.asd	403	752.000	26605.233
WYF00014.asd	404	753.000	26822.053
WYF00014.asd	405	754.000	27041.337
WYF00014.asd	406	755.000	27260.453
WYF00014.asd	407	756.000	27463.812
WYF00014.asd	408	757.000	27658.442
WYF00014.asd	409	758.000	27852.045
WYF00014.asd	410	759.000	28046.629
WYF00014.asd	411	760.000	28225.765
WYF00014.asd	412	761.000	28405.278
WYF00014.asd	413	762.000	28586.918
WYF00014.asd	414	763.000	28763.686
WYF00014.asd	415	764.000	28924.953
WYF00014.asd	416	765.000	29073.477
WYF00014.asd	417	766.000	29214.681
WYF00014.asd	418	767.000	29355.120
WYF00014.asd	419	768.000	29495.761
WYF00014.asd	420	769.000	29635.063
WYF00014.asd	421	770.000	29770.407
WYF00014.asd	422	771.000	29898.042
WYF00014.asd	423	772.000	30024.519
WYF00014.asd	424	773.000	30147.739
WYF00014.asd	425	774.000	30263.483
WYF00014.asd	426	775.000	30376.728
WYF00014.asd	427	776.000	30477.704
WYF00014.asd	428	777.000	30570.666
WYF00014.asd	429	778.000	30670.713
WYF00014.asd	430	779.000	30763.582
WYF00014.asd	431	780.000	30853.373
WYF00014.asd	432	781.000	30939.311
WYF00014.asd	433	782.000	31006.649
WYF00014.asd	434	783.000	31081.262
WYF00014.asd	435	784.000	31151.715
WYF00014.asd	436	785.000	31205.906
WYF00014.asd	437	786.000	31272.697
WYF00014.asd	438	787.000	31330.398
WYF00014.asd	439	788.000	31370.827
WYF00014.asd	440	789.000	31397.320
WYF00014.asd	441	790.000	31427.509
WYF00014.asd	442	791.000	31457.561
WYF00014.asd	443	792.000	31485.314
WYF00014.asd	444	793.000	31513.125
WYF00014.asd	445	794.000	31532.738
WYF00014.asd	446	795.000	31547.566
WYF00014.asd	447	796.000	31561.234
WYF00014.asd	448	797.000	31573.461
WYF00014.asd	449	798.000	31564.609
WYF00014.asd	450	799.000	31545.229
WYF00014.asd	451	800.000	31532.059
WYF00014.asd	452	801.000	31508.764
WYF00014.asd	453	802.000	31509.197
WYF00014.asd	454	803.000	31523.118
WYF00014.asd	455	804.000	31511.503
WYF00014.asd	456	805.000	31500.572
WYF00014.asd	457	806.000	31481.220
WYF00014.asd	458	807.000	31453.158
WYF00014.asd	459	808.000	31432.860
WYF00014.asd	460	809.000	31402.865
WYF00014.asd	461	810.000	31364.500
WYF00014.asd	462	811.000	31323.135
WYF00014.asd	463	812.000	31281.986
WYF00014.asd	464	813.000	31245.717
WYF00014.asd	465	814.000	31202.528
WYF00014.asd	466	815.000	31142.485
WYF00014.asd	467	816.000	31096.529
WYF00014.asd	468	817.000	31050.377
WYF00014.asd	469	818.000	31000.428
WYF00014.asd	470	819.000	30951.822
WYF00014.asd	471	820.000	30899.800
WYF00014.asd	472	821.000	30850.531
WYF00014.asd	473	822.000	30800.206
WYF00014.asd	474	823.000	30731.613
WYF00014.asd	475	824.000	30665.825
WYF00014.asd	476	825.000	30594.994
WYF00014.asd	477	826.000	30513.696
WYF00014.asd	478	827.000	30436.968
WYF00014.asd	479	828.000	30357.456
WYF00014.asd	480	829.000	30277.325
WYF00014.asd	481	830.000	30196.969
WYF00014.asd	482	831.000	30097.358
WYF00014.asd	483	832.000	29995.759
WYF00014.asd	484	833.000	29897.552
WYF00014.asd	485	834.000	29799.668
WYF00014.asd	486	835.000	29699.761
WYF00014.asd	487	836.000	29601.021
WYF00014.asd	488	837.000	29503.467
WYF00014.asd	489	838.000	29403.707
WYF00014.asd	490	839.000	29305.805
WYF00014.asd	491	840.000	29204.514
WYF00014.asd	492	841.000	29096.529
WYF00014.asd	493	842.000	28984.201
WYF00014.asd	494	843.000	28874.015
WYF00014.asd	495	844.000	28762.436
WYF00014.asd	496	845.000	28647.840
WYF00014.asd	497	846.000	28542.494
WYF00014.asd	498	847.000	28432.717
WYF00014.asd	499	848.000	28320.195
WYF00014.asd	500	849.000	28210.946
WYF00014.asd	501	850.000	28101.052
WYF00014.asd	502	851.000	27992.213
WYF00014.asd	503	852.000	27877.319
WYF00014.asd	504	853.000	27748.434
WYF00014.asd	505	854.000	27631.016
WYF00014.asd	506	855.000	27513.747
WYF00014.asd	507	856.000	27391.643
WYF00014.asd	508	857.000	27268.908
WYF00014.asd	509	858.000	27138.337
WYF00014.asd	510	859.000	27005.772
WYF00014.asd	511	860.000	26878.122
WYF00014.asd	512	861.000	26760.072
WYF00014.asd	513	862.000	26628.762
WYF00014.asd	514	863.000	26495.370
WYF00014.asd	515	864.000	26367.875
WYF00014.asd	516	865.000	26228.588
WYF00014.asd	517	866.000	26084.801
WYF00014.asd	518	867.000	25945.155
WYF00014.asd	519	868.000	25813.819
WYF00014.asd	520	869.000	25678.968
WYF00014.asd	521	870.000	25543.066
WYF00014.asd	522	871.000	25404.415
WYF00014.asd	523	872.000	25260.213
WYF00014.asd	524	873.000	25110.194
WYF00014.asd	525	874.000	24962.146
WYF00014.asd	526	875.000	24819.079
WYF00014.asd	527	876.000	24679.326
WYF00014.asd	528	877.000	24536.746
WYF00014.asd	529	878.000	24391.884
WYF00014.asd	530	879.000	24243.915
WYF00014.asd	531	880.000	24091.783
WYF00014.asd	532	881.000	23951.374
WYF00014.asd	533	882.000	23806.245
WYF00014.asd	534	883.000	23652.913
WYF00014.asd	535	884.000	23507.734
WYF00014.asd	536	885.000	23351.843
WYF00014.asd	537	886.000	23189.656
WYF00014.asd	538	887.000	23030.239
WYF00014.asd	539	888.000	22882.080
WYF00014.asd	540	889.000	22733.451
WYF00014.asd	541	890.000	22576.439
WYF00014.asd	542	891.000	22411.015
WYF00014.asd	543	892.000	22250.628
WYF00014.asd	544	893.000	22095.071
WYF00014.asd	545	894.000	21943.891
WYF00014.asd	546	895.000	21794.638
WYF00014.asd	547	896.000	21641.204
WYF00014.asd	548	897.000	21486.724
WYF00014.asd	549	898.000	21330.058
WYF00014.asd	550	899.000	21171.546
WYF00014.asd	551	900.000	21022.206
WYF00014.asd	552	901.000	20868.093
WYF00014.asd	553	902.000	20710.201
WYF00014.asd	554	903.000	20555.910
WYF00014.asd	555	904.000	20407.005
WYF00014.asd	556	905.000	20258.374
WYF00014.asd	557	906.000	20103.975
WYF00014.asd	558	907.000	19939.734
WYF00014.asd	559	908.000	19770.223
WYF00014.asd	560	909.000	19607.245
WYF00014.asd	561	910.000	19449.408
WYF00014.asd	562	911.000	19286.831
WYF00014.asd	563	912.000	19117.743
WYF00014.asd	564	913.000	18953.024
WYF00014.asd	565	914.000	18789.825
WYF00014.asd	566	915.000	18617.476
WYF00014.asd	567	916.000	18456.012
WYF00014.asd	568	917.000	18289.133
WYF00014.asd	569	918.000	18118.409
WYF00014.asd	570	919.000	17960.584
WYF00014.asd	571	920.000	17796.472
WYF00014.asd	572	921.000	17627.713
WYF00014.asd	573	922.000	17457.312
WYF00014.asd	574	923.000	17286.943
WYF00014.asd	575	924.000	17116.277
WYF00014.asd	576	925.000	16943.323
WYF00014.asd	577	926.000	16770.692
WYF00014.asd	578	927.000	16603.985
WYF00014.asd	579	928.000	16424.930
WYF00014.asd	580	929.000	16242.985
WYF00014.asd	581	930.000	16063.463
WYF00014.asd	582	931.000	15882.720
WYF00014.asd	583	932.000	15709.329
WYF00014.asd	584	933.000	15536.418
WYF00014.asd	585	934.000	15361.150
WYF00014.asd	586	935.000	15188.146
WYF00014.asd	587	936.000	15015.228
WYF00014.asd	588	937.000	14845.429
WYF00014.asd	589	938.000	14677.594
WYF00014.asd	590	939.000	14505.895
WYF00014.asd	591	940.000	14342.784
WYF00014.asd	592	941.000	14178.352
WYF00014.asd	593	942.000	14010.017
WYF00014.asd	594	943.000	13847.262
WYF00014.asd	595	944.000	13679.075
WYF00014.asd	596	945.000	13512.654
WYF00014.asd	597	946.000	13353.042
WYF00014.asd	598	947.000	13198.432
WYF00014.asd	599	948.000	13041.449
WYF00014.asd	600	949.000	12882.159
WYF00014.asd	601	950.000	12725.991
WYF00014.asd	602	951.000	12580.270
WYF00014.asd	603	952.000	12425.638
WYF00014.asd	604	953.000	12273.174
WYF00014.asd	605	954.000	12124.648
WYF00014.asd	606	955.000	11969.507
WYF00014.asd	607	956.000	11822.868
WYF00014.asd	608	957.000	11678.484
WYF00014.asd	609	958.000	11534.619
WYF00014.asd	610	959.000	11395.042
WYF00014.asd	611	960.000	11248.053
WYF00014.asd	612	961.000	11100.942
WYF00014.asd	613	962.000	10955.938
WYF00014.asd	614	963.000	10809.539
WYF00014.asd	615	964.000	10664.751
WYF00014.asd	616	965.000	10522.383
WYF00014.asd	617	966.000	10383.198
WYF00014.asd	618	967.000	10246.964
WYF00014.asd	619	968.000	10107.757
WYF00014.asd	620	969.000	9968.552
WYF00014.asd	621	970.000	9830.960
WYF00014.asd	622	971.000	9695.459
WYF00014.asd	623	972.000	9564.801
WYF00014.asd	624	973.000	9430.015
WYF00014.asd	625	974.000	9293.965
WYF00014.asd	626	975.000	9163.341
WYF00014.asd	627	976.000	9031.580
WYF00014.asd	628	977.000	8898.770
WYF00014.asd	629	978.000	8764.778
WYF00014.asd	630	979.000	8630.339
WYF00014.asd	631	980.000	8498.881
WYF00014.asd	632	981.000	8368.114
WYF00014.asd	633	982.000	8240.074
WYF00014.asd	634	983.000	8115.740
WYF00014.asd	635	984.000	7989.821
WYF00014.asd	636	985.000	7865.623
WYF00014.asd	637	986.000	7741.992
WYF00014.asd	638	987.000	7617.504
WYF00014.asd	639	988.000	7492.613
WYF00014.asd	640	989.000	7370.486
WYF00014.asd	641	990.000	7250.552
WYF00014.asd	642	991.000	7131.044
WYF00014.asd	643	992.000	7010.319
WYF00014.asd	644	993.000	6891.432
WYF00014.asd	645	994.000	6773.290
WYF00014.asd	646	995.000	6657.109
WYF00014.asd	647	996.000	6545.530
WYF00014.asd	648	997.000	6427.787
WYF00014.asd	649	998.000	6314.417
WYF00014.asd	650	999.000	6204.184
WYF00014.asd	651	1000.000	6088.562
WYF00014.asd	652	1001.000	6631.206
WYF00014.asd	653	1002.000	6678.006
WYF00014.asd	654	1003.000	6722.248
WYF00014.asd	655	1004.000	6769.347
WYF00014.asd	656	1005.000	6819.061
WYF00014.asd	657	1006.000	6866.421
WYF00014.asd	658	1007.000	6913.783
WYF00014.asd	659	1008.000	6961.278
WYF00014.asd	660	1009.000	7007.178
WYF00014.asd	661	1010.000	7054.192
WYF00014.asd	662	1011.000	7104.185
WYF00014.asd	663	1012.000	7153.066
WYF00014.asd	664	1013.000	7206.353
WYF00014.asd	665	1014.000	7260.923
WYF00014.asd	666	1015.000	7315.040
WYF00014.asd	667	1016.000	7371.819
WYF00014.asd	668	1017.000	7427.710
WYF00014.asd	669	1018.000	7482.848
WYF00014.asd	670	1019.000	7540.354
WYF00014.asd	671	1020.000	7597.800
WYF00014.asd	672	1021.000	7657.531
WYF00014.asd	673	1022.000	7721.283
WYF00014.asd	674	1023.000	7782.416
WYF00014.asd	675	1024.000	7843.118
WYF00014.asd	676	1025.000	7906.001
WYF00014.asd	677	1026.000	7965.503
WYF00014.asd	678	1027.000	8025.186
WYF00014.asd	679	1028.000	8087.344
WYF00014.asd	680	1029.000	8147.358
WYF00014.asd	681	1030.000	8208.760
WYF00014.asd	682	1031.000	8268.880
WYF00014.asd	683	1032.000	8327.047
WYF00014.asd	684	1033.000	8383.751
WYF00014.asd	685	1034.000	8439.435
WYF00014.asd	686	1035.000	8493.642
WYF00014.asd	687	1036.000	8547.362
WYF00014.asd	688	1037.000	8600.018
WYF00014.asd	689	1038.000	8650.555
WYF00014.asd	690	1039.000	8703.309
WYF00014.asd	691	1040.000	8753.341
WYF00014.asd	692	1041.000	8801.234
WYF00014.asd	693	1042.000	8849.721
WYF00014.asd	694	1043.000	8893.708
WYF00014.asd	695	1044.000	8936.251
WYF00014.asd	696	1045.000	8979.423
WYF00014.asd	697	1046.000	9019.814
WYF00014.asd	698	1047.000	9060.575
WYF00014.asd	699	1048.000	9100.880
WYF00014.asd	700	1049.000	9139.749
WYF00014.asd	701	1050.000	9177.139
WYF00014.asd	702	1051.000	9214.458
WYF00014.asd	703	1052.000	9250.691
WYF00014.asd	704	1053.000	9287.026
WYF00014.asd	705	1054.000	9323.473
WYF00014.asd	706	1055.000	9358.020
WYF00014.asd	707	1056.000	9394.103
WYF00014.asd	708	1057.000	9429.527
WYF00014.asd	709	1058.000	9463.546
WYF00014.asd	710	1059.000	9499.523
WYF00014.asd	711	1060.000	9535.417
WYF00014.asd	712	1061.000	9572.880
WYF00014.asd	713	1062.000	9613.484
WYF00014.asd	714	1063.000	9654.364
WYF00014.asd	715	1064.000	9697.115
WYF00014.asd	716	1065.000	9742.245
WYF00014.asd	717	1066.000	9787.641
WYF00014.asd	718	1067.000	9833.446
WYF00014.asd	719	1068.000	9882.523
WYF00014.asd	720	1069.000	9932.219
WYF00014.asd	721	1070.000	9985.563
WYF00014.asd	722	1071.000	10040.587
WYF00014.asd	723	1072.000	10095.423
WYF00014.asd	724	1073.000	10158.009
WYF00014.asd	725	1074.000	10222.282
WYF00014.asd	726	1075.000	10287.384
WYF00014.asd	727	1076.000	10359.344
WYF00014.asd	728	1077.000	10429.374
WYF00014.asd	729	1078.000	10503.323
WYF00014.asd	730	1079.000	10582.170
WYF00014.asd	731	1080.000	10665.810
WYF00014.asd	732	1081.000	10749.518
WYF00014.asd	733	1082.000	10842.537
WYF00014.asd	734	1083.000	10937.741
WYF00014.asd	735	1084.000	11032.271
WYF00014.asd	736	1085.000	11133.482
WYF00014.asd	737	1086.000	11232.761
WYF00014.asd	738	1087.000	11336.294
WYF00014.asd	739	1088.000	11445.710
WYF00014.asd	740	1089.000	11554.275
WYF00014.asd	741	1090.000	11671.977
WYF00014.asd	742	1091.000	11791.346
WYF00014.asd	743	1092.000	11909.758
WYF00014.asd	744	1093.000	12033.674
WYF00014.asd	745	1094.000	12152.662
WYF00014.asd	746	1095.000	12274.813
WYF00014.asd	747	1096.000	12397.343
WYF00014.asd	748	1097.000	12522.323
WYF00014.asd	749	1098.000	12643.800
WYF00014.asd	750	1099.000	12772.958
WYF00014.asd	751	1100.000	12899.509
WYF00014.asd	752	1101.000	13020.844
WYF00014.asd	753	1102.000	13147.088
WYF00014.asd	754	1103.000	13267.164
WYF00014.asd	755	1104.000	13385.668
WYF00014.asd	756	1105.000	13506.681
WYF00014.asd	757	1106.000	13621.539
WYF00014.asd	758	1107.000	13739.271
WYF00014.asd	759	1108.000	13856.594
WYF00014.asd	760	1109.000	13967.367
WYF00014.asd	761	1110.000	14076.202
WYF00014.asd	762	1111.000	14183.724
WYF00014.asd	763	1112.000	14287.924
WYF00014.asd	764	1113.000	14388.118
WYF00014.asd	765	1114.000	14486.674
WYF00014.asd	766	1115.000	14581.980
WYF00014.asd	767	1116.000	14678.421
WYF00014.asd	768	1117.000	14770.326
WYF00014.asd	769	1118.000	14858.702
WYF00014.asd	770	1119.000	14946.636
WYF00014.asd	771	1120.000	15027.856
WYF00014.asd	772	1121.000	15108.686
WYF00014.asd	773	1122.000	15189.169
WYF00014.asd	774	1123.000	15265.087
WYF00014.asd	775	1124.000	15345.038
WYF00014.asd	776	1125.000	15423.706
WYF00014.asd	777	1126.000	15497.244
WYF00014.asd	778	1127.000	15569.605
WYF00014.asd	779	1128.000	15641.310
WYF00014.asd	780	1129.000	15709.453
WYF00014.asd	781	1130.000	15773.620
WYF00014.asd	782	1131.000	15838.650
WYF00014.asd	783	1132.000	15899.756
WYF00014.asd	784	1133.000	15961.111
WYF00014.asd	785	1134.000	16020.034
WYF00014.asd	786	1135.000	16075.536
WYF00014.asd	787	1136.000	16132.036
WYF00014.asd	788	1137.000	16187.565
WYF00014.asd	789	1138.000	16244.898
WYF00014.asd	790	1139.000	16302.137
WYF00014.asd	791	1140.000	16356.488
WYF00014.asd	792	1141.000	16412.402
WYF00014.asd	793	1142.000	16465.680
WYF00014.asd	794	1143.000	16515.029
WYF00014.asd	795	1144.000	16565.404
WYF00014.asd	796	1145.000	16614.536
WYF00014.asd	797	1146.000	16664.177
WYF00014.asd	798	1147.000	16713.375
WYF00014.asd	799	1148.000	16764.427
WYF00014.asd	800	1149.000	16813.057
WYF00014.asd	801	1150.000	16865.045
WYF00014.asd	802	1151.000	16916.798
WYF00014.asd	803	1152.000	16967.681
WYF00014.asd	804	1153.000	17021.490
WYF00014.asd	805	1154.000	17072.947
WYF00014.asd	806	1155.000	17126.240
WYF00014.asd	807	1156.000	17180.887
WYF00014.asd	808	1157.000	17233.563
WYF00014.asd	809	1158.000	17290.349
WYF00014.asd	810	1159.000	17346.964
WYF00014.asd	811	1160.000	17403.486
WYF00014.asd	812	1161.000	17460.409
WYF00014.asd	813	1162.000	17518.749
WYF00014.asd	814	1163.000	17576.238
WYF00014.asd	815	1164.000	17633.447
WYF00014.asd	816	1165.000	17691.372
WYF00014.asd	817	1166.000	17747.023
WYF00014.asd	818	1167.000	17805.834
WYF00014.asd	819	1168.000	17864.257
WYF00014.asd	820	1169.000	17919.950
WYF00014.asd	821	1170.000	17977.581
WYF00014.asd	822	1171.000	18032.929
WYF00014.asd	823	1172.000	18088.167
WYF00014.asd	824	1173.000	18143.873
WYF00014.asd	825	1174.000	18196.073
WYF00014.asd	826	1175.000	18250.746
WYF00014.asd	827	1176.000	18303.629
WYF00014.asd	828	1177.000	18355.358
WYF00014.asd	829	1178.000	18404.745
WYF00014.asd	830	1179.000	18452.699
WYF00014.asd	831	1180.000	18499.408
WYF00014.asd	832	1181.000	18544.015
WYF00014.asd	833	1182.000	18588.119
WYF00014.asd	834	1183.000	18630.932
WYF00014.asd	835	1184.000	18675.363
WYF00014.asd	836	1185.000	18717.780
WYF00014.asd	837	1186.000	18757.848
WYF00014.asd	838	1187.000	18797.781
WYF00014.asd	839	1188.000	18837.351
WYF00014.asd	840	1189.000	18879.093
WYF00014.asd	841	1190.000	18919.927
WYF00014.asd	842	1191.000	18960.052
WYF00014.asd	843	1192.000	19003.325
WYF00014.asd	844	1193.000	19044.939
WYF00014.asd	845	1194.000	19085.495
WYF00014.asd	846	1195.000	19125.139
WYF00014.asd	847	1196.000	19165.289
WYF00014.asd	848	1197.000	19203.011
WYF00014.asd	849	1198.000	19238.069
WYF00014.asd	850	1199.000	19274.127
WYF00014.asd	851	1200.000	19308.983
WYF00014.asd	852	1201.000	19345.104
WYF00014.asd	853	1202.000	19382.599
WYF00014.asd	854	1203.000	19418.552
WYF00014.asd	855	1204.000	19452.513
WYF00014.asd	856	1205.000	19486.442
WYF00014.asd	857	1206.000	19519.429
WYF00014.asd	858	1207.000	19550.174
WYF00014.asd	859	1208.000	19580.971
WYF00014.asd	860	1209.000	19614.335
WYF00014.asd	861	1210.000	19646.670
WYF00014.asd	862	1211.000	19677.637
WYF00014.asd	863	1212.000	19709.912
WYF00014.asd	864	1213.000	19743.514
WYF00014.asd	865	1214.000	19775.946
WYF00014.asd	866	1215.000	19808.403
WYF00014.asd	867	1216.000	19840.574
WYF00014.asd	868	1217.000	19871.960
WYF00014.asd	869	1218.000	19904.078
WYF00014.asd	870	1219.000	19937.212
WYF00014.asd	871	1220.000	19968.662
WYF00014.asd	872	1221.000	20000.127
WYF00014.asd	873	1222.000	20030.297
WYF00014.asd	874	1223.000	20060.254
WYF00014.asd	875	1224.000	20088.128
WYF00014.asd	876	1225.000	20113.624
WYF00014.asd	877	1226.000	20140.753
WYF00014.asd	878	1227.000	20165.387
WYF00014.asd	879	1228.000	20187.761
WYF00014.asd	880	1229.000	20211.075
WYF00014.asd	881	1230.000	20235.004
WYF00014.asd	882	1231.000	20256.715
WYF00014.asd	883	1232.000	20277.658
WYF00014.asd	884	1233.000	20297.759
WYF00014.asd	885	1234.000	20316.177
WYF00014.asd	886	1235.000	20334.835
WYF00014.asd	887	1236.000	20352.325
WYF00014.asd	888	1237.000	20370.545
WYF00014.asd	889	1238.000	20388.503
WYF00014.asd	890	1239.000	20407.138
WYF00014.asd	891	1240.000	20426.722
WYF00014.asd	892	1241.000	20445.772
WYF00014.asd	893	1242.000	20464.417
WYF00014.asd	894	1243.000	20484.108
WYF00014.asd	895	1244.000	20503.540
WYF00014.asd	896	1245.000	20523.116
WYF00014.asd	897	1246.000	20543.323
WYF00014.asd	898	1247.000	20561.957
WYF00014.asd	899	1248.000	20580.615
WYF00014.asd	900	1249.000	20599.281
WYF00014.asd	901	1250.000	20616.188
WYF00014.asd	902	1251.000	20632.233
WYF00014.asd	903	1252.000	20648.072
WYF00014.asd	904	1253.000	20663.124
WYF00014.asd	905	1254.000	20676.535
WYF00014.asd	906	1255.000	20690.793
WYF00014.asd	907	1256.000	20700.957
WYF00014.asd	908	1257.000	20708.360
WYF00014.asd	909	1258.000	20713.853
WYF00014.asd	910	1259.000	20715.861
WYF00014.asd	911	1260.000	20717.829
WYF00014.asd	912	1261.000	20717.477
WYF00014.asd	913	1262.000	20717.525
WYF00014.asd	914	1263.000	20718.015
WYF00014.asd	915	1264.000	20716.671
WYF00014.asd	916	1265.000	20713.532
WYF00014.asd	917	1266.000	20710.450
WYF00014.asd	918	1267.000	20707.498
WYF00014.asd	919	1268.000	20703.633
WYF00014.asd	920	1269.000	20700.531
WYF00014.asd	921	1270.000	20698.292
WYF00014.asd	922	1271.000	20696.149
WYF00014.asd	923	1272.000	20692.856
WYF00014.asd	924	1273.000	20692.271
WYF00014.asd	925	1274.000	20693.785
WYF00014.asd	926	1275.000	20694.818
WYF00014.asd	927	1276.000	20697.215
WYF00014.asd	928	1277.000	20699.137
WYF00014.asd	929	1278.000	20700.392
WYF00014.asd	930	1279.000	20702.536
WYF00014.asd	931	1280.000	20704.600
WYF00014.asd	932	1281.000	20707.889
WYF00014.asd	933	1282.000	20712.136
WYF00014.asd	934	1283.000	20717.253
WYF00014.asd	935	1284.000	20722.779
WYF00014.asd	936	1285.000	20729.999
WYF00014.asd	937	1286.000	20739.225
WYF00014.asd	938	1287.000	20748.122
WYF00014.asd	939	1288.000	20758.147
WYF00014.asd	940	1289.000	20768.528
WYF00014.asd	941	1290.000	20778.701
WYF00014.asd	942	1291.000	20788.281
WYF00014.asd	943	1292.000	20799.022
WYF00014.asd	944	1293.000	20809.672
WYF00014.asd	945	1294.000	20822.552
WYF00014.asd	946	1295.000	20836.994
WYF00014.asd	947	1296.000	20851.311
WYF00014.asd	948	1297.000	20866.743
WYF00014.asd	949	1298.000	20882.866
WYF00014.asd	950	1299.000	20898.951
WYF00014.asd	951	1300.000	20916.062
WYF00014.asd	952	1301.000	20935.046
WYF00014.asd	953	1302.000	20953.833
WYF00014.asd	954	1303.000	20972.206
WYF00014.asd	955	1304.000	20991.906
WYF00014.asd	956	1305.000	21011.953
WYF00014.asd	957	1306.000	21033.324
WYF00014.asd	958	1307.000	21055.484
WYF00014.asd	959	1308.000	21079.781
WYF00014.asd	960	1309.000	21103.383
WYF00014.asd	961	1310.000	21128.575
WYF00014.asd	962	1311.000	21155.142
WYF00014.asd	963	1312.000	21181.828
WYF00014.asd	964	1313.000	21209.820
WYF00014.asd	965	1314.000	21239.648
WYF00014.asd	966	1315.000	21269.077
WYF00014.asd	967	1316.000	21298.540
WYF00014.asd	968	1317.000	21329.277
WYF00014.asd	969	1318.000	21360.798
WYF00014.asd	970	1319.000	21393.265
WYF00014.asd	971	1320.000	21427.468
WYF00014.asd	972	1321.000	21460.600
WYF00014.asd	973	1322.000	21493.040
WYF00014.asd	974	1323.000	21527.186
WYF00014.asd	975	1324.000	21562.187
WYF00014.asd	976	1325.000	21596.853
WYF00014.asd	977	1326.000	21631.816
WYF00014.asd	978	1327.000	21668.471
WYF00014.asd	979	1328.000	21705.446
WYF00014.asd	980	1329.000	21742.699
WYF00014.asd	981	1330.000	21782.453
WYF00014.asd	982	1331.000	21821.107
WYF00014.asd	983	1332.000	21858.486
WYF00014.asd	984	1333.000	21896.898
WYF00014.asd	985	1334.000	21935.064
WYF00014.asd	986	1335.000	21973.519
WYF00014.asd	987	1336.000	22011.177
WYF00014.asd	988	1337.000	22048.975
WYF00014.asd	989	1338.000	22084.926
WYF00014.asd	990	1339.000	22120.676
WYF00014.asd	991	1340.000	22153.483
WYF00014.asd	992	1341.000	22184.906
WYF00014.asd	993	1342.000	22213.471
WYF00014.asd	994	1343.000	22240.769
WYF00014.asd	995	1344.000	22263.682
WYF00014.asd	996	1345.000	22285.755
WYF00014.asd	997	1346.000	22299.810
WYF00014.asd	998	1347.000	22309.917
WYF00014.asd	999	1348.000	22312.291
WYF00014.asd	1000	1349.000	22306.739
WYF00014.asd	1001	1350.000	22297.264
WYF00014.asd	1002	1351.000	22281.429
WYF00014.asd	1003	1352.000	22261.657
WYF00014.asd	1004	1353.000	22235.801
WYF00014.asd	1005	1354.000	22208.216
WYF00014.asd	1006	1355.000	22173.416
WYF00014.asd	1007	1356.000	22141.276
WYF00014.asd	1008	1357.000	22102.749
WYF00014.asd	1009	1358.000	22073.161
WYF00014.asd	1010	1359.000	22044.755
WYF00014.asd	1011	1360.000	22023.024
WYF00014.asd	1012	1361.000	22012.335
WYF00014.asd	1013	1362.000	22014.102
WYF00014.asd	1014	1363.000	22030.741
WYF00014.asd	1015	1364.000	22060.588
WYF00014.asd	1016	1365.000	22102.736
WYF00014.asd	1017	1366.000	22161.450
WYF00014.asd	1018	1367.000	22224.246
WYF00014.asd	1019	1368.000	22300.337
WYF00014.asd	1020	1369.000	22377.016
WYF00014.asd	1021	1370.000	22466.435
WYF00014.asd	1022	1371.000	22544.011
WYF00014.asd	1023	1372.000	22632.482
WYF00014.asd	1024	1373.000	22693.206
WYF00014.asd	1025	1374.000	22751.198
WYF00014.asd	1026	1375.000	22775.329
WYF00014.asd	1027	1376.000	22776.781
WYF00014.asd	1028	1377.000	22755.793
WYF00014.asd	1029	1378.000	22695.171
WYF00014.asd	1030	1379.000	22640.225
WYF00014.asd	1031	1380.000	22553.896
WYF00014.asd	1032	1381.000	22492.458
WYF00014.asd	1033	1382.000	22426.565
WYF00014.asd	1034	1383.000	22385.645
WYF00014.asd	1035	1384.000	22370.431
WYF00014.asd	1036	1385.000	22356.787
WYF00014.asd	1037	1386.000	22363.389
WYF00014.asd	1038	1387.000	22371.116
WYF00014.asd	1039	1388.000	22369.736
WYF00014.asd	1040	1389.000	22357.073
WYF00014.asd	1041	1390.000	22320.325
WYF00014.asd	1042	1391.000	22268.063
WYF00014.asd	1043	1392.000	22197.908
WYF00014.asd	1044	1393.000	22104.252
WYF00014.asd	1045	1394.000	22006.824
WYF00014.asd	1046	1395.000	21890.381
WYF00014.asd	1047	1396.000	21781.368
WYF00014.asd	1048	1397.000	21666.029
WYF00014.asd	1049	1398.000	21551.241
WYF00014.asd	1050	1399.000	21437.397
WYF00014.asd	1051	1400.000	21319.566
WYF00014.asd	1052	1401.000	21198.294
WYF00014.asd	1053	1402.000	21073.776
WYF00014.asd	1054	1403.000	20946.105
WYF00014.asd	1055	1404.000	20818.569
WYF00014.asd	1056	1405.000	20685.656
WYF00014.asd	1057	1406.000	20556.788
WYF00014.asd	1058	1407.000	20426.975
WYF00014.asd	1059	1408.000	20302.677
WYF00014.asd	1060	1409.000	20180.584
WYF00014.asd	1061	1410.000	20061.704
WYF00014.asd	1062	1411.000	19945.995
WYF00014.asd	1063	1412.000	19835.661
WYF00014.asd	1064	1413.000	19730.381
WYF00014.asd	1065	1414.000	19626.413
WYF00014.asd	1066	1415.000	19525.420
WYF00014.asd	1067	1416.000	19429.290
WYF00014.asd	1068	1417.000	19334.698
WYF00014.asd	1069	1418.000	19244.673
WYF00014.asd	1070	1419.000	19158.565
WYF00014.asd	1071	1420.000	19080.063
WYF00014.asd	1072	1421.000	19005.350
WYF00014.asd	1073	1422.000	18934.123
WYF00014.asd	1074	1423.000	18869.123
WYF00014.asd	1075	1424.000	18810.561
WYF00014.asd	1076	1425.000	18755.719
WYF00014.asd	1077	1426.000	18705.589
WYF00014.asd	1078	1427.000	18658.551
WYF00014.asd	1079	1428.000	18616.314
WYF00014.asd	1080	1429.000	18577.627
WYF00014.asd	1081	1430.000	18541.310
WYF00014.asd	1082	1431.000	18511.162
WYF00014.asd	1083	1432.000	18486.170
WYF00014.asd	1084	1433.000	18465.385
WYF00014.asd	1085	1434.000	18449.908
WYF00014.asd	1086	1435.000	18437.273
WYF00014.asd	1087	1436.000	18429.593
WYF00014.asd	1088	1437.000	18423.775
WYF00014.asd	1089	1438.000	18422.013
WYF00014.asd	1090	1439.000	18420.837
WYF00014.asd	1091	1440.000	18422.105
WYF00014.asd	1092	1441.000	18424.312
WYF00014.asd	1093	1442.000	18427.346
WYF00014.asd	1094	1443.000	18432.614
WYF00014.asd	1095	1444.000	18440.375
WYF00014.asd	1096	1445.000	18448.593
WYF00014.asd	1097	1446.000	18458.203
WYF00014.asd	1098	1447.000	18468.913
WYF00014.asd	1099	1448.000	18481.866
WYF00014.asd	1100	1449.000	18493.514
WYF00014.asd	1101	1450.000	18505.616
WYF00014.asd	1102	1451.000	18517.790
WYF00014.asd	1103	1452.000	18530.127
WYF00014.asd	1104	1453.000	18540.950
WYF00014.asd	1105	1454.000	18552.312
WYF00014.asd	1106	1455.000	18562.125
WYF00014.asd	1107	1456.000	18568.191
WYF00014.asd	1108	1457.000	18574.098
WYF00014.asd	1109	1458.000	18580.379
WYF00014.asd	1110	1459.000	18585.918
WYF00014.asd	1111	1460.000	18591.358
WYF00014.asd	1112	1461.000	18597.374
WYF00014.asd	1113	1462.000	18602.015
WYF00014.asd	1114	1463.000	18604.868
WYF00014.asd	1115	1464.000	18609.705
WYF00014.asd	1116	1465.000	18614.383
WYF00014.asd	1117	1466.000	18620.582
WYF00014.asd	1118	1467.000	18626.495
WYF00014.asd	1119	1468.000	18637.056
WYF00014.asd	1120	1469.000	18649.799
WYF00014.asd	1121	1470.000	18664.632
WYF00014.asd	1122	1471.000	18682.508
WYF00014.asd	1123	1472.000	18702.884
WYF00014.asd	1124	1473.000	18725.289
WYF00014.asd	1125	1474.000	18749.393
WYF00014.asd	1126	1475.000	18778.317
WYF00014.asd	1127	1476.000	18805.038
WYF00014.asd	1128	1477.000	18832.068
WYF00014.asd	1129	1478.000	18858.713
WYF00014.asd	1130	1479.000	18884.542
WYF00014.asd	1131	1480.000	18911.632
WYF00014.asd	1132	1481.000	18940.006
WYF00014.asd	1133	1482.000	18966.878
WYF00014.asd	1134	1483.000	18993.438
WYF00014.asd	1135	1484.000	19020.521
WYF00014.asd	1136	1485.000	19047.092
WYF00014.asd	1137	1486.000	19073.285
WYF00014.asd	1138	1487.000	19100.588
WYF00014.asd	1139	1488.000	19126.471
WYF00014.asd	1140	1489.000	19150.638
WYF00014.asd	1141	1490.000	19175.085
WYF00014.asd	1142	1491.000	19199.934
WYF00014.asd	1143	1492.000	19223.619
WYF00014.asd	1144	1493.000	19246.556
WYF00014.asd	1145	1494.000	19268.896
WYF00014.asd	1146	1495.000	19289.579
WYF00014.asd	1147	1496.000	19310.940
WYF00014.asd	1148	1497.000	19332.159
WYF00014.asd	1149	1498.000	19353.698
WYF00014.asd	1150	1499.000	19375.626
WYF00014.asd	1151	1500.000	19397.735
WYF00014.asd	1152	1501.000	19420.021
WYF00014.asd	1153	1502.000	19441.140
WYF00014.asd	1154	1503.000	19461.540
WYF00014.asd	1155	1504.000	19481.500
WYF00014.asd	1156	1505.000	19501.914
WYF00014.asd	1157	1506.000	19521.896
WYF00014.asd	1158	1507.000	19542.140
WYF00014.asd	1159	1508.000	19563.441
WYF00014.asd	1160	1509.000	19582.552
WYF00014.asd	1161	1510.000	19600.935
WYF00014.asd	1162	1511.000	19618.329
WYF00014.asd	1163	1512.000	19634.212
WYF00014.asd	1164	1513.000	19650.292
WYF00014.asd	1165	1514.000	19665.741
WYF00014.asd	1166	1515.000	19681.084
WYF00014.asd	1167	1516.000	19696.502
WYF00014.asd	1168	1517.000	19710.760
WYF00014.asd	1169	1518.000	19724.030
WYF00014.asd	1170	1519.000	19737.795
WYF00014.asd	1171	1520.000	19751.323
WYF00014.asd	1172	1521.000	19764.049
WYF00014.asd	1173	1522.000	19777.466
WYF00014.asd	1174	1523.000	19788.674
WYF00014.asd	1175	1524.000	19797.749
WYF00014.asd	1176	1525.000	19807.487
WYF00014.asd	1177	1526.000	19817.124
WYF00014.asd	1178	1527.000	19825.158
WYF00014.asd	1179	1528.000	19833.393
WYF00014.asd	1180	1529.000	19839.036
WYF00014.asd	1181	1530.000	19841.754
WYF00014.asd	1182	1531.000	19845.004
WYF00014.asd	1183	1532.000	19846.158
WYF00014.asd	1184	1533.000	19849.219
WYF00014.asd	1185	1534.000	19853.324
WYF00014.asd	1186	1535.000	19856.935
WYF00014.asd	1187	1536.000	19861.405
WYF00014.asd	1188	1537.000	19864.807
WYF00014.asd	1189	1538.000	19868.035
WYF00014.asd	1190	1539.000	19869.842
WYF00014.asd	1191	1540.000	19871.055
WYF00014.asd	1192	1541.000	19871.227
WYF00014.asd	1193	1542.000	19869.427
WYF00014.asd	1194	1543.000	19867.958
WYF00014.asd	1195	1544.000	19866.304
WYF00014.asd	1196	1545.000	19864.015
WYF00014.asd	1197	1546.000	19860.750
WYF00014.asd	1198	1547.000	19858.174
WYF00014.asd	1199	1548.000	19855.129
WYF00014.asd	1200	1549.000	19852.677
WYF00014.asd	1201	1550.000	19852.016
WYF00014.asd	1202	1551.000	19849.555
WYF00014.asd	1203	1552.000	19846.679
WYF00014.asd	1204	1553.000	19842.800
WYF00014.asd	1205	1554.000	19837.862
WYF00014.asd	1206	1555.000	19831.950
WYF00014.asd	1207	1556.000	19825.862
WYF00014.asd	1208	1557.000	19817.759
WYF00014.asd	1209	1558.000	19807.080
WYF00014.asd	1210	1559.000	19796.923
WYF00014.asd	1211	1560.000	19785.991
WYF00014.asd	1212	1561.000	19774.457
WYF00014.asd	1213	1562.000	19762.908
WYF00014.asd	1214	1563.000	19750.484
WYF00014.asd	1215	1564.000	19738.569
WYF00014.asd	1216	1565.000	19725.304
WYF00014.asd	1217	1566.000	19712.630
WYF00014.asd	1218	1567.000	19700.356
WYF00014.asd	1219	1568.000	19686.727
WYF00014.asd	1220	1569.000	19673.551
WYF00014.asd	1221	1570.000	19659.895
WYF00014.asd	1222	1571.000	19646.525
WYF00014.asd	1223	1572.000	19632.669
WYF00014.asd	1224	1573.000	19617.098
WYF00014.asd	1225	1574.000	19602.929
WYF00014.asd	1226	1575.000	19588.464
WYF00014.asd	1227	1576.000	19572.614
WYF00014.asd	1228	1577.000	19558.172
WYF00014.asd	1229	1578.000	19542.411
WYF00014.asd	1230	1579.000	19525.748
WYF00014.asd	1231	1580.000	19510.096
WYF00014.asd	1232	1581.000	19493.993
WYF00014.asd	1233	1582.000	19478.438
WYF00014.asd	1234	1583.000	19462.541
WYF00014.asd	1235	1584.000	19446.821
WYF00014.asd	1236	1585.000	19432.054
WYF00014.asd	1237	1586.000	19417.026
WYF00014.asd	1238	1587.000	19402.258
WYF00014.asd	1239	1588.000	19387.287
WYF00014.asd	1240	1589.000	19372.075
WYF00014.asd	1241	1590.000	19357.501
WYF00014.asd	1242	1591.000	19342.879
WYF00014.asd	1243	1592.000	19329.333
WYF00014.asd	1244	1593.000	19316.571
WYF00014.asd	1245	1594.000	19304.018
WYF00014.asd	1246	1595.000	19292.417
WYF00014.asd	1247	1596.000	19279.463
WYF00014.asd	1248	1597.000	19266.943
WYF00014.asd	1249	1598.000	19252.253
WYF00014.asd	1250	1599.000	19235.652
WYF00014.asd	1251	1600.000	19220.615
WYF00014.asd	1252	1601.000	19205.223
WYF00014.asd	1253	1602.000	19189.614
WYF00014.asd	1254	1603.000	19174.476
WYF00014.asd	1255	1604.000	19159.201
WYF00014.asd	1256	1605.000	19143.550
WYF00014.asd	1257	1606.000	19126.848
WYF00014.asd	1258	1607.000	19110.282
WYF00014.asd	1259	1608.000	19093.245
WYF00014.asd	1260	1609.000	19075.236
WYF00014.asd	1261	1610.000	19056.515
WYF00014.asd	1262	1611.000	19037.850
WYF00014.asd	1263	1612.000	19018.157
WYF00014.asd	1264	1613.000	18997.196
WYF00014.asd	1265	1614.000	18974.930
WYF00014.asd	1266	1615.000	18952.479
WYF00014.asd	1267	1616.000	18928.990
WYF00014.asd	1268	1617.000	18903.836
WYF00014.asd	1269	1618.000	18877.872
WYF00014.asd	1270	1619.000	18851.350
WYF00014.asd	1271	1620.000	18823.467
WYF00014.asd	1272	1621.000	18793.674
WYF00014.asd	1273	1622.000	18763.854
WYF00014.asd	1274	1623.000	18733.460
WYF00014.asd	1275	1624.000	18703.369
WYF00014.asd	1276	1625.000	18673.202
WYF00014.asd	1277	1626.000	18641.580
WYF00014.asd	1278	1627.000	18609.656
WYF00014.asd	1279	1628.000	18576.871
WYF00014.asd	1280	1629.000	18543.105
WYF00014.asd	1281	1630.000	18507.173
WYF00014.asd	1282	1631.000	18470.350
WYF00014.asd	1283	1632.000	18432.866
WYF00014.asd	1284	1633.000	18393.000
WYF00014.asd	1285	1634.000	18353.919
WYF00014.asd	1286	1635.000	18315.268
WYF00014.asd	1287	1636.000	18275.281
WYF00014.asd	1288	1637.000	18234.718
WYF00014.asd	1289	1638.000	18192.115
WYF00014.asd	1290	1639.000	18148.564
WYF00014.asd	1291	1640.000	18103.904
WYF00014.asd	1292	1641.000	18058.101
WYF00014.asd	1293	1642.000	18009.899
WYF00014.asd	1294	1643.000	17960.100
WYF00014.asd	1295	1644.000	17909.770
WYF00014.asd	1296	1645.000	17857.094
WYF00014.asd	1297	1646.000	17803.296
WYF00014.asd	1298	1647.000	17749.072
WYF00014.asd	1299	1648.000	17693.962
WYF00014.asd	1300	1649.000	17637.801
WYF00014.asd	1301	1650.000	17579.704
WYF00014.asd	1302	1651.000	17520.458
WYF00014.asd	1303	1652.000	17460.267
WYF00014.asd	1304	1653.000	17398.043
WYF00014.asd	1305	1654.000	17333.473
WYF00014.asd	1306	1655.000	17269.352
WYF00014.asd	1307	1656.000	17200.851
WYF00014.asd	1308	1657.000	17129.603
WYF00014.asd	1309	1658.000	17054.724
WYF00014.asd	1310	1659.000	16976.125
WYF00014.asd	1311	1660.000	16895.976
WYF00014.asd	1312	1661.000	16811.760
WYF00014.asd	1313	1662.000	16723.289
WYF00014.asd	1314	1663.000	16636.711
WYF00014.asd	1315	1664.000	16545.647
WYF00014.asd	1316	1665.000	16457.070
WYF00014.asd	1317	1666.000	16370.409
WYF00014.asd	1318	1667.000	16283.226
WYF00014.asd	1319	1668.000	16201.681
WYF00014.asd	1320	1669.000	16119.509
WYF00014.asd	1321	1670.000	16040.056
WYF00014.asd	1322	1671.000	15966.845
WYF00014.asd	1323	1672.000	15895.599
WYF00014.asd	1324	1673.000	15828.402
WYF00014.asd	1325	1674.000	15763.256
WYF00014.asd	1326	1675.000	15698.331
WYF00014.asd	1327	1676.000	15634.577
WYF00014.asd	1328	1677.000	15568.342
WYF00014.asd	1329	1678.000	15503.093
WYF00014.asd	1330	1679.000	15438.640
WYF00014.asd	1331	1680.000	15371.490
WYF00014.asd	1332	1681.000	15305.334
WYF00014.asd	1333	1682.000	15235.369
WYF00014.asd	1334	1683.000	15162.789
WYF00014.asd	1335	1684.000	15090.315
WYF00014.asd	1336	1685.000	15013.098
WYF00014.asd	1337	1686.000	14936.780
WYF00014.asd	1338	1687.000	14862.426
WYF00014.asd	1339	1688.000	14784.878
WYF00014.asd	1340	1689.000	14709.854
WYF00014.asd	1341	1690.000	14634.337
WYF00014.asd	1342	1691.000	14557.984
WYF00014.asd	1343	1692.000	14486.826
WYF00014.asd	1344	1693.000	14412.860
WYF00014.asd	1345	1694.000	14339.065
WYF00014.asd	1346	1695.000	14268.767
WYF00014.asd	1347	1696.000	14195.697
WYF00014.asd	1348	1697.000	14125.276
WYF00014.asd	1349	1698.000	14056.674
WYF00014.asd	1350	1699.000	13986.640
WYF00014.asd	1351	1700.000	13918.377
WYF00014.asd	1352	1701.000	13848.269
WYF00014.asd	1353	1702.000	13779.370
WYF00014.asd	1354	1703.000	13712.818
WYF00014.asd	1355	1704.000	13646.310
WYF00014.asd	1356	1705.000	13582.875
WYF00014.asd	1357	1706.000	13518.458
WYF00014.asd	1358	1707.000	13453.656
WYF00014.asd	1359	1708.000	13390.623
WYF00014.asd	1360	1709.000	13323.976
WYF00014.asd	1361	1710.000	13258.048
WYF00014.asd	1362	1711.000	13192.590
WYF00014.asd	1363	1712.000	13124.056
WYF00014.asd	1364	1713.000	13057.831
WYF00014.asd	1365	1714.000	12989.597
WYF00014.asd	1366	1715.000	12921.295
WYF00014.asd	1367	1716.000	12855.448
WYF00014.asd	1368	1717.000	12786.351
WYF00014.asd	1369	1718.000	12720.020
WYF00014.asd	1370	1719.000	12657.453
WYF00014.asd	1371	1720.000	12594.146
WYF00014.asd	1372	1721.000	12533.376
WYF00014.asd	1373	1722.000	12474.727
WYF00014.asd	1374	1723.000	12418.007
WYF00014.asd	1375	1724.000	12361.592
WYF00014.asd	1376	1725.000	12308.912
WYF00014.asd	1377	1726.000	12259.441
WYF00014.asd	1378	1727.000	12213.985
WYF00014.asd	1379	1728.000	12172.771
WYF00014.asd	1380	1729.000	12133.581
WYF00014.asd	1381	1730.000	12097.319
WYF00014.asd	1382	1731.000	12062.884
WYF00014.asd	1383	1732.000	12031.206
WYF00014.asd	1384	1733.000	11999.119
WYF00014.asd	1385	1734.000	11969.328
WYF00014.asd	1386	1735.000	11939.681
WYF00014.asd	1387	1736.000	11911.288
WYF00014.asd	1388	1737.000	11881.199
WYF00014.asd	1389	1738.000	11851.585
WYF00014.asd	1390	1739.000	11821.420
WYF00014.asd	1391	1740.000	11787.127
WYF00014.asd	1392	1741.000	11750.048
WYF00014.asd	1393	1742.000	11712.684
WYF00014.asd	1394	1743.000	11671.764
WYF00014.asd	1395	1744.000	11630.067
WYF00014.asd	1396	1745.000	11588.249
WYF00014.asd	1397	1746.000	11544.549
WYF00014.asd	1398	1747.000	11500.698
WYF00014.asd	1399	1748.000	11454.260
WYF00014.asd	1400	1749.000	11406.396
WYF00014.asd	1401	1750.000	11359.133
WYF00014.asd	1402	1751.000	11311.160
WYF00014.asd	1403	1752.000	11264.332
WYF00014.asd	1404	1753.000	11216.159
WYF00014.asd	1405	1754.000	11167.117
WYF00014.asd	1406	1755.000	11119.966
WYF00014.asd	1407	1756.000	11070.596
WYF00014.asd	1408	1757.000	11021.882
WYF00014.asd	1409	1758.000	10974.785
WYF00014.asd	1410	1759.000	10925.994
WYF00014.asd	1411	1760.000	10879.624
WYF00014.asd	1412	1761.000	10834.317
WYF00014.asd	1413	1762.000	10788.469
WYF00014.asd	1414	1763.000	10745.008
WYF00014.asd	1415	1764.000	10699.897
WYF00014.asd	1416	1765.000	10654.683
WYF00014.asd	1417	1766.000	10612.716
WYF00014.asd	1418	1767.000	10569.738
WYF00014.asd	1419	1768.000	10527.373
WYF00014.asd	1420	1769.000	10487.161
WYF00014.asd	1421	1770.000	10447.110
WYF00014.asd	1422	1771.000	10407.463
WYF00014.asd	1423	1772.000	10366.091
WYF00014.asd	1424	1773.000	10324.207
WYF00014.asd	1425	1774.000	10281.308
WYF00014.asd	1426	1775.000	10235.847
WYF00014.asd	1427	1776.000	10191.113
WYF00014.asd	1428	1777.000	10144.578
WYF00014.asd	1429	1778.000	10096.531
WYF00014.asd	1430	1779.000	10046.526
WYF00014.asd	1431	1780.000	9993.561
WYF00014.asd	1432	1781.000	9940.523
WYF00014.asd	1433	1782.000	9885.636
WYF00014.asd	1434	1783.000	9831.664
WYF00014.asd	1435	1784.000	9775.211
WYF00014.asd	1436	1785.000	9715.144
WYF00014.asd	1437	1786.000	9652.873
WYF00014.asd	1438	1787.000	9583.983
WYF00014.asd	1439	1788.000	9512.663
WYF00014.asd	1440	1789.000	9439.407
WYF00014.asd	1441	1790.000	9360.200
WYF00014.asd	1442	1791.000	9279.343
WYF00014.asd	1443	1792.000	9191.570
WYF00014.asd	1444	1793.000	9096.013
WYF00014.asd	1445	1794.000	8996.543
WYF00014.asd	1446	1795.000	8883.920
WYF00014.asd	1447	1796.000	8762.570
WYF00014.asd	1448	1797.000	8635.191
WYF00014.asd	1449	1798.000	8496.513
WYF00014.asd	1450	1799.000	8356.464
WYF00014.asd	1451	1800.000	8208.407
WYF00014.asd	1452	1801.000	14869.958
WYF00014.asd	1453	1802.000	15031.628
WYF00014.asd	1454	1803.000	15199.859
WYF00014.asd	1455	1804.000	15365.775
WYF00014.asd	1456	1805.000	15530.806
WYF00014.asd	1457	1806.000	15697.529
WYF00014.asd	1458	1807.000	15857.263
WYF00014.asd	1459	1808.000	16020.975
WYF00014.asd	1460	1809.000	16172.223
WYF00014.asd	1461	1810.000	16319.016
WYF00014.asd	1462	1811.000	16451.544
WYF00014.asd	1463	1812.000	16574.747
WYF00014.asd	1464	1813.000	16689.826
WYF00014.asd	1465	1814.000	16790.610
WYF00014.asd	1466	1815.000	16887.717
WYF00014.asd	1467	1816.000	16974.219
WYF00014.asd	1468	1817.000	17062.548
WYF00014.asd	1469	1818.000	17146.336
WYF00014.asd	1470	1819.000	17219.230
WYF00014.asd	1471	1820.000	17300.258
WYF00014.asd	1472	1821.000	17381.922
WYF00014.asd	1473	1822.000	17465.655
WYF00014.asd	1474	1823.000	17553.941
WYF00014.asd	1475	1824.000	17639.442
WYF00014.asd	1476	1825.000	17724.102
WYF00014.asd	1477	1826.000	17812.127
WYF00014.asd	1478	1827.000	17893.810
WYF00014.asd	1479	1828.000	17975.306
WYF00014.asd	1480	1829.000	18048.408
WYF00014.asd	1481	1830.000	18117.519
WYF00014.asd	1482	1831.000	18181.124
WYF00014.asd	1483	1832.000	18239.344
WYF00014.asd	1484	1833.000	18291.853
WYF00014.asd	1485	1834.000	18328.540
WYF00014.asd	1486	1835.000	18376.894
WYF00014.asd	1487	1836.000	18427.212
WYF00014.asd	1488	1837.000	18469.206
WYF00014.asd	1489	1838.000	18532.175
WYF00014.asd	1490	1839.000	18604.739
WYF00014.asd	1491	1840.000	18687.949
WYF00014.asd	1492	1841.000	18786.945
WYF00014.asd	1493	1842.000	18884.494
WYF00014.asd	1494	1843.000	19002.657
WYF00014.asd	1495	1844.000	19104.196
WYF00014.asd	1496	1845.000	19206.880
WYF00014.asd	1497	1846.000	19294.342
WYF00014.asd	1498	1847.000	19383.090
WYF00014.asd	1499	1848.000	19464.269
WYF00014.asd	1500	1849.000	19543.249
WYF00014.asd	1501	1850.000	19623.188
WYF00014.asd	1502	1851.000	19692.362
WYF00014.asd	1503	1852.000	19751.552
WYF00014.asd	1504	1853.000	19809.668
WYF00014.asd	1505	1854.000	19865.339
WYF00014.asd	1506	1855.000	19912.450
WYF00014.asd	1507	1856.000	19953.725
WYF00014.asd	1508	1857.000	19989.446
WYF00014.asd	1509	1858.000	20023.342
WYF00014.asd	1510	1859.000	20052.315
WYF00014.asd	1511	1860.000	20073.730
WYF00014.asd	1512	1861.000	20111.053
WYF00014.asd	1513	1862.000	20105.344
WYF00014.asd	1514	1863.000	20093.517
WYF00014.asd	1515	1864.000	20039.648
WYF00014.asd	1516	1865.000	19948.263
WYF00014.asd	1517	1866.000	19834.817
WYF00014.asd	1518	1867.000	19694.050
WYF00014.asd	1519	1868.000	19503.324
WYF00014.asd	1520	1869.000	19341.609
WYF00014.asd	1521	1870.000	19142.555
WYF00014.asd	1522	1871.000	18997.381
WYF00014.asd	1523	1872.000	18863.556
WYF00014.asd	1524	1873.000	18761.731
WYF00014.asd	1525	1874.000	18707.480
WYF00014.asd	1526	1875.000	18643.037
WYF00014.asd	1527	1876.000	18604.948
WYF00014.asd	1528	1877.000	18569.190
WYF00014.asd	1529	1878.000	18501.999
WYF00014.asd	1530	1879.000	18444.020
WYF00014.asd	1531	1880.000	18325.495
WYF00014.asd	1532	1881.000	18179.983
WYF00014.asd	1533	1882.000	17997.859
WYF00014.asd	1534	1883.000	17769.207
WYF00014.asd	1535	1884.000	17521.121
WYF00014.asd	1536	1885.000	17231.404
WYF00014.asd	1537	1886.000	16937.550
WYF00014.asd	1538	1887.000	16613.064
WYF00014.asd	1539	1888.000	16286.404
WYF00014.asd	1540	1889.000	15953.747
WYF00014.asd	1541	1890.000	15607.245
WYF00014.asd	1542	1891.000	15268.685
WYF00014.asd	1543	1892.000	14927.166
WYF00014.asd	1544	1893.000	14581.297
WYF00014.asd	1545	1894.000	14230.483
WYF00014.asd	1546	1895.000	13888.841
WYF00014.asd	1547	1896.000	13542.768
WYF00014.asd	1548	1897.000	13205.533
WYF00014.asd	1549	1898.000	12873.943
WYF00014.asd	1550	1899.000	12545.130
WYF00014.asd	1551	1900.000	12240.987
WYF00014.asd	1552	1901.000	11935.503
WYF00014.asd	1553	1902.000	11666.282
WYF00014.asd	1554	1903.000	11419.238
WYF00014.asd	1555	1904.000	11203.564
WYF00014.asd	1556	1905.000	11019.587
WYF00014.asd	1557	1906.000	10849.136
WYF00014.asd	1558	1907.000	10709.794
WYF00014.asd	1559	1908.000	10583.329
WYF00014.asd	1560	1909.000	10467.179
WYF00014.asd	1561	1910.000	10359.188
WYF00014.asd	1562	1911.000	10260.470
WYF00014.asd	1563	1912.000	10177.224
WYF00014.asd	1564	1913.000	10095.824
WYF00014.asd	1565	1914.000	10020.519
WYF00014.asd	1566	1915.000	9952.198
WYF00014.asd	1567	1916.000	9889.687
WYF00014.asd	1568	1917.000	9835.803
WYF00014.asd	1569	1918.000	9787.903
WYF00014.asd	1570	1919.000	9748.056
WYF00014.asd	1571	1920.000	9722.438
WYF00014.asd	1572	1921.000	9706.122
WYF00014.asd	1573	1922.000	9699.550
WYF00014.asd	1574	1923.000	9706.459
WYF00014.asd	1575	1924.000	9717.623
WYF00014.asd	1576	1925.000	9739.175
WYF00014.asd	1577	1926.000	9761.876
WYF00014.asd	1578	1927.000	9793.664
WYF00014.asd	1579	1928.000	9824.643
WYF00014.asd	1580	1929.000	9858.009
WYF00014.asd	1581	1930.000	9893.896
WYF00014.asd	1582	1931.000	9931.332
WYF00014.asd	1583	1932.000	9966.712
WYF00014.asd	1584	1933.000	10005.537
WYF00014.asd	1585	1934.000	10047.319
WYF00014.asd	1586	1935.000	10091.211
WYF00014.asd	1587	1936.000	10137.565
WYF00014.asd	1588	1937.000	10187.933
WYF00014.asd	1589	1938.000	10240.701
WYF00014.asd	1590	1939.000	10296.270
WYF00014.asd	1591	1940.000	10357.174
WYF00014.asd	1592	1941.000	10416.635
WYF00014.asd	1593	1942.000	10479.032
WYF00014.asd	1594	1943.000	10544.613
WYF00014.asd	1595	1944.000	10610.066
WYF00014.asd	1596	1945.000	10681.487
WYF00014.asd	1597	1946.000	10752.645
WYF00014.asd	1598	1947.000	10826.886
WYF00014.asd	1599	1948.000	10898.000
WYF00014.asd	1600	1949.000	10969.045
WYF00014.asd	1601	1950.000	11040.322
WYF00014.asd	1602	1951.000	11110.794
WYF00014.asd	1603	1952.000	11181.893
WYF00014.asd	1604	1953.000	11253.244
WYF00014.asd	1605	1954.000	11326.070
WYF00014.asd	1606	1955.000	11398.644
WYF00014.asd	1607	1956.000	11469.662
WYF00014.asd	1608	1957.000	11542.831
WYF00014.asd	1609	1958.000	11614.108
WYF00014.asd	1610	1959.000	11688.215
WYF00014.asd	1611	1960.000	11764.153
WYF00014.asd	1612	1961.000	11838.869
WYF00014.asd	1613	1962.000	11914.868
WYF00014.asd	1614	1963.000	11991.421
WYF00014.asd	1615	1964.000	12069.737
WYF00014.asd	1616	1965.000	12142.866
WYF00014.asd	1617	1966.000	12216.315
WYF00014.asd	1618	1967.000	12286.160
WYF00014.asd	1619	1968.000	12352.093
WYF00014.asd	1620	1969.000	12419.768
WYF00014.asd	1621	1970.000	12485.974
WYF00014.asd	1622	1971.000	12551.984
WYF00014.asd	1623	1972.000	12618.923
WYF00014.asd	1624	1973.000	12684.495
WYF00014.asd	1625	1974.000	12749.812
WYF00014.asd	1626	1975.000	12816.568
WYF00014.asd	1627	1976.000	12881.412
WYF00014.asd	1628	1977.000	12944.554
WYF00014.asd	1629	1978.000	13008.294
WYF00014.asd	1630	1979.000	13069.214
WYF00014.asd	1631	1980.000	13133.412
WYF00014.asd	1632	1981.000	13198.927
WYF00014.asd	1633	1982.000	13261.607
WYF00014.asd	1634	1983.000	13323.418
WYF00014.asd	1635	1984.000	13385.781
WYF00014.asd	1636	1985.000	13446.416
WYF00014.asd	1637	1986.000	13505.049
WYF00014.asd	1638	1987.000	13562.429
WYF00014.asd	1639	1988.000	13618.581
WYF00014.asd	1640	1989.000	13675.764
WYF00014.asd	1641	1990.000	13730.924
WYF00014.asd	1642	1991.000	13782.925
WYF00014.asd	1643	1992.000	13836.474
WYF00014.asd	1644	1993.000	13886.252
WYF00014.asd	1645	1994.000	13932.796
WYF00014.asd	1646	1995.000	13982.315
WYF00014.asd	1647	1996.000	14029.755
WYF00014.asd	1648	1997.000	14077.518
WYF00014.asd	1649	1998.000	14122.290
WYF00014.asd	1650	1999.000	14166.313
WYF00014.asd	1651	2000.000	14206.206
WYF00014.asd	1652	2001.000	14243.399
WYF00014.asd	1653	2002.000	14277.261
WYF00014.asd	1654	2003.000	14310.445
WYF00014.asd	1655	2004.000	14342.567
WYF00014.asd	1656	2005.000	14371.729
WYF00014.asd	1657	2006.000	14402.505
WYF00014.asd	1658	2007.000	14430.878
WYF00014.asd	1659	2008.000	14454.210
WYF00014.asd	1660	2009.000	14475.707
WYF00014.asd	1661	2010.000	14495.164
WYF00014.asd	1662	2011.000	14511.997
WYF00014.asd	1663	2012.000	14525.591
WYF00014.asd	1664	2013.000	14537.961
WYF00014.asd	1665	2014.000	14548.754
WYF00014.asd	1666	2015.000	14557.221
WYF00014.asd	1667	2016.000	14563.405
WYF00014.asd	1668	2017.000	14564.462
WYF00014.asd	1669	2018.000	14563.350
WYF00014.asd	1670	2019.000	14560.149
WYF00014.asd	1671	2020.000	14554.281
WYF00014.asd	1672	2021.000	14546.909
WYF00014.asd	1673	2022.000	14537.601
WYF00014.asd	1674	2023.000	14525.424
WYF00014.asd	1675	2024.000	14509.042
WYF00014.asd	1676	2025.000	14487.902
WYF00014.asd	1677	2026.000	14466.507
WYF00014.asd	1678	2027.000	14442.728
WYF00014.asd	1679	2028.000	14415.794
WYF00014.asd	1680	2029.000	14386.267
WYF00014.asd	1681	2030.000	14355.875
WYF00014.asd	1682	2031.000	14325.012
WYF00014.asd	1683	2032.000	14288.584
WYF00014.asd	1684	2033.000	14252.546
WYF00014.asd	1685	2034.000	14215.547
WYF00014.asd	1686	2035.000	14173.333
WYF00014.asd	1687	2036.000	14132.278
WYF00014.asd	1688	2037.000	14088.811
WYF00014.asd	1689	2038.000	14042.287
WYF00014.asd	1690	2039.000	13997.475
WYF00014.asd	1691	2040.000	13951.817
WYF00014.asd	1692	2041.000	13905.133
WYF00014.asd	1693	2042.000	13858.462
WYF00014.asd	1694	2043.000	13814.038
WYF00014.asd	1695	2044.000	13764.777
WYF00014.asd	1696	2045.000	13716.434
WYF00014.asd	1697	2046.000	13668.065
WYF00014.asd	1698	2047.000	13615.631
WYF00014.asd	1699	2048.000	13565.620
WYF00014.asd	1700	2049.000	13517.336
WYF00014.asd	1701	2050.000	13471.909
WYF00014.asd	1702	2051.000	13430.292
WYF00014.asd	1703	2052.000	13387.590
WYF00014.asd	1704	2053.000	13345.380
WYF00014.asd	1705	2054.000	13304.568
WYF00014.asd	1706	2055.000	13263.397
WYF00014.asd	1707	2056.000	13224.135
WYF00014.asd	1708	2057.000	13190.360
WYF00014.asd	1709	2058.000	13159.322
WYF00014.asd	1710	2059.000	13132.025
WYF00014.asd	1711	2060.000	13106.219
WYF00014.asd	1712	2061.000	13078.430
WYF00014.asd	1713	2062.000	13051.332
WYF00014.asd	1714	2063.000	13024.692
WYF00014.asd	1715	2064.000	12997.681
WYF00014.asd	1716	2065.000	12974.025
WYF00014.asd	1717	2066.000	12950.056
WYF00014.asd	1718	2067.000	12925.847
WYF00014.asd	1719	2068.000	12902.029
WYF00014.asd	1720	2069.000	12879.113
WYF00014.asd	1721	2070.000	12855.496
WYF00014.asd	1722	2071.000	12833.692
WYF00014.asd	1723	2072.000	12813.741
WYF00014.asd	1724	2073.000	12792.442
WYF00014.asd	1725	2074.000	12774.564
WYF00014.asd	1726	2075.000	12755.589
WYF00014.asd	1727	2076.000	12734.793
WYF00014.asd	1728	2077.000	12714.429
WYF00014.asd	1729	2078.000	12692.117
WYF00014.asd	1730	2079.000	12671.088
WYF00014.asd	1731	2080.000	12651.529
WYF00014.asd	1732	2081.000	12633.138
WYF00014.asd	1733	2082.000	12615.495
WYF00014.asd	1734	2083.000	12598.797
WYF00014.asd	1735	2084.000	12581.531
WYF00014.asd	1736	2085.000	12565.078
WYF00014.asd	1737	2086.000	12548.521
WYF00014.asd	1738	2087.000	12531.514
WYF00014.asd	1739	2088.000	12514.760
WYF00014.asd	1740	2089.000	12496.104
WYF00014.asd	1741	2090.000	12477.656
WYF00014.asd	1742	2091.000	12459.417
WYF00014.asd	1743	2092.000	12440.597
WYF00014.asd	1744	2093.000	12423.533
WYF00014.asd	1745	2094.000	12406.929
WYF00014.asd	1746	2095.000	12389.866
WYF00014.asd	1747	2096.000	12373.585
WYF00014.asd	1748	2097.000	12356.763
WYF00014.asd	1749	2098.000	12340.323
WYF00014.asd	1750	2099.000	12323.363
WYF00014.asd	1751	2100.000	12304.387
WYF00014.asd	1752	2101.000	12287.085
WYF00014.asd	1753	2102.000	12270.537
WYF00014.asd	1754	2103.000	12254.918
WYF00014.asd	1755	2104.000	12237.856
WYF00014.asd	1756	2105.000	12223.696
WYF00014.asd	1757	2106.000	12207.975
WYF00014.asd	1758	2107.000	12191.024
WYF00014.asd	1759	2108.000	12178.284
WYF00014.asd	1760	2109.000	12163.794
WYF00014.asd	1761	2110.000	12148.445
WYF00014.asd	1762	2111.000	12132.949
WYF00014.asd	1763	2112.000	12115.132
WYF00014.asd	1764	2113.000	12099.268
WYF00014.asd	1765	2114.000	12083.548
WYF00014.asd	1766	2115.000	12068.700
WYF00014.asd	1767	2116.000	12053.971
WYF00014.asd	1768	2117.000	12039.799
WYF00014.asd	1769	2118.000	12023.840
WYF00014.asd	1770	2119.000	12006.984
WYF00014.asd	1771	2120.000	11992.469
WYF00014.asd	1772	2121.000	11975.444
WYF00014.asd	1773	2122.000	11959.514
WYF00014.asd	1774	2123.000	11945.412
WYF00014.asd	1775	2124.000	11928.805
WYF00014.asd	1776	2125.000	11912.759
WYF00014.asd	1777	2126.000	11896.314
WYF00014.asd	1778	2127.000	11877.307
WYF00014.asd	1779	2128.000	11858.671
WYF00014.asd	1780	2129.000	11839.463
WYF00014.asd	1781	2130.000	11819.875
WYF00014.asd	1782	2131.000	11801.805
WYF00014.asd	1783	2132.000	11784.738
WYF00014.asd	1784	2133.000	11767.420
WYF00014.asd	1785	2134.000	11749.702
WYF00014.asd	1786	2135.000	11733.416
WYF00014.asd	1787	2136.000	11718.606
WYF00014.asd	1788	2137.000	11701.623
WYF00014.asd	1789	2138.000	11685.188
WYF00014.asd	1790	2139.000	11671.861
WYF00014.asd	1791	2140.000	11656.707
WYF00014.asd	1792	2141.000	11642.952
WYF00014.asd	1793	2142.000	11630.590
WYF00014.asd	1794	2143.000	11616.205
WYF00014.asd	1795	2144.000	11603.420
WYF00014.asd	1796	2145.000	11590.846
WYF00014.asd	1797	2146.000	11577.961
WYF00014.asd	1798	2147.000	11566.851
WYF00014.asd	1799	2148.000	11553.780
WYF00014.asd	1800	2149.000	11539.956
WYF00014.asd	1801	2150.000	11527.556
WYF00014.asd	1802	2151.000	11516.142
WYF00014.asd	1803	2152.000	11503.401
WYF00014.asd	1804	2153.000	11491.781
WYF00014.asd	1805	2154.000	11478.454
WYF00014.asd	1806	2155.000	11463.087
WYF00014.asd	1807	2156.000	11448.886
WYF00014.asd	1808	2157.000	11436.760
WYF00014.asd	1809	2158.000	11424.000
WYF00014.asd	1810	2159.000	11410.405
WYF00014.asd	1811	2160.000	11396.897
WYF00014.asd	1812	2161.000	11383.642
WYF00014.asd	1813	2162.000	11370.469
WYF00014.asd	1814	2163.000	11358.366
WYF00014.asd	1815	2164.000	11346.441
WYF00014.asd	1816	2165.000	11332.025
WYF00014.asd	1817	2166.000	11315.221
WYF00014.asd	1818	2167.000	11300.020
WYF00014.asd	1819	2168.000	11286.259
WYF00014.asd	1820	2169.000	11271.740
WYF00014.asd	1821	2170.000	11258.436
WYF00014.asd	1822	2171.000	11245.423
WYF00014.asd	1823	2172.000	11233.765
WYF00014.asd	1824	2173.000	11220.173
WYF00014.asd	1825	2174.000	11205.868
WYF00014.asd	1826	2175.000	11191.208
WYF00014.asd	1827	2176.000	11175.763
WYF00014.asd	1828	2177.000	11159.784
WYF00014.asd	1829	2178.000	11143.591
WYF00014.asd	1830	2179.000	11128.239
WYF00014.asd	1831	2180.000	11111.175
WYF00014.asd	1832	2181.000	11093.640
WYF00014.asd	1833	2182.000	11075.660
WYF00014.asd	1834	2183.000	11056.438
WYF00014.asd	1835	2184.000	11036.983
WYF00014.asd	1836	2185.000	11012.622
WYF00014.asd	1837	2186.000	10986.524
WYF00014.asd	1838	2187.000	10962.563
WYF00014.asd	1839	2188.000	10936.222
WYF00014.asd	1840	2189.000	10909.662
WYF00014.asd	1841	2190.000	10882.425
WYF00014.asd	1842	2191.000	10853.047
WYF00014.asd	1843	2192.000	10823.227
WYF00014.asd	1844	2193.000	10791.522
WYF00014.asd	1845	2194.000	10760.675
WYF00014.asd	1846	2195.000	10730.200
WYF00014.asd	1847	2196.000	10698.443
WYF00014.asd	1848	2197.000	10665.123
WYF00014.asd	1849	2198.000	10634.475
WYF00014.asd	1850	2199.000	10603.747
WYF00014.asd	1851	2200.000	10573.261
WYF00014.asd	1852	2201.000	10546.062
WYF00014.asd	1853	2202.000	10518.490
WYF00014.asd	1854	2203.000	10489.805
WYF00014.asd	1855	2204.000	10462.862
WYF00014.asd	1856	2205.000	10437.476
WYF00014.asd	1857	2206.000	10413.164
WYF00014.asd	1858	2207.000	10388.593
WYF00014.asd	1859	2208.000	10363.814
WYF00014.asd	1860	2209.000	10340.235
WYF00014.asd	1861	2210.000	10315.760
WYF00014.asd	1862	2211.000	10293.462
WYF00014.asd	1863	2212.000	10272.875
WYF00014.asd	1864	2213.000	10250.085
WYF00014.asd	1865	2214.000	10226.656
WYF00014.asd	1866	2215.000	10200.284
WYF00014.asd	1867	2216.000	10170.687
WYF00014.asd	1868	2217.000	10141.884
WYF00014.asd	1869	2218.000	10112.619
WYF00014.asd	1870	2219.000	10080.380
WYF00014.asd	1871	2220.000	10047.929
WYF00014.asd	1872	2221.000	10012.902
WYF00014.asd	1873	2222.000	9975.034
WYF00014.asd	1874	2223.000	9934.881
WYF00014.asd	1875	2224.000	9891.807
WYF00014.asd	1876	2225.000	9847.733
WYF00014.asd	1877	2226.000	9800.247
WYF00014.asd	1878	2227.000	9746.621
WYF00014.asd	1879	2228.000	9691.307
WYF00014.asd	1880	2229.000	9633.847
WYF00014.asd	1881	2230.000	9573.229
WYF00014.asd	1882	2231.000	9512.144
WYF00014.asd	1883	2232.000	9447.582
WYF00014.asd	1884	2233.000	9378.848
WYF00014.asd	1885	2234.000	9309.503
WYF00014.asd	1886	2235.000	9235.758
WYF00014.asd	1887	2236.000	9160.777
WYF00014.asd	1888	2237.000	9089.026
WYF00014.asd	1889	2238.000	9012.477
WYF00014.asd	1890	2239.000	8933.538
WYF00014.asd	1891	2240.000	8855.549
WYF00014.asd	1892	2241.000	8774.780
WYF00014.asd	1893	2242.000	8695.488
WYF00014.asd	1894	2243.000	8617.417
WYF00014.asd	1895	2244.000	8537.746
WYF00014.asd	1896	2245.000	8456.645
WYF00014.asd	1897	2246.000	8377.575
WYF00014.asd	1898	2247.000	8299.262
WYF00014.asd	1899	2248.000	8221.315
WYF00014.asd	1900	2249.000	8144.306
WYF00014.asd	1901	2250.000	8067.167
WYF00014.asd	1902	2251.000	7991.618
WYF00014.asd	1903	2252.000	7909.903
WYF00014.asd	1904	2253.000	7831.703
WYF00014.asd	1905	2254.000	7757.072
WYF00014.asd	1906	2255.000	7679.339
WYF00014.asd	1907	2256.000	7607.765
WYF00014.asd	1908	2257.000	7536.693
WYF00014.asd	1909	2258.000	7464.074
WYF00014.asd	1910	2259.000	7396.037
WYF00014.asd	1911	2260.000	7327.238
WYF00014.asd	1912	2261.000	7258.617
WYF00014.asd	1913	2262.000	7192.975
WYF00014.asd	1914	2263.000	7128.932
WYF00014.asd	1915	2264.000	7067.455
WYF00014.asd	1916	2265.000	7006.149
WYF00014.asd	1917	2266.000	6946.789
WYF00014.asd	1918	2267.000	6890.717
WYF00014.asd	1919	2268.000	6832.758
WYF00014.asd	1920	2269.000	6776.221
WYF00014.asd	1921	2270.000	6724.207
WYF00014.asd	1922	2271.000	6675.229
WYF00014.asd	1923	2272.000	6629.117
WYF00014.asd	1924	2273.000	6584.331
WYF00014.asd	1925	2274.000	6544.224
WYF00014.asd	1926	2275.000	6502.975
WYF00014.asd	1927	2276.000	6461.180
WYF00014.asd	1928	2277.000	6419.897
WYF00014.asd	1929	2278.000	6379.365
WYF00014.asd	1930	2279.000	6340.923
WYF00014.asd	1931	2280.000	6303.572
WYF00014.asd	1932	2281.000	6267.450
WYF00014.asd	1933	2282.000	6235.060
WYF00014.asd	1934	2283.000	6199.540
WYF00014.asd	1935	2284.000	6163.705
WYF00014.asd	1936	2285.000	6125.547
WYF00014.asd	1937	2286.000	6085.821
WYF00014.asd	1938	2287.000	6046.451
WYF00014.asd	1939	2288.000	6005.337
WYF00014.asd	1940	2289.000	5963.401
WYF00014.asd	1941	2290.000	5919.239
WYF00014.asd	1942	2291.000	5873.630
WYF00014.asd	1943	2292.000	5828.451
WYF00014.asd	1944	2293.000	5782.011
WYF00014.asd	1945	2294.000	5734.269
WYF00014.asd	1946	2295.000	5685.244
WYF00014.asd	1947	2296.000	5636.271
WYF00014.asd	1948	2297.000	5587.874
WYF00014.asd	1949	2298.000	5537.030
WYF00014.asd	1950	2299.000	5485.960
WYF00014.asd	1951	2300.000	5435.529
WYF00014.asd	1952	2301.000	5382.666
WYF00014.asd	1953	2302.000	5333.861
WYF00014.asd	1954	2303.000	5289.992
WYF00014.asd	1955	2304.000	5247.387
WYF00014.asd	1956	2305.000	5208.203
WYF00014.asd	1957	2306.000	5170.937
WYF00014.asd	1958	2307.000	5134.997
WYF00014.asd	1959	2308.000	5100.903
WYF00014.asd	1960	2309.000	5067.405
WYF00014.asd	1961	2310.000	5036.766
WYF00014.asd	1962	2311.000	5008.739
WYF00014.asd	1963	2312.000	4982.769
WYF00014.asd	1964	2313.000	4959.652
WYF00014.asd	1965	2314.000	4935.807
WYF00014.asd	1966	2315.000	4915.767
WYF00014.asd	1967	2316.000	4891.531
WYF00014.asd	1968	2317.000	4865.766
WYF00014.asd	1969	2318.000	4838.440
WYF00014.asd	1970	2319.000	4808.210
WYF00014.asd	1971	2320.000	4778.634
WYF00014.asd	1972	2321.000	4748.945
WYF00014.asd	1973	2322.000	4718.205
WYF00014.asd	1974	2323.000	4687.213
WYF00014.asd	1975	2324.000	4654.422
WYF00014.asd	1976	2325.000	4619.992
WYF00014.asd	1977	2326.000	4584.752
WYF00014.asd	1978	2327.000	4547.350
WYF00014.asd	1979	2328.000	4511.726
WYF00014.asd	1980	2329.000	4477.897
WYF00014.asd	1981	2330.000	4440.598
WYF00014.asd	1982	2331.000	4401.931
WYF00014.asd	1983	2332.000	4363.113
WYF00014.asd	1984	2333.000	4320.448
WYF00014.asd	1985	2334.000	4279.497
WYF00014.asd	1986	2335.000	4239.347
WYF00014.asd	1987	2336.000	4201.603
WYF00014.asd	1988	2337.000	4160.474
WYF00014.asd	1989	2338.000	4121.987
WYF00014.asd	1990	2339.000	4083.929
WYF00014.asd	1991	2340.000	4042.848
WYF00014.asd	1992	2341.000	4004.671
WYF00014.asd	1993	2342.000	3965.883
WYF00014.asd	1994	2343.000	3926.727
WYF00014.asd	1995	2344.000	3891.356
WYF00014.asd	1996	2345.000	3854.888
WYF00014.asd	1997	2346.000	3820.853
WYF00014.asd	1998	2347.000	3790.404
WYF00014.asd	1999	2348.000	3760.141
WYF00014.asd	2000	2349.000	3733.880
WYF00014.asd	2001	2350.000	3707.333
WYF00014.asd	2002	2351.000	3679.269
WYF00014.asd	2003	2352.000	3652.707
WYF00014.asd	2004	2353.000	3625.869
WYF00014.asd	2005	2354.000	3601.029
WYF00014.asd	2006	2355.000	3578.195
WYF00014.asd	2007	2356.000	3554.733
WYF00014.asd	2008	2357.000	3533.018
WYF00014.asd	2009	2358.000	3508.625
WYF00014.asd	2010	2359.000	3481.593
WYF00014.asd	2011	2360.000	3457.149
WYF00014.asd	2012	2361.000	3428.950
WYF00014.asd	2013	2362.000	3401.337
WYF00014.asd	2014	2363.000	3375.147
WYF00014.asd	2015	2364.000	3345.009
WYF00014.asd	2016	2365.000	3318.366
WYF00014.asd	2017	2366.000	3291.351
WYF00014.asd	2018	2367.000	3260.966
WYF00014.asd	2019	2368.000	3232.765
WYF00014.asd	2020	2369.000	3203.951
WYF00014.asd	2021	2370.000	3173.953
WYF00014.asd	2022	2371.000	3145.560
WYF00014.asd	2023	2372.000	3119.827
WYF00014.asd	2024	2373.000	3092.425
WYF00014.asd	2025	2374.000	3064.389
WYF00014.asd	2026	2375.000	3035.723
WYF00014.asd	2027	2376.000	3006.348
WYF00014.asd	2028	2377.000	2978.424
WYF00014.asd	2029	2378.000	2950.349
WYF00014.asd	2030	2379.000	2922.613
WYF00014.asd	2031	2380.000	2896.308
WYF00014.asd	2032	2381.000	2869.658
WYF00014.asd	2033	2382.000	2842.042
WYF00014.asd	2034	2383.000	2815.534
WYF00014.asd	2035	2384.000	2790.120
WYF00014.asd	2036	2385.000	2764.190
WYF00014.asd	2037	2386.000	2738.610
WYF00014.asd	2038	2387.000	2712.612
WYF00014.asd	2039	2388.000	2686.589
WYF00014.asd	2040	2389.000	2660.156
WYF00014.asd	2041	2390.000	2633.111
WYF00014.asd	2042	2391.000	2605.508
WYF00014.asd	2043	2392.000	2577.210
WYF00014.asd	2044	2393.000	2550.838
WYF00014.asd	2045	2394.000	2525.060
WYF00014.asd	2046	2395.000	2498.913
WYF00014.asd	2047	2396.000	2474.017
WYF00014.asd	2048	2397.000	2447.533
WYF00014.asd	2049	2398.000	2419.121
WYF00014.asd	2050	2399.000	2392.490
WYF00014.asd	2051	2400.000	2366.926
WYF00014.asd	2052	2401.000	2340.558
WYF00014.asd	2053	2402.000	2314.587
WYF00014.asd	2054	2403.000	2287.907
WYF00014.asd	2055	2404.000	2260.136
WYF00014.asd	2056	2405.000	2233.189
WYF00014.asd	2057	2406.000	2206.329
WYF00014.asd	2058	2407.000	2179.422
WYF00014.asd	2059	2408.000	2153.116
WYF00014.asd	2060	2409.000	2125.902
WYF00014.asd	2061	2410.000	2098.236
WYF00014.asd	2062	2411.000	2070.901
WYF00014.asd	2063	2412.000	2043.024
WYF00014.asd	2064	2413.000	2016.140
WYF00014.asd	2065	2414.000	1989.514
WYF00014.asd	2066	2415.000	1963.071
WYF00014.asd	2067	2416.000	1937.202
WYF00014.asd	2068	2417.000	1910.735
WYF00014.asd	2069	2418.000	1884.155
WYF00014.asd	2070	2419.000	1858.589
WYF00014.asd	2071	2420.000	1833.226
WYF00014.asd	2072	2421.000	1808.349
WYF00014.asd	2073	2422.000	1784.311
WYF00014.asd	2074	2423.000	1759.615
WYF00014.asd	2075	2424.000	1734.201
WYF00014.asd	2076	2425.000	1710.408
WYF00014.asd	2077	2426.000	1687.648
WYF00014.asd	2078	2427.000	1664.210
WYF00014.asd	2079	2428.000	1641.410
WYF00014.asd	2080	2429.000	1618.371
WYF00014.asd	2081	2430.000	1594.469
WYF00014.asd	2082	2431.000	1571.524
WYF00014.asd	2083	2432.000	1549.760
WYF00014.asd	2084	2433.000	1526.642
WYF00014.asd	2085	2434.000	1502.978
WYF00014.asd	2086	2435.000	1479.841
WYF00014.asd	2087	2436.000	1456.041
WYF00014.asd	2088	2437.000	1433.757
WYF00014.asd	2089	2438.000	1412.171
WYF00014.asd	2090	2439.000	1390.911
WYF00014.asd	2091	2440.000	1370.153
WYF00014.asd	2092	2441.000	1350.036
WYF00014.asd	2093	2442.000	1331.159
WYF00014.asd	2094	2443.000	1310.862
WYF00014.asd	2095	2444.000	1290.535
WYF00014.asd	2096	2445.000	1270.285
WYF00014.asd	2097	2446.000	1249.176
WYF00014.asd	2098	2447.000	1228.028
WYF00014.asd	2099	2448.000	1206.742
WYF00014.asd	2100	2449.000	1185.870
WYF00014.asd	2101	2450.000	1168.565
WYF00014.asd	2102	2451.000	1153.358
WYF00014.asd	2103	2452.000	1136.452
WYF00014.asd	2104	2453.000	1121.947
WYF00014.asd	2105	2454.000	1105.865
WYF00014.asd	2106	2455.000	1087.954
WYF00014.asd	2107	2456.000	1072.293
WYF00014.asd	2108	2457.000	1055.321
WYF00014.asd	2109	2458.000	1036.790
WYF00014.asd	2110	2459.000	1020.065
WYF00014.asd	2111	2460.000	1003.828
WYF00014.asd	2112	2461.000	987.502
WYF00014.asd	2113	2462.000	971.656
WYF00014.asd	2114	2463.000	957.221
WYF00014.asd	2115	2464.000	942.051
WYF00014.asd	2116	2465.000	926.224
WYF00014.asd	2117	2466.000	911.117
WYF00014.asd	2118	2467.000	895.481
WYF00014.asd	2119	2468.000	881.133
WYF00014.asd	2120	2469.000	868.538
WYF00014.asd	2121	2470.000	854.978
WYF00014.asd	2122	2471.000	841.212
WYF00014.asd	2123	2472.000	828.360
WYF00014.asd	2124	2473.000	815.499
WYF00014.asd	2125	2474.000	802.926
WYF00014.asd	2126	2475.000	792.926
WYF00014.asd	2127	2476.000	779.695
WYF00014.asd	2128	2477.000	762.967
WYF00014.asd	2129	2478.000	749.333
WYF00014.asd	2130	2479.000	735.355
WYF00014.asd	2131	2480.000	722.427
WYF00014.asd	2132	2481.000	712.472
WYF00014.asd	2133	2482.000	701.192
WYF00014.asd	2134	2483.000	689.139
WYF00014.asd	2135	2484.000	677.318
WYF00014.asd	2136	2485.000	665.471
WYF00014.asd	2137	2486.000	654.310
WYF00014.asd	2138	2487.000	643.397
WYF00014.asd	2139	2488.000	632.292
WYF00014.asd	2140	2489.000	621.957
WYF00014.asd	2141	2490.000	610.947
WYF00014.asd	2142	2491.000	599.735
WYF00014.asd	2143	2492.000	587.449
WYF00014.asd	2144	2493.000	574.668
WYF00014.asd	2145	2494.000	561.688
WYF00014.asd	2146	2495.000	546.823
WYF00014.asd	2147	2496.000	534.508
WYF00014.asd	2148	2497.000	523.456
WYF00014.asd	2149	2498.000	512.007
WYF00014.asd	2150	2499.000	502.232
WYF00014.asd	2151	2500.000	489.680
