WYF00015.asd	1	350.000	17.154
WYF00015.asd	2	351.000	16.800
WYF00015.asd	3	352.000	16.449
WYF00015.asd	4	353.000	19.510
WYF00015.asd	5	354.000	19.489
WYF00015.asd	6	355.000	18.760
WYF00015.asd	7	356.000	19.116
WYF00015.asd	8	357.000	20.623
WYF00015.asd	9	358.000	21.337
WYF00015.asd	10	359.000	22.518
WYF00015.asd	11	360.000	24.386
WYF00015.asd	12	361.000	24.451
WYF00015.asd	13	362.000	25.270
WYF00015.asd	14	363.000	26.168
WYF00015.asd	15	364.000	26.306
WYF00015.asd	16	365.000	26.910
WYF00015.asd	17	366.000	28.113
WYF00015.asd	18	367.000	29.262
WYF00015.asd	19	368.000	29.706
WYF00015.asd	20	369.000	30.727
WYF00015.asd	21	370.000	31.688
WYF00015.asd	22	371.000	32.598
WYF00015.asd	23	372.000	34.050
WYF00015.asd	24	373.000	36.938
WYF00015.asd	25	374.000	38.086
WYF00015.asd	26	375.000	36.904
WYF00015.asd	27	376.000	36.732
WYF00015.asd	28	377.000	37.816
WYF00015.asd	29	378.000	40.184
WYF00015.asd	30	379.000	42.554
WYF00015.asd	31	380.000	40.527
WYF00015.asd	32	381.000	41.728
WYF00015.asd	33	382.000	43.635
WYF00015.asd	34	383.000	42.237
WYF00015.asd	35	384.000	43.949
WYF00015.asd	36	385.000	45.668
WYF00015.asd	37	386.000	46.392
WYF00015.asd	38	387.000	46.910
WYF00015.asd	39	388.000	48.729
WYF00015.asd	40	389.000	49.755
WYF00015.asd	41	390.000	49.839
WYF00015.asd	42	391.000	51.601
WYF00015.asd	43	392.000	53.048
WYF00015.asd	44	393.000	54.163
WYF00015.asd	45	394.000	55.315
WYF00015.asd	46	395.000	56.886
WYF00015.asd	47	396.000	57.511
WYF00015.asd	48	397.000	58.336
WYF00015.asd	49	398.000	60.691
WYF00015.asd	50	399.000	62.364
WYF00015.asd	51	400.000	63.442
WYF00015.asd	52	401.000	64.755
WYF00015.asd	53	402.000	67.323
WYF00015.asd	54	403.000	69.272
WYF00015.asd	55	404.000	70.671
WYF00015.asd	56	405.000	71.974
WYF00015.asd	57	406.000	73.769
WYF00015.asd	58	407.000	76.364
WYF00015.asd	59	408.000	79.431
WYF00015.asd	60	409.000	82.343
WYF00015.asd	61	410.000	84.006
WYF00015.asd	62	411.000	86.938
WYF00015.asd	63	412.000	90.135
WYF00015.asd	64	413.000	91.821
WYF00015.asd	65	414.000	95.918
WYF00015.asd	66	415.000	99.792
WYF00015.asd	67	416.000	102.841
WYF00015.asd	68	417.000	106.737
WYF00015.asd	69	418.000	110.930
WYF00015.asd	70	419.000	115.137
WYF00015.asd	71	420.000	119.334
WYF00015.asd	72	421.000	123.992
WYF00015.asd	73	422.000	127.730
WYF00015.asd	74	423.000	131.784
WYF00015.asd	75	424.000	137.520
WYF00015.asd	76	425.000	143.189
WYF00015.asd	77	426.000	148.583
WYF00015.asd	78	427.000	154.322
WYF00015.asd	79	428.000	161.186
WYF00015.asd	80	429.000	165.886
WYF00015.asd	81	430.000	171.177
WYF00015.asd	82	431.000	178.181
WYF00015.asd	83	432.000	184.537
WYF00015.asd	84	433.000	191.982
WYF00015.asd	85	434.000	199.005
WYF00015.asd	86	435.000	204.541
WYF00015.asd	87	436.000	211.489
WYF00015.asd	88	437.000	219.052
WYF00015.asd	89	438.000	226.473
WYF00015.asd	90	439.000	233.157
WYF00015.asd	91	440.000	239.507
WYF00015.asd	92	441.000	247.024
WYF00015.asd	93	442.000	255.819
WYF00015.asd	94	443.000	264.245
WYF00015.asd	95	444.000	271.769
WYF00015.asd	96	445.000	280.474
WYF00015.asd	97	446.000	290.979
WYF00015.asd	98	447.000	298.218
WYF00015.asd	99	448.000	305.832
WYF00015.asd	100	449.000	314.169
WYF00015.asd	101	450.000	321.951
WYF00015.asd	102	451.000	327.573
WYF00015.asd	103	452.000	334.707
WYF00015.asd	104	453.000	343.726
WYF00015.asd	105	454.000	351.158
WYF00015.asd	106	455.000	358.861
WYF00015.asd	107	456.000	365.493
WYF00015.asd	108	457.000	370.551
WYF00015.asd	109	458.000	377.162
WYF00015.asd	110	459.000	382.841
WYF00015.asd	111	460.000	387.933
WYF00015.asd	112	461.000	393.481
WYF00015.asd	113	462.000	397.155
WYF00015.asd	114	463.000	402.049
WYF00015.asd	115	464.000	408.170
WYF00015.asd	116	465.000	412.232
WYF00015.asd	117	466.000	418.065
WYF00015.asd	118	467.000	424.046
WYF00015.asd	119	468.000	428.571
WYF00015.asd	120	469.000	432.398
WYF00015.asd	121	470.000	438.553
WYF00015.asd	122	471.000	445.140
WYF00015.asd	123	472.000	448.980
WYF00015.asd	124	473.000	452.957
WYF00015.asd	125	474.000	458.398
WYF00015.asd	126	475.000	464.759
WYF00015.asd	127	476.000	469.764
WYF00015.asd	128	477.000	475.204
WYF00015.asd	129	478.000	479.907
WYF00015.asd	130	479.000	483.781
WYF00015.asd	131	480.000	491.181
WYF00015.asd	132	481.000	497.229
WYF00015.asd	133	482.000	501.614
WYF00015.asd	134	483.000	506.142
WYF00015.asd	135	484.000	511.606
WYF00015.asd	136	485.000	518.635
WYF00015.asd	137	486.000	526.418
WYF00015.asd	138	487.000	532.689
WYF00015.asd	139	488.000	539.094
WYF00015.asd	140	489.000	547.261
WYF00015.asd	141	490.000	557.382
WYF00015.asd	142	491.000	565.504
WYF00015.asd	143	492.000	575.956
WYF00015.asd	144	493.000	588.280
WYF00015.asd	145	494.000	599.873
WYF00015.asd	146	495.000	611.623
WYF00015.asd	147	496.000	624.945
WYF00015.asd	148	497.000	639.752
WYF00015.asd	149	498.000	653.975
WYF00015.asd	150	499.000	670.062
WYF00015.asd	151	500.000	687.507
WYF00015.asd	152	501.000	705.502
WYF00015.asd	153	502.000	724.872
WYF00015.asd	154	503.000	745.047
WYF00015.asd	155	504.000	765.827
WYF00015.asd	156	505.000	787.460
WYF00015.asd	157	506.000	812.127
WYF00015.asd	158	507.000	836.479
WYF00015.asd	159	508.000	859.996
WYF00015.asd	160	509.000	887.585
WYF00015.asd	161	510.000	917.291
WYF00015.asd	162	511.000	947.937
WYF00015.asd	163	512.000	978.929
WYF00015.asd	164	513.000	1011.429
WYF00015.asd	165	514.000	1044.458
WYF00015.asd	166	515.000	1078.981
WYF00015.asd	167	516.000	1117.014
WYF00015.asd	168	517.000	1153.454
WYF00015.asd	169	518.000	1190.965
WYF00015.asd	170	519.000	1231.237
WYF00015.asd	171	520.000	1271.619
WYF00015.asd	172	521.000	1312.029
WYF00015.asd	173	522.000	1352.329
WYF00015.asd	174	523.000	1392.660
WYF00015.asd	175	524.000	1434.300
WYF00015.asd	176	525.000	1474.291
WYF00015.asd	177	526.000	1513.364
WYF00015.asd	178	527.000	1555.814
WYF00015.asd	179	528.000	1594.731
WYF00015.asd	180	529.000	1633.500
WYF00015.asd	181	530.000	1674.357
WYF00015.asd	182	531.000	1710.536
WYF00015.asd	183	532.000	1747.908
WYF00015.asd	184	533.000	1786.670
WYF00015.asd	185	534.000	1824.655
WYF00015.asd	186	535.000	1863.980
WYF00015.asd	187	536.000	1904.850
WYF00015.asd	188	537.000	1945.820
WYF00015.asd	189	538.000	1983.466
WYF00015.asd	190	539.000	2026.990
WYF00015.asd	191	540.000	2071.797
WYF00015.asd	192	541.000	2112.973
WYF00015.asd	193	542.000	2158.550
WYF00015.asd	194	543.000	2205.122
WYF00015.asd	195	544.000	2252.005
WYF00015.asd	196	545.000	2300.450
WYF00015.asd	197	546.000	2350.322
WYF00015.asd	198	547.000	2400.625
WYF00015.asd	199	548.000	2451.261
WYF00015.asd	200	549.000	2504.124
WYF00015.asd	201	550.000	2557.409
WYF00015.asd	202	551.000	2611.624
WYF00015.asd	203	552.000	2668.088
WYF00015.asd	204	553.000	2728.119
WYF00015.asd	205	554.000	2787.125
WYF00015.asd	206	555.000	2845.756
WYF00015.asd	207	556.000	2909.767
WYF00015.asd	208	557.000	2971.933
WYF00015.asd	209	558.000	3034.251
WYF00015.asd	210	559.000	3097.896
WYF00015.asd	211	560.000	3156.831
WYF00015.asd	212	561.000	3212.880
WYF00015.asd	213	562.000	3267.206
WYF00015.asd	214	563.000	3320.030
WYF00015.asd	215	564.000	3366.682
WYF00015.asd	216	565.000	3407.542
WYF00015.asd	217	566.000	3443.088
WYF00015.asd	218	567.000	3473.149
WYF00015.asd	219	568.000	3496.535
WYF00015.asd	220	569.000	3513.146
WYF00015.asd	221	570.000	3523.368
WYF00015.asd	222	571.000	3527.206
WYF00015.asd	223	572.000	3529.191
WYF00015.asd	224	573.000	3532.513
WYF00015.asd	225	574.000	3539.064
WYF00015.asd	226	575.000	3549.724
WYF00015.asd	227	576.000	3565.567
WYF00015.asd	228	577.000	3585.201
WYF00015.asd	229	578.000	3602.587
WYF00015.asd	230	579.000	3617.699
WYF00015.asd	231	580.000	3625.813
WYF00015.asd	232	581.000	3623.404
WYF00015.asd	233	582.000	3621.487
WYF00015.asd	234	583.000	3625.487
WYF00015.asd	235	584.000	3634.746
WYF00015.asd	236	585.000	3642.415
WYF00015.asd	237	586.000	3654.397
WYF00015.asd	238	587.000	3665.894
WYF00015.asd	239	588.000	3671.594
WYF00015.asd	240	589.000	3671.854
WYF00015.asd	241	590.000	3671.053
WYF00015.asd	242	591.000	3670.196
WYF00015.asd	243	592.000	3669.677
WYF00015.asd	244	593.000	3684.376
WYF00015.asd	245	594.000	3707.799
WYF00015.asd	246	595.000	3732.834
WYF00015.asd	247	596.000	3756.123
WYF00015.asd	248	597.000	3783.498
WYF00015.asd	249	598.000	3813.627
WYF00015.asd	250	599.000	3843.574
WYF00015.asd	251	600.000	3874.694
WYF00015.asd	252	601.000	3908.061
WYF00015.asd	253	602.000	3942.464
WYF00015.asd	254	603.000	3974.484
WYF00015.asd	255	604.000	4000.870
WYF00015.asd	256	605.000	4020.272
WYF00015.asd	257	606.000	4033.358
WYF00015.asd	258	607.000	4043.787
WYF00015.asd	259	608.000	4053.370
WYF00015.asd	260	609.000	4063.051
WYF00015.asd	261	610.000	4072.846
WYF00015.asd	262	611.000	4080.881
WYF00015.asd	263	612.000	4089.205
WYF00015.asd	264	613.000	4098.134
WYF00015.asd	265	614.000	4105.152
WYF00015.asd	266	615.000	4110.544
WYF00015.asd	267	616.000	4113.279
WYF00015.asd	268	617.000	4112.984
WYF00015.asd	269	618.000	4112.761
WYF00015.asd	270	619.000	4109.811
WYF00015.asd	271	620.000	4105.226
WYF00015.asd	272	621.000	4102.802
WYF00015.asd	273	622.000	4100.994
WYF00015.asd	274	623.000	4098.277
WYF00015.asd	275	624.000	4094.066
WYF00015.asd	276	625.000	4089.415
WYF00015.asd	277	626.000	4087.713
WYF00015.asd	278	627.000	4086.205
WYF00015.asd	279	628.000	4081.231
WYF00015.asd	280	629.000	4079.295
WYF00015.asd	281	630.000	4077.648
WYF00015.asd	282	631.000	4073.594
WYF00015.asd	283	632.000	4065.322
WYF00015.asd	284	633.000	4056.565
WYF00015.asd	285	634.000	4045.785
WYF00015.asd	286	635.000	4030.756
WYF00015.asd	287	636.000	4010.878
WYF00015.asd	288	637.000	3987.959
WYF00015.asd	289	638.000	3960.488
WYF00015.asd	290	639.000	3925.863
WYF00015.asd	291	640.000	3889.793
WYF00015.asd	292	641.000	3849.539
WYF00015.asd	293	642.000	3805.523
WYF00015.asd	294	643.000	3764.831
WYF00015.asd	295	644.000	3721.104
WYF00015.asd	296	645.000	3676.675
WYF00015.asd	297	646.000	3635.070
WYF00015.asd	298	647.000	3592.272
WYF00015.asd	299	648.000	3555.671
WYF00015.asd	300	649.000	3524.662
WYF00015.asd	301	650.000	3492.254
WYF00015.asd	302	651.000	3466.651
WYF00015.asd	303	652.000	3444.134
WYF00015.asd	304	653.000	3421.603
WYF00015.asd	305	654.000	3402.557
WYF00015.asd	306	655.000	3381.397
WYF00015.asd	307	656.000	3358.365
WYF00015.asd	308	657.000	3335.532
WYF00015.asd	309	658.000	3309.927
WYF00015.asd	310	659.000	3281.048
WYF00015.asd	311	660.000	3249.175
WYF00015.asd	312	661.000	3215.295
WYF00015.asd	313	662.000	3182.541
WYF00015.asd	314	663.000	3148.574
WYF00015.asd	315	664.000	3112.552
WYF00015.asd	316	665.000	3082.124
WYF00015.asd	317	666.000	3056.388
WYF00015.asd	318	667.000	3034.102
WYF00015.asd	319	668.000	3014.195
WYF00015.asd	320	669.000	3000.193
WYF00015.asd	321	670.000	2990.568
WYF00015.asd	322	671.000	2984.479
WYF00015.asd	323	672.000	2983.132
WYF00015.asd	324	673.000	2986.432
WYF00015.asd	325	674.000	2994.214
WYF00015.asd	326	675.000	3006.831
WYF00015.asd	327	676.000	3027.258
WYF00015.asd	328	677.000	3050.520
WYF00015.asd	329	678.000	3076.238
WYF00015.asd	330	679.000	3108.180
WYF00015.asd	331	680.000	3150.645
WYF00015.asd	332	681.000	3201.581
WYF00015.asd	333	682.000	3261.757
WYF00015.asd	334	683.000	3339.895
WYF00015.asd	335	684.000	3435.310
WYF00015.asd	336	685.000	3549.672
WYF00015.asd	337	686.000	3685.525
WYF00015.asd	338	687.000	3846.211
WYF00015.asd	339	688.000	4031.302
WYF00015.asd	340	689.000	4241.438
WYF00015.asd	341	690.000	4478.505
WYF00015.asd	342	691.000	4742.694
WYF00015.asd	343	692.000	5029.555
WYF00015.asd	344	693.000	5335.624
WYF00015.asd	345	694.000	5662.518
WYF00015.asd	346	695.000	6009.047
WYF00015.asd	347	696.000	6374.383
WYF00015.asd	348	697.000	6756.880
WYF00015.asd	349	698.000	7149.395
WYF00015.asd	350	699.000	7555.265
WYF00015.asd	351	700.000	7972.811
WYF00015.asd	352	701.000	8393.346
WYF00015.asd	353	702.000	8824.211
WYF00015.asd	354	703.000	9258.635
WYF00015.asd	355	704.000	9690.142
WYF00015.asd	356	705.000	10123.022
WYF00015.asd	357	706.000	10559.026
WYF00015.asd	358	707.000	10995.230
WYF00015.asd	359	708.000	11427.015
WYF00015.asd	360	709.000	11859.787
WYF00015.asd	361	710.000	12292.948
WYF00015.asd	362	711.000	12723.108
WYF00015.asd	363	712.000	13143.941
WYF00015.asd	364	713.000	13564.592
WYF00015.asd	365	714.000	13986.087
WYF00015.asd	366	715.000	14406.709
WYF00015.asd	367	716.000	14824.300
WYF00015.asd	368	717.000	15235.473
WYF00015.asd	369	718.000	15642.349
WYF00015.asd	370	719.000	16050.010
WYF00015.asd	371	720.000	16455.220
WYF00015.asd	372	721.000	16857.592
WYF00015.asd	373	722.000	17257.346
WYF00015.asd	374	723.000	17655.337
WYF00015.asd	375	724.000	18044.348
WYF00015.asd	376	725.000	18427.158
WYF00015.asd	377	726.000	18808.215
WYF00015.asd	378	727.000	19185.678
WYF00015.asd	379	728.000	19563.504
WYF00015.asd	380	729.000	19938.650
WYF00015.asd	381	730.000	20303.601
WYF00015.asd	382	731.000	20657.314
WYF00015.asd	383	732.000	21002.766
WYF00015.asd	384	733.000	21343.856
WYF00015.asd	385	734.000	21684.966
WYF00015.asd	386	735.000	22017.440
WYF00015.asd	387	736.000	22340.820
WYF00015.asd	388	737.000	22657.140
WYF00015.asd	389	738.000	22968.166
WYF00015.asd	390	739.000	23268.641
WYF00015.asd	391	740.000	23559.679
WYF00015.asd	392	741.000	23846.742
WYF00015.asd	393	742.000	24133.262
WYF00015.asd	394	743.000	24407.215
WYF00015.asd	395	744.000	24665.817
WYF00015.asd	396	745.000	24922.742
WYF00015.asd	397	746.000	25179.993
WYF00015.asd	398	747.000	25436.108
WYF00015.asd	399	748.000	25687.623
WYF00015.asd	400	749.000	25929.313
WYF00015.asd	401	750.000	26170.577
WYF00015.asd	402	751.000	26407.883
WYF00015.asd	403	752.000	26631.313
WYF00015.asd	404	753.000	26847.473
WYF00015.asd	405	754.000	27066.250
WYF00015.asd	406	755.000	27284.951
WYF00015.asd	407	756.000	27484.109
WYF00015.asd	408	757.000	27682.835
WYF00015.asd	409	758.000	27878.649
WYF00015.asd	410	759.000	28066.250
WYF00015.asd	411	760.000	28247.800
WYF00015.asd	412	761.000	28428.796
WYF00015.asd	413	762.000	28608.799
WYF00015.asd	414	763.000	28783.529
WYF00015.asd	415	764.000	28948.507
WYF00015.asd	416	765.000	29099.260
WYF00015.asd	417	766.000	29238.895
WYF00015.asd	418	767.000	29378.477
WYF00015.asd	419	768.000	29519.695
WYF00015.asd	420	769.000	29661.970
WYF00015.asd	421	770.000	29801.652
WYF00015.asd	422	771.000	29929.386
WYF00015.asd	423	772.000	30056.191
WYF00015.asd	424	773.000	30177.729
WYF00015.asd	425	774.000	30287.380
WYF00015.asd	426	775.000	30399.781
WYF00015.asd	427	776.000	30503.612
WYF00015.asd	428	777.000	30599.178
WYF00015.asd	429	778.000	30696.943
WYF00015.asd	430	779.000	30789.023
WYF00015.asd	431	780.000	30879.990
WYF00015.asd	432	781.000	30968.325
WYF00015.asd	433	782.000	31038.404
WYF00015.asd	434	783.000	31110.513
WYF00015.asd	435	784.000	31179.644
WYF00015.asd	436	785.000	31238.926
WYF00015.asd	437	786.000	31304.439
WYF00015.asd	438	787.000	31359.953
WYF00015.asd	439	788.000	31400.824
WYF00015.asd	440	789.000	31431.210
WYF00015.asd	441	790.000	31459.999
WYF00015.asd	442	791.000	31487.433
WYF00015.asd	443	792.000	31513.174
WYF00015.asd	444	793.000	31537.364
WYF00015.asd	445	794.000	31559.486
WYF00015.asd	446	795.000	31577.383
WYF00015.asd	447	796.000	31590.051
WYF00015.asd	448	797.000	31601.086
WYF00015.asd	449	798.000	31596.795
WYF00015.asd	450	799.000	31579.765
WYF00015.asd	451	800.000	31559.582
WYF00015.asd	452	801.000	31542.973
WYF00015.asd	453	802.000	31540.916
WYF00015.asd	454	803.000	31546.209
WYF00015.asd	455	804.000	31540.406
WYF00015.asd	456	805.000	31535.411
WYF00015.asd	457	806.000	31516.715
WYF00015.asd	458	807.000	31483.740
WYF00015.asd	459	808.000	31458.106
WYF00015.asd	460	809.000	31426.851
WYF00015.asd	461	810.000	31391.949
WYF00015.asd	462	811.000	31355.461
WYF00015.asd	463	812.000	31310.529
WYF00015.asd	464	813.000	31267.548
WYF00015.asd	465	814.000	31221.593
WYF00015.asd	466	815.000	31166.373
WYF00015.asd	467	816.000	31119.043
WYF00015.asd	468	817.000	31072.824
WYF00015.asd	469	818.000	31026.741
WYF00015.asd	470	819.000	30983.417
WYF00015.asd	471	820.000	30930.854
WYF00015.asd	472	821.000	30877.992
WYF00015.asd	473	822.000	30825.807
WYF00015.asd	474	823.000	30762.058
WYF00015.asd	475	824.000	30694.861
WYF00015.asd	476	825.000	30619.942
WYF00015.asd	477	826.000	30536.604
WYF00015.asd	478	827.000	30457.935
WYF00015.asd	479	828.000	30380.015
WYF00015.asd	480	829.000	30302.651
WYF00015.asd	481	830.000	30222.989
WYF00015.asd	482	831.000	30124.202
WYF00015.asd	483	832.000	30021.543
WYF00015.asd	484	833.000	29922.944
WYF00015.asd	485	834.000	29828.905
WYF00015.asd	486	835.000	29727.406
WYF00015.asd	487	836.000	29628.209
WYF00015.asd	488	837.000	29531.762
WYF00015.asd	489	838.000	29428.073
WYF00015.asd	490	839.000	29327.104
WYF00015.asd	491	840.000	29227.990
WYF00015.asd	492	841.000	29125.660
WYF00015.asd	493	842.000	29011.477
WYF00015.asd	494	843.000	28898.639
WYF00015.asd	495	844.000	28786.498
WYF00015.asd	496	845.000	28673.501
WYF00015.asd	497	846.000	28567.062
WYF00015.asd	498	847.000	28455.833
WYF00015.asd	499	848.000	28341.747
WYF00015.asd	500	849.000	28231.351
WYF00015.asd	501	850.000	28126.146
WYF00015.asd	502	851.000	28019.902
WYF00015.asd	503	852.000	27904.909
WYF00015.asd	504	853.000	27776.586
WYF00015.asd	505	854.000	27653.168
WYF00015.asd	506	855.000	27530.888
WYF00015.asd	507	856.000	27409.650
WYF00015.asd	508	857.000	27293.558
WYF00015.asd	509	858.000	27167.174
WYF00015.asd	510	859.000	27034.346
WYF00015.asd	511	860.000	26902.917
WYF00015.asd	512	861.000	26780.903
WYF00015.asd	513	862.000	26649.415
WYF00015.asd	514	863.000	26516.914
WYF00015.asd	515	864.000	26388.672
WYF00015.asd	516	865.000	26247.841
WYF00015.asd	517	866.000	26108.796
WYF00015.asd	518	867.000	25974.435
WYF00015.asd	519	868.000	25841.485
WYF00015.asd	520	869.000	25698.996
WYF00015.asd	521	870.000	25560.844
WYF00015.asd	522	871.000	25424.183
WYF00015.asd	523	872.000	25280.043
WYF00015.asd	524	873.000	25129.548
WYF00015.asd	525	874.000	24981.599
WYF00015.asd	526	875.000	24840.559
WYF00015.asd	527	876.000	24705.157
WYF00015.asd	528	877.000	24563.271
WYF00015.asd	529	878.000	24418.863
WYF00015.asd	530	879.000	24271.365
WYF00015.asd	531	880.000	24116.546
WYF00015.asd	532	881.000	23969.620
WYF00015.asd	533	882.000	23820.904
WYF00015.asd	534	883.000	23669.077
WYF00015.asd	535	884.000	23525.828
WYF00015.asd	536	885.000	23371.399
WYF00015.asd	537	886.000	23211.409
WYF00015.asd	538	887.000	23054.153
WYF00015.asd	539	888.000	22903.578
WYF00015.asd	540	889.000	22754.084
WYF00015.asd	541	890.000	22597.606
WYF00015.asd	542	891.000	22433.101
WYF00015.asd	543	892.000	22275.013
WYF00015.asd	544	893.000	22114.992
WYF00015.asd	545	894.000	21959.051
WYF00015.asd	546	895.000	21811.107
WYF00015.asd	547	896.000	21658.190
WYF00015.asd	548	897.000	21504.376
WYF00015.asd	549	898.000	21347.330
WYF00015.asd	550	899.000	21186.691
WYF00015.asd	551	900.000	21036.620
WYF00015.asd	552	901.000	20880.420
WYF00015.asd	553	902.000	20721.842
WYF00015.asd	554	903.000	20571.413
WYF00015.asd	555	904.000	20424.839
WYF00015.asd	556	905.000	20277.808
WYF00015.asd	557	906.000	20123.095
WYF00015.asd	558	907.000	19955.960
WYF00015.asd	559	908.000	19789.215
WYF00015.asd	560	909.000	19624.177
WYF00015.asd	561	910.000	19462.197
WYF00015.asd	562	911.000	19302.944
WYF00015.asd	563	912.000	19134.427
WYF00015.asd	564	913.000	18970.955
WYF00015.asd	565	914.000	18808.291
WYF00015.asd	566	915.000	18631.304
WYF00015.asd	567	916.000	18465.589
WYF00015.asd	568	917.000	18301.599
WYF00015.asd	569	918.000	18136.621
WYF00015.asd	570	919.000	17975.570
WYF00015.asd	571	920.000	17807.981
WYF00015.asd	572	921.000	17639.480
WYF00015.asd	573	922.000	17471.793
WYF00015.asd	574	923.000	17301.340
WYF00015.asd	575	924.000	17130.670
WYF00015.asd	576	925.000	16959.053
WYF00015.asd	577	926.000	16787.479
WYF00015.asd	578	927.000	16617.919
WYF00015.asd	579	928.000	16437.615
WYF00015.asd	580	929.000	16256.142
WYF00015.asd	581	930.000	16078.288
WYF00015.asd	582	931.000	15899.618
WYF00015.asd	583	932.000	15721.563
WYF00015.asd	584	933.000	15543.493
WYF00015.asd	585	934.000	15367.051
WYF00015.asd	586	935.000	15195.961
WYF00015.asd	587	936.000	15022.456
WYF00015.asd	588	937.000	14852.240
WYF00015.asd	589	938.000	14686.920
WYF00015.asd	590	939.000	14520.873
WYF00015.asd	591	940.000	14355.907
WYF00015.asd	592	941.000	14188.773
WYF00015.asd	593	942.000	14019.933
WYF00015.asd	594	943.000	13854.678
WYF00015.asd	595	944.000	13691.827
WYF00015.asd	596	945.000	13528.032
WYF00015.asd	597	946.000	13364.049
WYF00015.asd	598	947.000	13205.327
WYF00015.asd	599	948.000	13049.764
WYF00015.asd	600	949.000	12894.555
WYF00015.asd	601	950.000	12740.270
WYF00015.asd	602	951.000	12590.365
WYF00015.asd	603	952.000	12435.160
WYF00015.asd	604	953.000	12282.947
WYF00015.asd	605	954.000	12133.627
WYF00015.asd	606	955.000	11977.746
WYF00015.asd	607	956.000	11830.361
WYF00015.asd	608	957.000	11684.775
WYF00015.asd	609	958.000	11539.376
WYF00015.asd	610	959.000	11398.576
WYF00015.asd	611	960.000	11249.995
WYF00015.asd	612	961.000	11105.157
WYF00015.asd	613	962.000	10964.195
WYF00015.asd	614	963.000	10817.333
WYF00015.asd	615	964.000	10674.865
WYF00015.asd	616	965.000	10532.348
WYF00015.asd	617	966.000	10389.594
WYF00015.asd	618	967.000	10250.124
WYF00015.asd	619	968.000	10113.287
WYF00015.asd	620	969.000	9976.404
WYF00015.asd	621	970.000	9839.169
WYF00015.asd	622	971.000	9703.020
WYF00015.asd	623	972.000	9569.014
WYF00015.asd	624	973.000	9434.334
WYF00015.asd	625	974.000	9300.221
WYF00015.asd	626	975.000	9169.017
WYF00015.asd	627	976.000	9037.937
WYF00015.asd	628	977.000	8905.779
WYF00015.asd	629	978.000	8771.239
WYF00015.asd	630	979.000	8635.184
WYF00015.asd	631	980.000	8504.729
WYF00015.asd	632	981.000	8375.821
WYF00015.asd	633	982.000	8247.862
WYF00015.asd	634	983.000	8121.466
WYF00015.asd	635	984.000	7997.116
WYF00015.asd	636	985.000	7874.092
WYF00015.asd	637	986.000	7749.710
WYF00015.asd	638	987.000	7623.111
WYF00015.asd	639	988.000	7497.633
WYF00015.asd	640	989.000	7374.471
WYF00015.asd	641	990.000	7254.472
WYF00015.asd	642	991.000	7135.994
WYF00015.asd	643	992.000	7014.922
WYF00015.asd	644	993.000	6894.725
WYF00015.asd	645	994.000	6776.346
WYF00015.asd	646	995.000	6661.166
WYF00015.asd	647	996.000	6550.025
WYF00015.asd	648	997.000	6433.690
WYF00015.asd	649	998.000	6317.978
WYF00015.asd	650	999.000	6205.023
WYF00015.asd	651	1000.000	6093.095
WYF00015.asd	652	1001.000	6635.389
WYF00015.asd	653	1002.000	6682.870
WYF00015.asd	654	1003.000	6730.772
WYF00015.asd	655	1004.000	6778.452
WYF00015.asd	656	1005.000	6826.927
WYF00015.asd	657	1006.000	6874.492
WYF00015.asd	658	1007.000	6922.074
WYF00015.asd	659	1008.000	6969.737
WYF00015.asd	660	1009.000	7016.222
WYF00015.asd	661	1010.000	7064.315
WYF00015.asd	662	1011.000	7113.983
WYF00015.asd	663	1012.000	7163.289
WYF00015.asd	664	1013.000	7216.326
WYF00015.asd	665	1014.000	7269.450
WYF00015.asd	666	1015.000	7323.360
WYF00015.asd	667	1016.000	7379.107
WYF00015.asd	668	1017.000	7434.841
WYF00015.asd	669	1018.000	7491.379
WYF00015.asd	670	1019.000	7549.264
WYF00015.asd	671	1020.000	7606.590
WYF00015.asd	672	1021.000	7666.662
WYF00015.asd	673	1022.000	7730.638
WYF00015.asd	674	1023.000	7791.693
WYF00015.asd	675	1024.000	7852.240
WYF00015.asd	676	1025.000	7915.373
WYF00015.asd	677	1026.000	7974.768
WYF00015.asd	678	1027.000	8035.633
WYF00015.asd	679	1028.000	8098.146
WYF00015.asd	680	1029.000	8156.801
WYF00015.asd	681	1030.000	8217.247
WYF00015.asd	682	1031.000	8276.387
WYF00015.asd	683	1032.000	8334.249
WYF00015.asd	684	1033.000	8391.870
WYF00015.asd	685	1034.000	8448.157
WYF00015.asd	686	1035.000	8503.307
WYF00015.asd	687	1036.000	8557.198
WYF00015.asd	688	1037.000	8609.961
WYF00015.asd	689	1038.000	8659.990
WYF00015.asd	690	1039.000	8711.796
WYF00015.asd	691	1040.000	8760.730
WYF00015.asd	692	1041.000	8807.803
WYF00015.asd	693	1042.000	8856.345
WYF00015.asd	694	1043.000	8900.856
WYF00015.asd	695	1044.000	8944.708
WYF00015.asd	696	1045.000	8988.629
WYF00015.asd	697	1046.000	9028.042
WYF00015.asd	698	1047.000	9068.636
WYF00015.asd	699	1048.000	9109.169
WYF00015.asd	700	1049.000	9147.657
WYF00015.asd	701	1050.000	9184.656
WYF00015.asd	702	1051.000	9222.413
WYF00015.asd	703	1052.000	9259.619
WYF00015.asd	704	1053.000	9294.879
WYF00015.asd	705	1054.000	9331.142
WYF00015.asd	706	1055.000	9365.811
WYF00015.asd	707	1056.000	9400.794
WYF00015.asd	708	1057.000	9437.104
WYF00015.asd	709	1058.000	9472.859
WYF00015.asd	710	1059.000	9509.238
WYF00015.asd	711	1060.000	9545.440
WYF00015.asd	712	1061.000	9583.047
WYF00015.asd	713	1062.000	9622.335
WYF00015.asd	714	1063.000	9662.733
WYF00015.asd	715	1064.000	9706.207
WYF00015.asd	716	1065.000	9753.392
WYF00015.asd	717	1066.000	9799.629
WYF00015.asd	718	1067.000	9845.999
WYF00015.asd	719	1068.000	9895.158
WYF00015.asd	720	1069.000	9943.168
WYF00015.asd	721	1070.000	9994.821
WYF00015.asd	722	1071.000	10050.637
WYF00015.asd	723	1072.000	10107.475
WYF00015.asd	724	1073.000	10170.625
WYF00015.asd	725	1074.000	10235.494
WYF00015.asd	726	1075.000	10301.577
WYF00015.asd	727	1076.000	10373.280
WYF00015.asd	728	1077.000	10443.594
WYF00015.asd	729	1078.000	10518.087
WYF00015.asd	730	1079.000	10596.969
WYF00015.asd	731	1080.000	10679.562
WYF00015.asd	732	1081.000	10762.727
WYF00015.asd	733	1082.000	10854.276
WYF00015.asd	734	1083.000	10949.245
WYF00015.asd	735	1084.000	11044.433
WYF00015.asd	736	1085.000	11143.906
WYF00015.asd	737	1086.000	11244.078
WYF00015.asd	738	1087.000	11348.800
WYF00015.asd	739	1088.000	11458.049
WYF00015.asd	740	1089.000	11568.315
WYF00015.asd	741	1090.000	11686.927
WYF00015.asd	742	1091.000	11806.557
WYF00015.asd	743	1092.000	11924.222
WYF00015.asd	744	1093.000	12047.257
WYF00015.asd	745	1094.000	12166.610
WYF00015.asd	746	1095.000	12288.576
WYF00015.asd	747	1096.000	12410.559
WYF00015.asd	748	1097.000	12535.958
WYF00015.asd	749	1098.000	12658.356
WYF00015.asd	750	1099.000	12787.164
WYF00015.asd	751	1100.000	12914.020
WYF00015.asd	752	1101.000	13036.641
WYF00015.asd	753	1102.000	13163.161
WYF00015.asd	754	1103.000	13283.521
WYF00015.asd	755	1104.000	13403.721
WYF00015.asd	756	1105.000	13525.012
WYF00015.asd	757	1106.000	13639.915
WYF00015.asd	758	1107.000	13758.086
WYF00015.asd	759	1108.000	13874.859
WYF00015.asd	760	1109.000	13986.468
WYF00015.asd	761	1110.000	14096.027
WYF00015.asd	762	1111.000	14204.560
WYF00015.asd	763	1112.000	14309.266
WYF00015.asd	764	1113.000	14410.471
WYF00015.asd	765	1114.000	14508.565
WYF00015.asd	766	1115.000	14603.026
WYF00015.asd	767	1116.000	14699.758
WYF00015.asd	768	1117.000	14790.090
WYF00015.asd	769	1118.000	14876.063
WYF00015.asd	770	1119.000	14963.465
WYF00015.asd	771	1120.000	15044.759
WYF00015.asd	772	1121.000	15126.256
WYF00015.asd	773	1122.000	15207.663
WYF00015.asd	774	1123.000	15283.746
WYF00015.asd	775	1124.000	15363.117
WYF00015.asd	776	1125.000	15442.185
WYF00015.asd	777	1126.000	15517.417
WYF00015.asd	778	1127.000	15590.377
WYF00015.asd	779	1128.000	15662.571
WYF00015.asd	780	1129.000	15730.764
WYF00015.asd	781	1130.000	15794.282
WYF00015.asd	782	1131.000	15857.738
WYF00015.asd	783	1132.000	15918.869
WYF00015.asd	784	1133.000	15980.725
WYF00015.asd	785	1134.000	16040.389
WYF00015.asd	786	1135.000	16097.489
WYF00015.asd	787	1136.000	16155.491
WYF00015.asd	788	1137.000	16211.271
WYF00015.asd	789	1138.000	16267.244
WYF00015.asd	790	1139.000	16323.638
WYF00015.asd	791	1140.000	16377.611
WYF00015.asd	792	1141.000	16432.357
WYF00015.asd	793	1142.000	16485.601
WYF00015.asd	794	1143.000	16537.651
WYF00015.asd	795	1144.000	16587.882
WYF00015.asd	796	1145.000	16634.803
WYF00015.asd	797	1146.000	16684.178
WYF00015.asd	798	1147.000	16733.549
WYF00015.asd	799	1148.000	16782.054
WYF00015.asd	800	1149.000	16831.457
WYF00015.asd	801	1150.000	16885.985
WYF00015.asd	802	1151.000	16938.348
WYF00015.asd	803	1152.000	16989.140
WYF00015.asd	804	1153.000	17042.878
WYF00015.asd	805	1154.000	17094.875
WYF00015.asd	806	1155.000	17148.264
WYF00015.asd	807	1156.000	17204.519
WYF00015.asd	808	1157.000	17258.402
WYF00015.asd	809	1158.000	17313.129
WYF00015.asd	810	1159.000	17369.048
WYF00015.asd	811	1160.000	17424.366
WYF00015.asd	812	1161.000	17480.748
WYF00015.asd	813	1162.000	17539.494
WYF00015.asd	814	1163.000	17597.251
WYF00015.asd	815	1164.000	17654.883
WYF00015.asd	816	1165.000	17712.389
WYF00015.asd	817	1166.000	17768.201
WYF00015.asd	818	1167.000	17827.567
WYF00015.asd	819	1168.000	17886.913
WYF00015.asd	820	1169.000	17943.514
WYF00015.asd	821	1170.000	18002.054
WYF00015.asd	822	1171.000	18057.373
WYF00015.asd	823	1172.000	18111.560
WYF00015.asd	824	1173.000	18166.919
WYF00015.asd	825	1174.000	18220.207
WYF00015.asd	826	1175.000	18275.312
WYF00015.asd	827	1176.000	18328.417
WYF00015.asd	828	1177.000	18381.092
WYF00015.asd	829	1178.000	18430.722
WYF00015.asd	830	1179.000	18478.129
WYF00015.asd	831	1180.000	18524.588
WYF00015.asd	832	1181.000	18568.978
WYF00015.asd	833	1182.000	18612.171
WYF00015.asd	834	1183.000	18653.146
WYF00015.asd	835	1184.000	18696.557
WYF00015.asd	836	1185.000	18737.891
WYF00015.asd	837	1186.000	18777.216
WYF00015.asd	838	1187.000	18818.120
WYF00015.asd	839	1188.000	18858.098
WYF00015.asd	840	1189.000	18900.064
WYF00015.asd	841	1190.000	18942.880
WYF00015.asd	842	1191.000	18983.621
WYF00015.asd	843	1192.000	19025.652
WYF00015.asd	844	1193.000	19066.358
WYF00015.asd	845	1194.000	19104.390
WYF00015.asd	846	1195.000	19143.633
WYF00015.asd	847	1196.000	19184.227
WYF00015.asd	848	1197.000	19222.649
WYF00015.asd	849	1198.000	19260.483
WYF00015.asd	850	1199.000	19297.044
WYF00015.asd	851	1200.000	19332.010
WYF00015.asd	852	1201.000	19367.752
WYF00015.asd	853	1202.000	19403.176
WYF00015.asd	854	1203.000	19436.988
WYF00015.asd	855	1204.000	19472.131
WYF00015.asd	856	1205.000	19504.619
WYF00015.asd	857	1206.000	19538.030
WYF00015.asd	858	1207.000	19572.285
WYF00015.asd	859	1208.000	19604.795
WYF00015.asd	860	1209.000	19639.236
WYF00015.asd	861	1210.000	19672.262
WYF00015.asd	862	1211.000	19703.527
WYF00015.asd	863	1212.000	19735.590
WYF00015.asd	864	1213.000	19767.648
WYF00015.asd	865	1214.000	19800.000
WYF00015.asd	866	1215.000	19833.175
WYF00015.asd	867	1216.000	19865.024
WYF00015.asd	868	1217.000	19896.333
WYF00015.asd	869	1218.000	19928.390
WYF00015.asd	870	1219.000	19960.436
WYF00015.asd	871	1220.000	19991.138
WYF00015.asd	872	1221.000	20022.375
WYF00015.asd	873	1222.000	20052.279
WYF00015.asd	874	1223.000	20080.669
WYF00015.asd	875	1224.000	20108.557
WYF00015.asd	876	1225.000	20134.838
WYF00015.asd	877	1226.000	20161.867
WYF00015.asd	878	1227.000	20188.048
WYF00015.asd	879	1228.000	20212.252
WYF00015.asd	880	1229.000	20236.415
WYF00015.asd	881	1230.000	20260.842
WYF00015.asd	882	1231.000	20283.227
WYF00015.asd	883	1232.000	20304.486
WYF00015.asd	884	1233.000	20324.313
WYF00015.asd	885	1234.000	20342.111
WYF00015.asd	886	1235.000	20360.815
WYF00015.asd	887	1236.000	20378.303
WYF00015.asd	888	1237.000	20396.309
WYF00015.asd	889	1238.000	20414.627
WYF00015.asd	890	1239.000	20432.890
WYF00015.asd	891	1240.000	20450.935
WYF00015.asd	892	1241.000	20469.054
WYF00015.asd	893	1242.000	20486.536
WYF00015.asd	894	1243.000	20505.895
WYF00015.asd	895	1244.000	20525.951
WYF00015.asd	896	1245.000	20546.142
WYF00015.asd	897	1246.000	20566.777
WYF00015.asd	898	1247.000	20585.836
WYF00015.asd	899	1248.000	20605.057
WYF00015.asd	900	1249.000	20623.911
WYF00015.asd	901	1250.000	20641.063
WYF00015.asd	902	1251.000	20657.927
WYF00015.asd	903	1252.000	20674.150
WYF00015.asd	904	1253.000	20689.054
WYF00015.asd	905	1254.000	20702.380
WYF00015.asd	906	1255.000	20717.092
WYF00015.asd	907	1256.000	20726.705
WYF00015.asd	908	1257.000	20732.266
WYF00015.asd	909	1258.000	20737.016
WYF00015.asd	910	1259.000	20738.319
WYF00015.asd	911	1260.000	20739.529
WYF00015.asd	912	1261.000	20738.619
WYF00015.asd	913	1262.000	20738.556
WYF00015.asd	914	1263.000	20738.333
WYF00015.asd	915	1264.000	20737.977
WYF00015.asd	916	1265.000	20736.181
WYF00015.asd	917	1266.000	20735.128
WYF00015.asd	918	1267.000	20732.643
WYF00015.asd	919	1268.000	20728.806
WYF00015.asd	920	1269.000	20726.318
WYF00015.asd	921	1270.000	20724.033
WYF00015.asd	922	1271.000	20722.427
WYF00015.asd	923	1272.000	20721.357
WYF00015.asd	924	1273.000	20720.586
WYF00015.asd	925	1274.000	20720.060
WYF00015.asd	926	1275.000	20720.556
WYF00015.asd	927	1276.000	20721.640
WYF00015.asd	928	1277.000	20723.099
WYF00015.asd	929	1278.000	20725.768
WYF00015.asd	930	1279.000	20728.214
WYF00015.asd	931	1280.000	20729.577
WYF00015.asd	932	1281.000	20733.252
WYF00015.asd	933	1282.000	20738.085
WYF00015.asd	934	1283.000	20743.734
WYF00015.asd	935	1284.000	20750.649
WYF00015.asd	936	1285.000	20759.057
WYF00015.asd	937	1286.000	20768.194
WYF00015.asd	938	1287.000	20776.703
WYF00015.asd	939	1288.000	20785.494
WYF00015.asd	940	1289.000	20794.602
WYF00015.asd	941	1290.000	20804.499
WYF00015.asd	942	1291.000	20814.247
WYF00015.asd	943	1292.000	20825.201
WYF00015.asd	944	1293.000	20837.353
WYF00015.asd	945	1294.000	20850.074
WYF00015.asd	946	1295.000	20862.909
WYF00015.asd	947	1296.000	20877.236
WYF00015.asd	948	1297.000	20892.592
WYF00015.asd	949	1298.000	20909.006
WYF00015.asd	950	1299.000	20927.185
WYF00015.asd	951	1300.000	20944.971
WYF00015.asd	952	1301.000	20963.000
WYF00015.asd	953	1302.000	20982.326
WYF00015.asd	954	1303.000	21002.090
WYF00015.asd	955	1304.000	21022.493
WYF00015.asd	956	1305.000	21044.148
WYF00015.asd	957	1306.000	21066.302
WYF00015.asd	958	1307.000	21088.781
WYF00015.asd	959	1308.000	21111.836
WYF00015.asd	960	1309.000	21135.417
WYF00015.asd	961	1310.000	21160.703
WYF00015.asd	962	1311.000	21187.067
WYF00015.asd	963	1312.000	21213.356
WYF00015.asd	964	1313.000	21240.176
WYF00015.asd	965	1314.000	21267.243
WYF00015.asd	966	1315.000	21296.477
WYF00015.asd	967	1316.000	21326.850
WYF00015.asd	968	1317.000	21357.415
WYF00015.asd	969	1318.000	21389.618
WYF00015.asd	970	1319.000	21422.294
WYF00015.asd	971	1320.000	21454.668
WYF00015.asd	972	1321.000	21488.257
WYF00015.asd	973	1322.000	21523.610
WYF00015.asd	974	1323.000	21558.937
WYF00015.asd	975	1324.000	21594.509
WYF00015.asd	976	1325.000	21630.643
WYF00015.asd	977	1326.000	21668.055
WYF00015.asd	978	1327.000	21705.204
WYF00015.asd	979	1328.000	21742.307
WYF00015.asd	980	1329.000	21779.472
WYF00015.asd	981	1330.000	21816.801
WYF00015.asd	982	1331.000	21853.969
WYF00015.asd	983	1332.000	21890.612
WYF00015.asd	984	1333.000	21928.454
WYF00015.asd	985	1334.000	21965.427
WYF00015.asd	986	1335.000	22003.925
WYF00015.asd	987	1336.000	22041.517
WYF00015.asd	988	1337.000	22080.144
WYF00015.asd	989	1338.000	22115.465
WYF00015.asd	990	1339.000	22149.776
WYF00015.asd	991	1340.000	22182.335
WYF00015.asd	992	1341.000	22213.438
WYF00015.asd	993	1342.000	22241.664
WYF00015.asd	994	1343.000	22269.699
WYF00015.asd	995	1344.000	22292.166
WYF00015.asd	996	1345.000	22312.331
WYF00015.asd	997	1346.000	22325.744
WYF00015.asd	998	1347.000	22335.826
WYF00015.asd	999	1348.000	22337.974
WYF00015.asd	1000	1349.000	22332.458
WYF00015.asd	1001	1350.000	22323.035
WYF00015.asd	1002	1351.000	22307.272
WYF00015.asd	1003	1352.000	22287.369
WYF00015.asd	1004	1353.000	22261.835
WYF00015.asd	1005	1354.000	22233.698
WYF00015.asd	1006	1355.000	22197.108
WYF00015.asd	1007	1356.000	22164.124
WYF00015.asd	1008	1357.000	22125.101
WYF00015.asd	1009	1358.000	22094.827
WYF00015.asd	1010	1359.000	22066.541
WYF00015.asd	1011	1360.000	22043.760
WYF00015.asd	1012	1361.000	22033.409
WYF00015.asd	1013	1362.000	22034.318
WYF00015.asd	1014	1363.000	22050.744
WYF00015.asd	1015	1364.000	22080.774
WYF00015.asd	1016	1365.000	22123.704
WYF00015.asd	1017	1366.000	22183.416
WYF00015.asd	1018	1367.000	22246.859
WYF00015.asd	1019	1368.000	22324.463
WYF00015.asd	1020	1369.000	22401.742
WYF00015.asd	1021	1370.000	22491.281
WYF00015.asd	1022	1371.000	22568.020
WYF00015.asd	1023	1372.000	22654.886
WYF00015.asd	1024	1373.000	22714.441
WYF00015.asd	1025	1374.000	22769.841
WYF00015.asd	1026	1375.000	22792.987
WYF00015.asd	1027	1376.000	22794.226
WYF00015.asd	1028	1377.000	22773.751
WYF00015.asd	1029	1378.000	22715.531
WYF00015.asd	1030	1379.000	22661.197
WYF00015.asd	1031	1380.000	22575.532
WYF00015.asd	1032	1381.000	22514.273
WYF00015.asd	1033	1382.000	22447.252
WYF00015.asd	1034	1383.000	22405.122
WYF00015.asd	1035	1384.000	22387.850
WYF00015.asd	1036	1385.000	22373.383
WYF00015.asd	1037	1386.000	22379.681
WYF00015.asd	1038	1387.000	22386.395
WYF00015.asd	1039	1388.000	22385.969
WYF00015.asd	1040	1389.000	22374.686
WYF00015.asd	1041	1390.000	22337.992
WYF00015.asd	1042	1391.000	22285.387
WYF00015.asd	1043	1392.000	22214.438
WYF00015.asd	1044	1393.000	22119.023
WYF00015.asd	1045	1394.000	22020.530
WYF00015.asd	1046	1395.000	21902.477
WYF00015.asd	1047	1396.000	21793.285
WYF00015.asd	1048	1397.000	21678.944
WYF00015.asd	1049	1398.000	21564.137
WYF00015.asd	1050	1399.000	21450.382
WYF00015.asd	1051	1400.000	21333.026
WYF00015.asd	1052	1401.000	21211.960
WYF00015.asd	1053	1402.000	21087.621
WYF00015.asd	1054	1403.000	20961.253
WYF00015.asd	1055	1404.000	20833.690
WYF00015.asd	1056	1405.000	20699.283
WYF00015.asd	1057	1406.000	20569.845
WYF00015.asd	1058	1407.000	20439.362
WYF00015.asd	1059	1408.000	20314.682
WYF00015.asd	1060	1409.000	20192.135
WYF00015.asd	1061	1410.000	20073.700
WYF00015.asd	1062	1411.000	19960.012
WYF00015.asd	1063	1412.000	19850.077
WYF00015.asd	1064	1413.000	19745.105
WYF00015.asd	1065	1414.000	19641.113
WYF00015.asd	1066	1415.000	19538.627
WYF00015.asd	1067	1416.000	19441.255
WYF00015.asd	1068	1417.000	19344.860
WYF00015.asd	1069	1418.000	19254.332
WYF00015.asd	1070	1419.000	19167.510
WYF00015.asd	1071	1420.000	19089.577
WYF00015.asd	1072	1421.000	19016.496
WYF00015.asd	1073	1422.000	18949.241
WYF00015.asd	1074	1423.000	18885.395
WYF00015.asd	1075	1424.000	18827.887
WYF00015.asd	1076	1425.000	18773.270
WYF00015.asd	1077	1426.000	18721.373
WYF00015.asd	1078	1427.000	18674.595
WYF00015.asd	1079	1428.000	18633.143
WYF00015.asd	1080	1429.000	18595.470
WYF00015.asd	1081	1430.000	18561.119
WYF00015.asd	1082	1431.000	18532.011
WYF00015.asd	1083	1432.000	18508.415
WYF00015.asd	1084	1433.000	18487.748
WYF00015.asd	1085	1434.000	18471.204
WYF00015.asd	1086	1435.000	18458.169
WYF00015.asd	1087	1436.000	18448.797
WYF00015.asd	1088	1437.000	18443.159
WYF00015.asd	1089	1438.000	18442.811
WYF00015.asd	1090	1439.000	18442.927
WYF00015.asd	1091	1440.000	18446.964
WYF00015.asd	1092	1441.000	18450.719
WYF00015.asd	1093	1442.000	18454.576
WYF00015.asd	1094	1443.000	18460.986
WYF00015.asd	1095	1444.000	18469.917
WYF00015.asd	1096	1445.000	18478.685
WYF00015.asd	1097	1446.000	18488.761
WYF00015.asd	1098	1447.000	18499.787
WYF00015.asd	1099	1448.000	18511.594
WYF00015.asd	1100	1449.000	18523.481
WYF00015.asd	1101	1450.000	18536.963
WYF00015.asd	1102	1451.000	18549.980
WYF00015.asd	1103	1452.000	18563.324
WYF00015.asd	1104	1453.000	18575.540
WYF00015.asd	1105	1454.000	18588.404
WYF00015.asd	1106	1455.000	18599.278
WYF00015.asd	1107	1456.000	18608.156
WYF00015.asd	1108	1457.000	18616.506
WYF00015.asd	1109	1458.000	18622.762
WYF00015.asd	1110	1459.000	18627.004
WYF00015.asd	1111	1460.000	18631.499
WYF00015.asd	1112	1461.000	18634.253
WYF00015.asd	1113	1462.000	18638.236
WYF00015.asd	1114	1463.000	18641.903
WYF00015.asd	1115	1464.000	18646.999
WYF00015.asd	1116	1465.000	18652.473
WYF00015.asd	1117	1466.000	18659.087
WYF00015.asd	1118	1467.000	18665.406
WYF00015.asd	1119	1468.000	18676.324
WYF00015.asd	1120	1469.000	18689.076
WYF00015.asd	1121	1470.000	18704.456
WYF00015.asd	1122	1471.000	18723.546
WYF00015.asd	1123	1472.000	18744.129
WYF00015.asd	1124	1473.000	18766.662
WYF00015.asd	1125	1474.000	18790.557
WYF00015.asd	1126	1475.000	18817.800
WYF00015.asd	1127	1476.000	18844.468
WYF00015.asd	1128	1477.000	18872.230
WYF00015.asd	1129	1478.000	18899.607
WYF00015.asd	1130	1479.000	18927.399
WYF00015.asd	1131	1480.000	18955.160
WYF00015.asd	1132	1481.000	18983.470
WYF00015.asd	1133	1482.000	19010.491
WYF00015.asd	1134	1483.000	19037.064
WYF00015.asd	1135	1484.000	19063.711
WYF00015.asd	1136	1485.000	19089.157
WYF00015.asd	1137	1486.000	19115.163
WYF00015.asd	1138	1487.000	19141.555
WYF00015.asd	1139	1488.000	19168.003
WYF00015.asd	1140	1489.000	19195.685
WYF00015.asd	1141	1490.000	19221.145
WYF00015.asd	1142	1491.000	19245.537
WYF00015.asd	1143	1492.000	19269.975
WYF00015.asd	1144	1493.000	19292.846
WYF00015.asd	1145	1494.000	19315.630
WYF00015.asd	1146	1495.000	19339.226
WYF00015.asd	1147	1496.000	19361.545
WYF00015.asd	1148	1497.000	19382.614
WYF00015.asd	1149	1498.000	19403.257
WYF00015.asd	1150	1499.000	19422.774
WYF00015.asd	1151	1500.000	19442.411
WYF00015.asd	1152	1501.000	19462.695
WYF00015.asd	1153	1502.000	19483.082
WYF00015.asd	1154	1503.000	19503.841
WYF00015.asd	1155	1504.000	19524.329
WYF00015.asd	1156	1505.000	19544.576
WYF00015.asd	1157	1506.000	19564.133
WYF00015.asd	1158	1507.000	19584.088
WYF00015.asd	1159	1508.000	19604.720
WYF00015.asd	1160	1509.000	19623.811
WYF00015.asd	1161	1510.000	19642.344
WYF00015.asd	1162	1511.000	19660.066
WYF00015.asd	1163	1512.000	19676.550
WYF00015.asd	1164	1513.000	19693.519
WYF00015.asd	1165	1514.000	19710.603
WYF00015.asd	1166	1515.000	19726.389
WYF00015.asd	1167	1516.000	19741.793
WYF00015.asd	1168	1517.000	19756.532
WYF00015.asd	1169	1518.000	19769.989
WYF00015.asd	1170	1519.000	19783.612
WYF00015.asd	1171	1520.000	19797.334
WYF00015.asd	1172	1521.000	19809.962
WYF00015.asd	1173	1522.000	19822.560
WYF00015.asd	1174	1523.000	19833.079
WYF00015.asd	1175	1524.000	19841.741
WYF00015.asd	1176	1525.000	19850.935
WYF00015.asd	1177	1526.000	19859.380
WYF00015.asd	1178	1527.000	19866.733
WYF00015.asd	1179	1528.000	19874.302
WYF00015.asd	1180	1529.000	19880.271
WYF00015.asd	1181	1530.000	19884.280
WYF00015.asd	1182	1531.000	19888.014
WYF00015.asd	1183	1532.000	19890.718
WYF00015.asd	1184	1533.000	19893.850
WYF00015.asd	1185	1534.000	19896.032
WYF00015.asd	1186	1535.000	19898.993
WYF00015.asd	1187	1536.000	19903.158
WYF00015.asd	1188	1537.000	19905.849
WYF00015.asd	1189	1538.000	19908.388
WYF00015.asd	1190	1539.000	19909.912
WYF00015.asd	1191	1540.000	19910.568
WYF00015.asd	1192	1541.000	19910.467
WYF00015.asd	1193	1542.000	19909.543
WYF00015.asd	1194	1543.000	19907.929
WYF00015.asd	1195	1544.000	19904.840
WYF00015.asd	1196	1545.000	19902.343
WYF00015.asd	1197	1546.000	19899.222
WYF00015.asd	1198	1547.000	19896.819
WYF00015.asd	1199	1548.000	19895.494
WYF00015.asd	1200	1549.000	19893.223
WYF00015.asd	1201	1550.000	19890.834
WYF00015.asd	1202	1551.000	19888.131
WYF00015.asd	1203	1552.000	19885.730
WYF00015.asd	1204	1553.000	19881.583
WYF00015.asd	1205	1554.000	19876.947
WYF00015.asd	1206	1555.000	19870.937
WYF00015.asd	1207	1556.000	19862.273
WYF00015.asd	1208	1557.000	19854.123
WYF00015.asd	1209	1558.000	19846.178
WYF00015.asd	1210	1559.000	19836.940
WYF00015.asd	1211	1560.000	19827.320
WYF00015.asd	1212	1561.000	19816.848
WYF00015.asd	1213	1562.000	19804.750
WYF00015.asd	1214	1563.000	19792.509
WYF00015.asd	1215	1564.000	19780.907
WYF00015.asd	1216	1565.000	19767.657
WYF00015.asd	1217	1566.000	19755.310
WYF00015.asd	1218	1567.000	19743.007
WYF00015.asd	1219	1568.000	19728.809
WYF00015.asd	1220	1569.000	19715.608
WYF00015.asd	1221	1570.000	19701.765
WYF00015.asd	1222	1571.000	19686.868
WYF00015.asd	1223	1572.000	19673.947
WYF00015.asd	1224	1573.000	19659.300
WYF00015.asd	1225	1574.000	19642.694
WYF00015.asd	1226	1575.000	19626.954
WYF00015.asd	1227	1576.000	19609.570
WYF00015.asd	1228	1577.000	19592.560
WYF00015.asd	1229	1578.000	19576.870
WYF00015.asd	1230	1579.000	19560.850
WYF00015.asd	1231	1580.000	19545.895
WYF00015.asd	1232	1581.000	19529.561
WYF00015.asd	1233	1582.000	19513.759
WYF00015.asd	1234	1583.000	19498.710
WYF00015.asd	1235	1584.000	19481.429
WYF00015.asd	1236	1585.000	19466.180
WYF00015.asd	1237	1586.000	19450.788
WYF00015.asd	1238	1587.000	19434.809
WYF00015.asd	1239	1588.000	19420.589
WYF00015.asd	1240	1589.000	19408.004
WYF00015.asd	1241	1590.000	19394.060
WYF00015.asd	1242	1591.000	19380.751
WYF00015.asd	1243	1592.000	19366.497
WYF00015.asd	1244	1593.000	19350.694
WYF00015.asd	1245	1594.000	19337.317
WYF00015.asd	1246	1595.000	19324.847
WYF00015.asd	1247	1596.000	19311.496
WYF00015.asd	1248	1597.000	19299.794
WYF00015.asd	1249	1598.000	19285.421
WYF00015.asd	1250	1599.000	19268.694
WYF00015.asd	1251	1600.000	19254.076
WYF00015.asd	1252	1601.000	19239.398
WYF00015.asd	1253	1602.000	19224.777
WYF00015.asd	1254	1603.000	19211.230
WYF00015.asd	1255	1604.000	19196.445
WYF00015.asd	1256	1605.000	19181.220
WYF00015.asd	1257	1606.000	19164.864
WYF00015.asd	1258	1607.000	19148.468
WYF00015.asd	1259	1608.000	19130.253
WYF00015.asd	1260	1609.000	19110.164
WYF00015.asd	1261	1610.000	19090.443
WYF00015.asd	1262	1611.000	19069.863
WYF00015.asd	1263	1612.000	19048.986
WYF00015.asd	1264	1613.000	19028.238
WYF00015.asd	1265	1614.000	19005.616
WYF00015.asd	1266	1615.000	18981.561
WYF00015.asd	1267	1616.000	18958.027
WYF00015.asd	1268	1617.000	18934.037
WYF00015.asd	1269	1618.000	18909.242
WYF00015.asd	1270	1619.000	18884.906
WYF00015.asd	1271	1620.000	18858.150
WYF00015.asd	1272	1621.000	18829.683
WYF00015.asd	1273	1622.000	18799.845
WYF00015.asd	1274	1623.000	18768.104
WYF00015.asd	1275	1624.000	18737.016
WYF00015.asd	1276	1625.000	18705.007
WYF00015.asd	1277	1626.000	18672.870
WYF00015.asd	1278	1627.000	18640.999
WYF00015.asd	1279	1628.000	18607.883
WYF00015.asd	1280	1629.000	18574.214
WYF00015.asd	1281	1630.000	18538.752
WYF00015.asd	1282	1631.000	18502.244
WYF00015.asd	1283	1632.000	18465.119
WYF00015.asd	1284	1633.000	18426.158
WYF00015.asd	1285	1634.000	18387.642
WYF00015.asd	1286	1635.000	18349.709
WYF00015.asd	1287	1636.000	18309.357
WYF00015.asd	1288	1637.000	18268.029
WYF00015.asd	1289	1638.000	18224.938
WYF00015.asd	1290	1639.000	18179.836
WYF00015.asd	1291	1640.000	18134.259
WYF00015.asd	1292	1641.000	18088.500
WYF00015.asd	1293	1642.000	18039.477
WYF00015.asd	1294	1643.000	17987.999
WYF00015.asd	1295	1644.000	17936.713
WYF00015.asd	1296	1645.000	17883.115
WYF00015.asd	1297	1646.000	17828.993
WYF00015.asd	1298	1647.000	17775.190
WYF00015.asd	1299	1648.000	17719.698
WYF00015.asd	1300	1649.000	17662.896
WYF00015.asd	1301	1650.000	17604.927
WYF00015.asd	1302	1651.000	17546.148
WYF00015.asd	1303	1652.000	17485.602
WYF00015.asd	1304	1653.000	17423.304
WYF00015.asd	1305	1654.000	17358.411
WYF00015.asd	1306	1655.000	17292.509
WYF00015.asd	1307	1656.000	17223.942
WYF00015.asd	1308	1657.000	17153.631
WYF00015.asd	1309	1658.000	17079.184
WYF00015.asd	1310	1659.000	17001.862
WYF00015.asd	1311	1660.000	16921.707
WYF00015.asd	1312	1661.000	16837.065
WYF00015.asd	1313	1662.000	16749.882
WYF00015.asd	1314	1663.000	16661.239
WYF00015.asd	1315	1664.000	16568.966
WYF00015.asd	1316	1665.000	16480.254
WYF00015.asd	1317	1666.000	16391.688
WYF00015.asd	1318	1667.000	16304.080
WYF00015.asd	1319	1668.000	16223.324
WYF00015.asd	1320	1669.000	16140.220
WYF00015.asd	1321	1670.000	16061.317
WYF00015.asd	1322	1671.000	15989.469
WYF00015.asd	1323	1672.000	15918.131
WYF00015.asd	1324	1673.000	15852.137
WYF00015.asd	1325	1674.000	15787.684
WYF00015.asd	1326	1675.000	15722.621
WYF00015.asd	1327	1676.000	15660.504
WYF00015.asd	1328	1677.000	15595.182
WYF00015.asd	1329	1678.000	15529.037
WYF00015.asd	1330	1679.000	15463.449
WYF00015.asd	1331	1680.000	15394.707
WYF00015.asd	1332	1681.000	15326.551
WYF00015.asd	1333	1682.000	15256.077
WYF00015.asd	1334	1683.000	15184.083
WYF00015.asd	1335	1684.000	15111.967
WYF00015.asd	1336	1685.000	15035.187
WYF00015.asd	1337	1686.000	14957.696
WYF00015.asd	1338	1687.000	14881.732
WYF00015.asd	1339	1688.000	14803.816
WYF00015.asd	1340	1689.000	14728.315
WYF00015.asd	1341	1690.000	14654.159
WYF00015.asd	1342	1691.000	14579.330
WYF00015.asd	1343	1692.000	14507.486
WYF00015.asd	1344	1693.000	14432.763
WYF00015.asd	1345	1694.000	14358.564
WYF00015.asd	1346	1695.000	14287.993
WYF00015.asd	1347	1696.000	14215.155
WYF00015.asd	1348	1697.000	14145.552
WYF00015.asd	1349	1698.000	14077.756
WYF00015.asd	1350	1699.000	14008.881
WYF00015.asd	1351	1700.000	13942.323
WYF00015.asd	1352	1701.000	13872.688
WYF00015.asd	1353	1702.000	13802.694
WYF00015.asd	1354	1703.000	13734.905
WYF00015.asd	1355	1704.000	13666.074
WYF00015.asd	1356	1705.000	13600.694
WYF00015.asd	1357	1706.000	13536.964
WYF00015.asd	1358	1707.000	13472.955
WYF00015.asd	1359	1708.000	13410.148
WYF00015.asd	1360	1709.000	13343.680
WYF00015.asd	1361	1710.000	13277.568
WYF00015.asd	1362	1711.000	13212.138
WYF00015.asd	1363	1712.000	13144.137
WYF00015.asd	1364	1713.000	13078.978
WYF00015.asd	1365	1714.000	13011.313
WYF00015.asd	1366	1715.000	12942.434
WYF00015.asd	1367	1716.000	12875.980
WYF00015.asd	1368	1717.000	12806.581
WYF00015.asd	1369	1718.000	12739.924
WYF00015.asd	1370	1719.000	12676.217
WYF00015.asd	1371	1720.000	12612.421
WYF00015.asd	1372	1721.000	12551.402
WYF00015.asd	1373	1722.000	12492.238
WYF00015.asd	1374	1723.000	12435.703
WYF00015.asd	1375	1724.000	12380.609
WYF00015.asd	1376	1725.000	12328.076
WYF00015.asd	1377	1726.000	12278.027
WYF00015.asd	1378	1727.000	12232.045
WYF00015.asd	1379	1728.000	12189.627
WYF00015.asd	1380	1729.000	12149.432
WYF00015.asd	1381	1730.000	12112.704
WYF00015.asd	1382	1731.000	12078.494
WYF00015.asd	1383	1732.000	12047.081
WYF00015.asd	1384	1733.000	12015.183
WYF00015.asd	1385	1734.000	11986.781
WYF00015.asd	1386	1735.000	11956.668
WYF00015.asd	1387	1736.000	11925.913
WYF00015.asd	1388	1737.000	11895.299
WYF00015.asd	1389	1738.000	11865.438
WYF00015.asd	1390	1739.000	11834.685
WYF00015.asd	1391	1740.000	11800.572
WYF00015.asd	1392	1741.000	11763.322
WYF00015.asd	1393	1742.000	11725.315
WYF00015.asd	1394	1743.000	11684.592
WYF00015.asd	1395	1744.000	11643.871
WYF00015.asd	1396	1745.000	11602.188
WYF00015.asd	1397	1746.000	11558.138
WYF00015.asd	1398	1747.000	11514.952
WYF00015.asd	1399	1748.000	11468.944
WYF00015.asd	1400	1749.000	11421.329
WYF00015.asd	1401	1750.000	11374.689
WYF00015.asd	1402	1751.000	11326.160
WYF00015.asd	1403	1752.000	11277.613
WYF00015.asd	1404	1753.000	11228.934
WYF00015.asd	1405	1754.000	11179.722
WYF00015.asd	1406	1755.000	11130.537
WYF00015.asd	1407	1756.000	11080.910
WYF00015.asd	1408	1757.000	11032.915
WYF00015.asd	1409	1758.000	10984.992
WYF00015.asd	1410	1759.000	10937.526
WYF00015.asd	1411	1760.000	10891.970
WYF00015.asd	1412	1761.000	10845.823
WYF00015.asd	1413	1762.000	10800.975
WYF00015.asd	1414	1763.000	10757.208
WYF00015.asd	1415	1764.000	10712.126
WYF00015.asd	1416	1765.000	10668.929
WYF00015.asd	1417	1766.000	10627.187
WYF00015.asd	1418	1767.000	10585.762
WYF00015.asd	1419	1768.000	10545.976
WYF00015.asd	1420	1769.000	10504.083
WYF00015.asd	1421	1770.000	10461.632
WYF00015.asd	1422	1771.000	10419.381
WYF00015.asd	1423	1772.000	10373.914
WYF00015.asd	1424	1773.000	10330.934
WYF00015.asd	1425	1774.000	10288.984
WYF00015.asd	1426	1775.000	10245.086
WYF00015.asd	1427	1776.000	10202.180
WYF00015.asd	1428	1777.000	10155.478
WYF00015.asd	1429	1778.000	10107.586
WYF00015.asd	1430	1779.000	10057.069
WYF00015.asd	1431	1780.000	10004.644
WYF00015.asd	1432	1781.000	9953.010
WYF00015.asd	1433	1782.000	9898.073
WYF00015.asd	1434	1783.000	9844.430
WYF00015.asd	1435	1784.000	9788.870
WYF00015.asd	1436	1785.000	9727.109
WYF00015.asd	1437	1786.000	9665.057
WYF00015.asd	1438	1787.000	9597.440
WYF00015.asd	1439	1788.000	9524.262
WYF00015.asd	1440	1789.000	9450.816
WYF00015.asd	1441	1790.000	9372.188
WYF00015.asd	1442	1791.000	9291.278
WYF00015.asd	1443	1792.000	9204.235
WYF00015.asd	1444	1793.000	9108.978
WYF00015.asd	1445	1794.000	9009.105
WYF00015.asd	1446	1795.000	8894.566
WYF00015.asd	1447	1796.000	8772.617
WYF00015.asd	1448	1797.000	8645.976
WYF00015.asd	1449	1798.000	8507.832
WYF00015.asd	1450	1799.000	8369.054
WYF00015.asd	1451	1800.000	8220.446
WYF00015.asd	1452	1801.000	14887.433
WYF00015.asd	1453	1802.000	15048.467
WYF00015.asd	1454	1803.000	15214.698
WYF00015.asd	1455	1804.000	15380.940
WYF00015.asd	1456	1805.000	15550.248
WYF00015.asd	1457	1806.000	15721.415
WYF00015.asd	1458	1807.000	15882.117
WYF00015.asd	1459	1808.000	16045.994
WYF00015.asd	1460	1809.000	16196.420
WYF00015.asd	1461	1810.000	16338.214
WYF00015.asd	1462	1811.000	16469.805
WYF00015.asd	1463	1812.000	16594.447
WYF00015.asd	1464	1813.000	16708.831
WYF00015.asd	1465	1814.000	16810.067
WYF00015.asd	1466	1815.000	16906.478
WYF00015.asd	1467	1816.000	16990.465
WYF00015.asd	1468	1817.000	17074.698
WYF00015.asd	1469	1818.000	17157.413
WYF00015.asd	1470	1819.000	17229.791
WYF00015.asd	1471	1820.000	17311.732
WYF00015.asd	1472	1821.000	17398.489
WYF00015.asd	1473	1822.000	17483.285
WYF00015.asd	1474	1823.000	17572.152
WYF00015.asd	1475	1824.000	17657.249
WYF00015.asd	1476	1825.000	17739.142
WYF00015.asd	1477	1826.000	17822.622
WYF00015.asd	1478	1827.000	17903.867
WYF00015.asd	1479	1828.000	17986.463
WYF00015.asd	1480	1829.000	18060.536
WYF00015.asd	1481	1830.000	18133.932
WYF00015.asd	1482	1831.000	18198.693
WYF00015.asd	1483	1832.000	18255.959
WYF00015.asd	1484	1833.000	18308.631
WYF00015.asd	1485	1834.000	18344.530
WYF00015.asd	1486	1835.000	18393.150
WYF00015.asd	1487	1836.000	18444.284
WYF00015.asd	1488	1837.000	18488.846
WYF00015.asd	1489	1838.000	18551.695
WYF00015.asd	1490	1839.000	18622.710
WYF00015.asd	1491	1840.000	18705.942
WYF00015.asd	1492	1841.000	18804.045
WYF00015.asd	1493	1842.000	18901.652
WYF00015.asd	1494	1843.000	19022.588
WYF00015.asd	1495	1844.000	19124.781
WYF00015.asd	1496	1845.000	19226.798
WYF00015.asd	1497	1846.000	19313.023
WYF00015.asd	1498	1847.000	19402.427
WYF00015.asd	1499	1848.000	19485.470
WYF00015.asd	1500	1849.000	19564.054
WYF00015.asd	1501	1850.000	19644.067
WYF00015.asd	1502	1851.000	19712.421
WYF00015.asd	1503	1852.000	19766.907
WYF00015.asd	1504	1853.000	19823.773
WYF00015.asd	1505	1854.000	19881.712
WYF00015.asd	1506	1855.000	19928.543
WYF00015.asd	1507	1856.000	19969.094
WYF00015.asd	1508	1857.000	20003.993
WYF00015.asd	1509	1858.000	20037.520
WYF00015.asd	1510	1859.000	20064.693
WYF00015.asd	1511	1860.000	20085.582
WYF00015.asd	1512	1861.000	20123.655
WYF00015.asd	1513	1862.000	20118.761
WYF00015.asd	1514	1863.000	20108.908
WYF00015.asd	1515	1864.000	20055.041
WYF00015.asd	1516	1865.000	19962.318
WYF00015.asd	1517	1866.000	19848.990
WYF00015.asd	1518	1867.000	19708.351
WYF00015.asd	1519	1868.000	19516.852
WYF00015.asd	1520	1869.000	19354.461
WYF00015.asd	1521	1870.000	19155.854
WYF00015.asd	1522	1871.000	19010.668
WYF00015.asd	1523	1872.000	18875.790
WYF00015.asd	1524	1873.000	18772.839
WYF00015.asd	1525	1874.000	18716.970
WYF00015.asd	1526	1875.000	18652.496
WYF00015.asd	1527	1876.000	18614.462
WYF00015.asd	1528	1877.000	18579.740
WYF00015.asd	1529	1878.000	18512.097
WYF00015.asd	1530	1879.000	18455.232
WYF00015.asd	1531	1880.000	18336.200
WYF00015.asd	1532	1881.000	18186.044
WYF00015.asd	1533	1882.000	18003.904
WYF00015.asd	1534	1883.000	17778.884
WYF00015.asd	1535	1884.000	17531.501
WYF00015.asd	1536	1885.000	17243.165
WYF00015.asd	1537	1886.000	16950.240
WYF00015.asd	1538	1887.000	16624.398
WYF00015.asd	1539	1888.000	16297.813
WYF00015.asd	1540	1889.000	15964.201
WYF00015.asd	1541	1890.000	15617.003
WYF00015.asd	1542	1891.000	15277.099
WYF00015.asd	1543	1892.000	14932.061
WYF00015.asd	1544	1893.000	14585.062
WYF00015.asd	1545	1894.000	14234.574
WYF00015.asd	1546	1895.000	13892.814
WYF00015.asd	1547	1896.000	13547.749
WYF00015.asd	1548	1897.000	13211.086
WYF00015.asd	1549	1898.000	12879.546
WYF00015.asd	1550	1899.000	12551.442
WYF00015.asd	1551	1900.000	12247.042
WYF00015.asd	1552	1901.000	11940.257
WYF00015.asd	1553	1902.000	11670.823
WYF00015.asd	1554	1903.000	11424.744
WYF00015.asd	1555	1904.000	11207.580
WYF00015.asd	1556	1905.000	11019.421
WYF00015.asd	1557	1906.000	10848.888
WYF00015.asd	1558	1907.000	10709.664
WYF00015.asd	1559	1908.000	10583.703
WYF00015.asd	1560	1909.000	10472.844
WYF00015.asd	1561	1910.000	10369.197
WYF00015.asd	1562	1911.000	10272.330
WYF00015.asd	1563	1912.000	10187.771
WYF00015.asd	1564	1913.000	10107.640
WYF00015.asd	1565	1914.000	10034.515
WYF00015.asd	1566	1915.000	9967.464
WYF00015.asd	1567	1916.000	9905.914
WYF00015.asd	1568	1917.000	9853.691
WYF00015.asd	1569	1918.000	9808.294
WYF00015.asd	1570	1919.000	9767.891
WYF00015.asd	1571	1920.000	9743.291
WYF00015.asd	1572	1921.000	9730.056
WYF00015.asd	1573	1922.000	9723.768
WYF00015.asd	1574	1923.000	9728.289
WYF00015.asd	1575	1924.000	9739.664
WYF00015.asd	1576	1925.000	9762.108
WYF00015.asd	1577	1926.000	9785.430
WYF00015.asd	1578	1927.000	9818.254
WYF00015.asd	1579	1928.000	9850.858
WYF00015.asd	1580	1929.000	9886.937
WYF00015.asd	1581	1930.000	9922.602
WYF00015.asd	1582	1931.000	9960.923
WYF00015.asd	1583	1932.000	10000.689
WYF00015.asd	1584	1933.000	10041.058
WYF00015.asd	1585	1934.000	10084.609
WYF00015.asd	1586	1935.000	10129.356
WYF00015.asd	1587	1936.000	10175.458
WYF00015.asd	1588	1937.000	10225.922
WYF00015.asd	1589	1938.000	10277.700
WYF00015.asd	1590	1939.000	10333.795
WYF00015.asd	1591	1940.000	10395.714
WYF00015.asd	1592	1941.000	10457.118
WYF00015.asd	1593	1942.000	10523.377
WYF00015.asd	1594	1943.000	10591.874
WYF00015.asd	1595	1944.000	10658.309
WYF00015.asd	1596	1945.000	10731.776
WYF00015.asd	1597	1946.000	10803.255
WYF00015.asd	1598	1947.000	10875.419
WYF00015.asd	1599	1948.000	10946.164
WYF00015.asd	1600	1949.000	11016.971
WYF00015.asd	1601	1950.000	11087.051
WYF00015.asd	1602	1951.000	11156.135
WYF00015.asd	1603	1952.000	11225.718
WYF00015.asd	1604	1953.000	11292.473
WYF00015.asd	1605	1954.000	11366.340
WYF00015.asd	1606	1955.000	11441.432
WYF00015.asd	1607	1956.000	11513.745
WYF00015.asd	1608	1957.000	11589.967
WYF00015.asd	1609	1958.000	11662.892
WYF00015.asd	1610	1959.000	11737.619
WYF00015.asd	1611	1960.000	11812.459
WYF00015.asd	1612	1961.000	11887.085
WYF00015.asd	1613	1962.000	11963.281
WYF00015.asd	1614	1963.000	12038.517
WYF00015.asd	1615	1964.000	12113.991
WYF00015.asd	1616	1965.000	12185.355
WYF00015.asd	1617	1966.000	12257.982
WYF00015.asd	1618	1967.000	12328.846
WYF00015.asd	1619	1968.000	12398.474
WYF00015.asd	1620	1969.000	12469.213
WYF00015.asd	1621	1970.000	12537.648
WYF00015.asd	1622	1971.000	12605.271
WYF00015.asd	1623	1972.000	12672.938
WYF00015.asd	1624	1973.000	12739.000
WYF00015.asd	1625	1974.000	12803.889
WYF00015.asd	1626	1975.000	12867.188
WYF00015.asd	1627	1976.000	12931.722
WYF00015.asd	1628	1977.000	12995.231
WYF00015.asd	1629	1978.000	13061.163
WYF00015.asd	1630	1979.000	13124.175
WYF00015.asd	1631	1980.000	13190.079
WYF00015.asd	1632	1981.000	13253.293
WYF00015.asd	1633	1982.000	13313.705
WYF00015.asd	1634	1983.000	13375.452
WYF00015.asd	1635	1984.000	13438.372
WYF00015.asd	1636	1985.000	13498.159
WYF00015.asd	1637	1986.000	13557.641
WYF00015.asd	1638	1987.000	13614.673
WYF00015.asd	1639	1988.000	13667.697
WYF00015.asd	1640	1989.000	13723.946
WYF00015.asd	1641	1990.000	13780.640
WYF00015.asd	1642	1991.000	13835.257
WYF00015.asd	1643	1992.000	13889.185
WYF00015.asd	1644	1993.000	13939.598
WYF00015.asd	1645	1994.000	13989.694
WYF00015.asd	1646	1995.000	14038.546
WYF00015.asd	1647	1996.000	14085.634
WYF00015.asd	1648	1997.000	14134.690
WYF00015.asd	1649	1998.000	14178.823
WYF00015.asd	1650	1999.000	14218.354
WYF00015.asd	1651	2000.000	14256.760
WYF00015.asd	1652	2001.000	14293.320
WYF00015.asd	1653	2002.000	14326.924
WYF00015.asd	1654	2003.000	14359.591
WYF00015.asd	1655	2004.000	14390.880
WYF00015.asd	1656	2005.000	14419.605
WYF00015.asd	1657	2006.000	14447.740
WYF00015.asd	1658	2007.000	14473.325
WYF00015.asd	1659	2008.000	14495.530
WYF00015.asd	1660	2009.000	14516.799
WYF00015.asd	1661	2010.000	14536.162
WYF00015.asd	1662	2011.000	14554.044
WYF00015.asd	1663	2012.000	14571.439
WYF00015.asd	1664	2013.000	14585.717
WYF00015.asd	1665	2014.000	14598.780
WYF00015.asd	1666	2015.000	14607.869
WYF00015.asd	1667	2016.000	14613.004
WYF00015.asd	1668	2017.000	14613.455
WYF00015.asd	1669	2018.000	14610.474
WYF00015.asd	1670	2019.000	14608.251
WYF00015.asd	1671	2020.000	14602.320
WYF00015.asd	1672	2021.000	14593.831
WYF00015.asd	1673	2022.000	14582.593
WYF00015.asd	1674	2023.000	14563.461
WYF00015.asd	1675	2024.000	14544.211
WYF00015.asd	1676	2025.000	14521.736
WYF00015.asd	1677	2026.000	14497.780
WYF00015.asd	1678	2027.000	14471.109
WYF00015.asd	1679	2028.000	14445.733
WYF00015.asd	1680	2029.000	14415.606
WYF00015.asd	1681	2030.000	14382.970
WYF00015.asd	1682	2031.000	14351.594
WYF00015.asd	1683	2032.000	14316.641
WYF00015.asd	1684	2033.000	14279.453
WYF00015.asd	1685	2034.000	14242.137
WYF00015.asd	1686	2035.000	14201.866
WYF00015.asd	1687	2036.000	14161.209
WYF00015.asd	1688	2037.000	14118.859
WYF00015.asd	1689	2038.000	14075.961
WYF00015.asd	1690	2039.000	14031.166
WYF00015.asd	1691	2040.000	13982.779
WYF00015.asd	1692	2041.000	13935.096
WYF00015.asd	1693	2042.000	13886.544
WYF00015.asd	1694	2043.000	13838.694
WYF00015.asd	1695	2044.000	13791.279
WYF00015.asd	1696	2045.000	13746.202
WYF00015.asd	1697	2046.000	13698.494
WYF00015.asd	1698	2047.000	13649.073
WYF00015.asd	1699	2048.000	13599.898
WYF00015.asd	1700	2049.000	13549.665
WYF00015.asd	1701	2050.000	13500.659
WYF00015.asd	1702	2051.000	13455.104
WYF00015.asd	1703	2052.000	13411.851
WYF00015.asd	1704	2053.000	13370.923
WYF00015.asd	1705	2054.000	13330.800
WYF00015.asd	1706	2055.000	13293.023
WYF00015.asd	1707	2056.000	13256.712
WYF00015.asd	1708	2057.000	13221.468
WYF00015.asd	1709	2058.000	13186.403
WYF00015.asd	1710	2059.000	13154.292
WYF00015.asd	1711	2060.000	13124.957
WYF00015.asd	1712	2061.000	13096.554
WYF00015.asd	1713	2062.000	13071.914
WYF00015.asd	1714	2063.000	13048.561
WYF00015.asd	1715	2064.000	13023.631
WYF00015.asd	1716	2065.000	13000.392
WYF00015.asd	1717	2066.000	12976.709
WYF00015.asd	1718	2067.000	12952.954
WYF00015.asd	1719	2068.000	12930.004
WYF00015.asd	1720	2069.000	12907.089
WYF00015.asd	1721	2070.000	12883.145
WYF00015.asd	1722	2071.000	12860.711
WYF00015.asd	1723	2072.000	12840.709
WYF00015.asd	1724	2073.000	12820.646
WYF00015.asd	1725	2074.000	12801.147
WYF00015.asd	1726	2075.000	12780.350
WYF00015.asd	1727	2076.000	12757.951
WYF00015.asd	1728	2077.000	12735.601
WYF00015.asd	1729	2078.000	12715.831
WYF00015.asd	1730	2079.000	12696.523
WYF00015.asd	1731	2080.000	12677.175
WYF00015.asd	1732	2081.000	12659.024
WYF00015.asd	1733	2082.000	12641.542
WYF00015.asd	1734	2083.000	12624.984
WYF00015.asd	1735	2084.000	12607.531
WYF00015.asd	1736	2085.000	12590.359
WYF00015.asd	1737	2086.000	12573.997
WYF00015.asd	1738	2087.000	12556.554
WYF00015.asd	1739	2088.000	12538.897
WYF00015.asd	1740	2089.000	12521.615
WYF00015.asd	1741	2090.000	12504.089
WYF00015.asd	1742	2091.000	12485.359
WYF00015.asd	1743	2092.000	12464.552
WYF00015.asd	1744	2093.000	12444.748
WYF00015.asd	1745	2094.000	12425.289
WYF00015.asd	1746	2095.000	12405.727
WYF00015.asd	1747	2096.000	12388.412
WYF00015.asd	1748	2097.000	12371.039
WYF00015.asd	1749	2098.000	12354.335
WYF00015.asd	1750	2099.000	12337.022
WYF00015.asd	1751	2100.000	12317.902
WYF00015.asd	1752	2101.000	12300.879
WYF00015.asd	1753	2102.000	12284.964
WYF00015.asd	1754	2103.000	12269.035
WYF00015.asd	1755	2104.000	12253.833
WYF00015.asd	1756	2105.000	12241.480
WYF00015.asd	1757	2106.000	12227.102
WYF00015.asd	1758	2107.000	12211.453
WYF00015.asd	1759	2108.000	12195.525
WYF00015.asd	1760	2109.000	12178.710
WYF00015.asd	1761	2110.000	12164.372
WYF00015.asd	1762	2111.000	12150.471
WYF00015.asd	1763	2112.000	12135.538
WYF00015.asd	1764	2113.000	12121.045
WYF00015.asd	1765	2114.000	12106.484
WYF00015.asd	1766	2115.000	12090.700
WYF00015.asd	1767	2116.000	12076.012
WYF00015.asd	1768	2117.000	12063.682
WYF00015.asd	1769	2118.000	12048.686
WYF00015.asd	1770	2119.000	12032.801
WYF00015.asd	1771	2120.000	12015.140
WYF00015.asd	1772	2121.000	11997.610
WYF00015.asd	1773	2122.000	11979.722
WYF00015.asd	1774	2123.000	11962.833
WYF00015.asd	1775	2124.000	11945.207
WYF00015.asd	1776	2125.000	11927.680
WYF00015.asd	1777	2126.000	11910.712
WYF00015.asd	1778	2127.000	11892.464
WYF00015.asd	1779	2128.000	11876.494
WYF00015.asd	1780	2129.000	11859.857
WYF00015.asd	1781	2130.000	11840.705
WYF00015.asd	1782	2131.000	11822.013
WYF00015.asd	1783	2132.000	11801.794
WYF00015.asd	1784	2133.000	11782.369
WYF00015.asd	1785	2134.000	11761.805
WYF00015.asd	1786	2135.000	11744.195
WYF00015.asd	1787	2136.000	11728.100
WYF00015.asd	1788	2137.000	11712.521
WYF00015.asd	1789	2138.000	11698.287
WYF00015.asd	1790	2139.000	11684.610
WYF00015.asd	1791	2140.000	11668.955
WYF00015.asd	1792	2141.000	11654.709
WYF00015.asd	1793	2142.000	11642.833
WYF00015.asd	1794	2143.000	11629.812
WYF00015.asd	1795	2144.000	11618.289
WYF00015.asd	1796	2145.000	11606.605
WYF00015.asd	1797	2146.000	11592.505
WYF00015.asd	1798	2147.000	11581.199
WYF00015.asd	1799	2148.000	11569.795
WYF00015.asd	1800	2149.000	11558.539
WYF00015.asd	1801	2150.000	11546.618
WYF00015.asd	1802	2151.000	11533.934
WYF00015.asd	1803	2152.000	11520.497
WYF00015.asd	1804	2153.000	11506.337
WYF00015.asd	1805	2154.000	11492.781
WYF00015.asd	1806	2155.000	11478.484
WYF00015.asd	1807	2156.000	11467.299
WYF00015.asd	1808	2157.000	11454.704
WYF00015.asd	1809	2158.000	11440.925
WYF00015.asd	1810	2159.000	11428.797
WYF00015.asd	1811	2160.000	11414.579
WYF00015.asd	1812	2161.000	11401.172
WYF00015.asd	1813	2162.000	11387.090
WYF00015.asd	1814	2163.000	11369.755
WYF00015.asd	1815	2164.000	11355.033
WYF00015.asd	1816	2165.000	11341.553
WYF00015.asd	1817	2166.000	11328.804
WYF00015.asd	1818	2167.000	11318.826
WYF00015.asd	1819	2168.000	11307.762
WYF00015.asd	1820	2169.000	11293.998
WYF00015.asd	1821	2170.000	11278.726
WYF00015.asd	1822	2171.000	11264.713
WYF00015.asd	1823	2172.000	11251.383
WYF00015.asd	1824	2173.000	11236.673
WYF00015.asd	1825	2174.000	11222.359
WYF00015.asd	1826	2175.000	11207.034
WYF00015.asd	1827	2176.000	11190.743
WYF00015.asd	1828	2177.000	11171.318
WYF00015.asd	1829	2178.000	11154.916
WYF00015.asd	1830	2179.000	11138.472
WYF00015.asd	1831	2180.000	11119.463
WYF00015.asd	1832	2181.000	11102.819
WYF00015.asd	1833	2182.000	11085.197
WYF00015.asd	1834	2183.000	11066.627
WYF00015.asd	1835	2184.000	11047.780
WYF00015.asd	1836	2185.000	11025.155
WYF00015.asd	1837	2186.000	10999.789
WYF00015.asd	1838	2187.000	10972.625
WYF00015.asd	1839	2188.000	10945.065
WYF00015.asd	1840	2189.000	10919.398
WYF00015.asd	1841	2190.000	10891.988
WYF00015.asd	1842	2191.000	10863.524
WYF00015.asd	1843	2192.000	10834.647
WYF00015.asd	1844	2193.000	10804.354
WYF00015.asd	1845	2194.000	10773.501
WYF00015.asd	1846	2195.000	10741.932
WYF00015.asd	1847	2196.000	10710.787
WYF00015.asd	1848	2197.000	10678.991
WYF00015.asd	1849	2198.000	10648.030
WYF00015.asd	1850	2199.000	10617.082
WYF00015.asd	1851	2200.000	10587.011
WYF00015.asd	1852	2201.000	10559.110
WYF00015.asd	1853	2202.000	10531.335
WYF00015.asd	1854	2203.000	10503.230
WYF00015.asd	1855	2204.000	10476.361
WYF00015.asd	1856	2205.000	10451.233
WYF00015.asd	1857	2206.000	10427.743
WYF00015.asd	1858	2207.000	10404.894
WYF00015.asd	1859	2208.000	10383.482
WYF00015.asd	1860	2209.000	10361.516
WYF00015.asd	1861	2210.000	10337.185
WYF00015.asd	1862	2211.000	10314.012
WYF00015.asd	1863	2212.000	10289.933
WYF00015.asd	1864	2213.000	10264.043
WYF00015.asd	1865	2214.000	10237.961
WYF00015.asd	1866	2215.000	10210.463
WYF00015.asd	1867	2216.000	10181.984
WYF00015.asd	1868	2217.000	10153.471
WYF00015.asd	1869	2218.000	10125.051
WYF00015.asd	1870	2219.000	10093.192
WYF00015.asd	1871	2220.000	10060.316
WYF00015.asd	1872	2221.000	10024.576
WYF00015.asd	1873	2222.000	9985.533
WYF00015.asd	1874	2223.000	9946.272
WYF00015.asd	1875	2224.000	9902.979
WYF00015.asd	1876	2225.000	9856.753
WYF00015.asd	1877	2226.000	9809.801
WYF00015.asd	1878	2227.000	9755.790
WYF00015.asd	1879	2228.000	9699.350
WYF00015.asd	1880	2229.000	9643.969
WYF00015.asd	1881	2230.000	9584.615
WYF00015.asd	1882	2231.000	9524.884
WYF00015.asd	1883	2232.000	9461.258
WYF00015.asd	1884	2233.000	9391.636
WYF00015.asd	1885	2234.000	9321.318
WYF00015.asd	1886	2235.000	9245.407
WYF00015.asd	1887	2236.000	9168.001
WYF00015.asd	1888	2237.000	9094.002
WYF00015.asd	1889	2238.000	9017.064
WYF00015.asd	1890	2239.000	8941.453
WYF00015.asd	1891	2240.000	8864.877
WYF00015.asd	1892	2241.000	8786.258
WYF00015.asd	1893	2242.000	8708.429
WYF00015.asd	1894	2243.000	8629.122
WYF00015.asd	1895	2244.000	8549.039
WYF00015.asd	1896	2245.000	8469.022
WYF00015.asd	1897	2246.000	8389.356
WYF00015.asd	1898	2247.000	8308.807
WYF00015.asd	1899	2248.000	8229.811
WYF00015.asd	1900	2249.000	8152.172
WYF00015.asd	1901	2250.000	8074.942
WYF00015.asd	1902	2251.000	7999.021
WYF00015.asd	1903	2252.000	7919.766
WYF00015.asd	1904	2253.000	7842.387
WYF00015.asd	1905	2254.000	7765.594
WYF00015.asd	1906	2255.000	7689.256
WYF00015.asd	1907	2256.000	7617.215
WYF00015.asd	1908	2257.000	7545.222
WYF00015.asd	1909	2258.000	7474.068
WYF00015.asd	1910	2259.000	7406.359
WYF00015.asd	1911	2260.000	7334.086
WYF00015.asd	1912	2261.000	7263.598
WYF00015.asd	1913	2262.000	7198.132
WYF00015.asd	1914	2263.000	7132.655
WYF00015.asd	1915	2264.000	7073.142
WYF00015.asd	1916	2265.000	7012.683
WYF00015.asd	1917	2266.000	6952.379
WYF00015.asd	1918	2267.000	6897.912
WYF00015.asd	1919	2268.000	6841.209
WYF00015.asd	1920	2269.000	6787.391
WYF00015.asd	1921	2270.000	6738.007
WYF00015.asd	1922	2271.000	6688.554
WYF00015.asd	1923	2272.000	6637.991
WYF00015.asd	1924	2273.000	6591.775
WYF00015.asd	1925	2274.000	6548.817
WYF00015.asd	1926	2275.000	6506.278
WYF00015.asd	1927	2276.000	6465.034
WYF00015.asd	1928	2277.000	6425.342
WYF00015.asd	1929	2278.000	6388.865
WYF00015.asd	1930	2279.000	6351.494
WYF00015.asd	1931	2280.000	6315.420
WYF00015.asd	1932	2281.000	6278.606
WYF00015.asd	1933	2282.000	6240.736
WYF00015.asd	1934	2283.000	6203.712
WYF00015.asd	1935	2284.000	6168.263
WYF00015.asd	1936	2285.000	6129.514
WYF00015.asd	1937	2286.000	6092.337
WYF00015.asd	1938	2287.000	6055.133
WYF00015.asd	1939	2288.000	6012.960
WYF00015.asd	1940	2289.000	5973.009
WYF00015.asd	1941	2290.000	5929.666
WYF00015.asd	1942	2291.000	5882.051
WYF00015.asd	1943	2292.000	5835.839
WYF00015.asd	1944	2293.000	5787.515
WYF00015.asd	1945	2294.000	5737.917
WYF00015.asd	1946	2295.000	5687.742
WYF00015.asd	1947	2296.000	5635.894
WYF00015.asd	1948	2297.000	5585.004
WYF00015.asd	1949	2298.000	5533.174
WYF00015.asd	1950	2299.000	5481.504
WYF00015.asd	1951	2300.000	5433.315
WYF00015.asd	1952	2301.000	5384.878
WYF00015.asd	1953	2302.000	5339.136
WYF00015.asd	1954	2303.000	5296.476
WYF00015.asd	1955	2304.000	5254.201
WYF00015.asd	1956	2305.000	5214.944
WYF00015.asd	1957	2306.000	5175.013
WYF00015.asd	1958	2307.000	5136.205
WYF00015.asd	1959	2308.000	5101.687
WYF00015.asd	1960	2309.000	5068.787
WYF00015.asd	1961	2310.000	5038.153
WYF00015.asd	1962	2311.000	5013.119
WYF00015.asd	1963	2312.000	4987.077
WYF00015.asd	1964	2313.000	4961.667
WYF00015.asd	1965	2314.000	4937.670
WYF00015.asd	1966	2315.000	4915.250
WYF00015.asd	1967	2316.000	4891.596
WYF00015.asd	1968	2317.000	4869.403
WYF00015.asd	1969	2318.000	4844.281
WYF00015.asd	1970	2319.000	4819.120
WYF00015.asd	1971	2320.000	4790.980
WYF00015.asd	1972	2321.000	4759.732
WYF00015.asd	1973	2322.000	4728.826
WYF00015.asd	1974	2323.000	4696.061
WYF00015.asd	1975	2324.000	4662.923
WYF00015.asd	1976	2325.000	4630.423
WYF00015.asd	1977	2326.000	4594.533
WYF00015.asd	1978	2327.000	4555.265
WYF00015.asd	1979	2328.000	4517.793
WYF00015.asd	1980	2329.000	4479.471
WYF00015.asd	1981	2330.000	4440.892
WYF00015.asd	1982	2331.000	4403.061
WYF00015.asd	1983	2332.000	4364.626
WYF00015.asd	1984	2333.000	4324.640
WYF00015.asd	1985	2334.000	4285.283
WYF00015.asd	1986	2335.000	4246.391
WYF00015.asd	1987	2336.000	4207.592
WYF00015.asd	1988	2337.000	4168.645
WYF00015.asd	1989	2338.000	4130.869
WYF00015.asd	1990	2339.000	4092.209
WYF00015.asd	1991	2340.000	4052.058
WYF00015.asd	1992	2341.000	4013.358
WYF00015.asd	1993	2342.000	3973.311
WYF00015.asd	1994	2343.000	3934.607
WYF00015.asd	1995	2344.000	3899.616
WYF00015.asd	1996	2345.000	3864.168
WYF00015.asd	1997	2346.000	3830.729
WYF00015.asd	1998	2347.000	3798.478
WYF00015.asd	1999	2348.000	3766.522
WYF00015.asd	2000	2349.000	3737.372
WYF00015.asd	2001	2350.000	3708.721
WYF00015.asd	2002	2351.000	3681.071
WYF00015.asd	2003	2352.000	3656.769
WYF00015.asd	2004	2353.000	3632.896
WYF00015.asd	2005	2354.000	3607.988
WYF00015.asd	2006	2355.000	3584.752
WYF00015.asd	2007	2356.000	3560.991
WYF00015.asd	2008	2357.000	3537.137
WYF00015.asd	2009	2358.000	3512.841
WYF00015.asd	2010	2359.000	3486.925
WYF00015.asd	2011	2360.000	3461.513
WYF00015.asd	2012	2361.000	3434.445
WYF00015.asd	2013	2362.000	3407.548
WYF00015.asd	2014	2363.000	3379.966
WYF00015.asd	2015	2364.000	3351.653
WYF00015.asd	2016	2365.000	3323.511
WYF00015.asd	2017	2366.000	3293.396
WYF00015.asd	2018	2367.000	3266.778
WYF00015.asd	2019	2368.000	3240.005
WYF00015.asd	2020	2369.000	3211.266
WYF00015.asd	2021	2370.000	3185.201
WYF00015.asd	2022	2371.000	3156.117
WYF00015.asd	2023	2372.000	3124.221
WYF00015.asd	2024	2373.000	3095.378
WYF00015.asd	2025	2374.000	3066.451
WYF00015.asd	2026	2375.000	3037.544
WYF00015.asd	2027	2376.000	3009.799
WYF00015.asd	2028	2377.000	2982.496
WYF00015.asd	2029	2378.000	2954.897
WYF00015.asd	2030	2379.000	2928.469
WYF00015.asd	2031	2380.000	2904.369
WYF00015.asd	2032	2381.000	2878.199
WYF00015.asd	2033	2382.000	2851.284
WYF00015.asd	2034	2383.000	2823.845
WYF00015.asd	2035	2384.000	2795.504
WYF00015.asd	2036	2385.000	2767.247
WYF00015.asd	2037	2386.000	2738.113
WYF00015.asd	2038	2387.000	2711.043
WYF00015.asd	2039	2388.000	2684.384
WYF00015.asd	2040	2389.000	2658.530
WYF00015.asd	2041	2390.000	2634.799
WYF00015.asd	2042	2391.000	2608.273
WYF00015.asd	2043	2392.000	2581.095
WYF00015.asd	2044	2393.000	2554.424
WYF00015.asd	2045	2394.000	2526.267
WYF00015.asd	2046	2395.000	2500.137
WYF00015.asd	2047	2396.000	2475.929
WYF00015.asd	2048	2397.000	2448.907
WYF00015.asd	2049	2398.000	2420.328
WYF00015.asd	2050	2399.000	2393.987
WYF00015.asd	2051	2400.000	2368.052
WYF00015.asd	2052	2401.000	2341.026
WYF00015.asd	2053	2402.000	2315.628
WYF00015.asd	2054	2403.000	2288.379
WYF00015.asd	2055	2404.000	2257.610
WYF00015.asd	2056	2405.000	2230.410
WYF00015.asd	2057	2406.000	2204.856
WYF00015.asd	2058	2407.000	2178.817
WYF00015.asd	2059	2408.000	2154.373
WYF00015.asd	2060	2409.000	2127.924
WYF00015.asd	2061	2410.000	2100.429
WYF00015.asd	2062	2411.000	2073.445
WYF00015.asd	2063	2412.000	2045.043
WYF00015.asd	2064	2413.000	2018.857
WYF00015.asd	2065	2414.000	1994.631
WYF00015.asd	2066	2415.000	1968.665
WYF00015.asd	2067	2416.000	1942.684
WYF00015.asd	2068	2417.000	1916.963
WYF00015.asd	2069	2418.000	1890.535
WYF00015.asd	2070	2419.000	1864.452
WYF00015.asd	2071	2420.000	1838.714
WYF00015.asd	2072	2421.000	1813.453
WYF00015.asd	2073	2422.000	1787.823
WYF00015.asd	2074	2423.000	1762.961
WYF00015.asd	2075	2424.000	1739.377
WYF00015.asd	2076	2425.000	1715.494
WYF00015.asd	2077	2426.000	1691.906
WYF00015.asd	2078	2427.000	1667.348
WYF00015.asd	2079	2428.000	1641.809
WYF00015.asd	2080	2429.000	1618.808
WYF00015.asd	2081	2430.000	1596.378
WYF00015.asd	2082	2431.000	1573.325
WYF00015.asd	2083	2432.000	1552.122
WYF00015.asd	2084	2433.000	1529.447
WYF00015.asd	2085	2434.000	1504.660
WYF00015.asd	2086	2435.000	1482.202
WYF00015.asd	2087	2436.000	1460.833
WYF00015.asd	2088	2437.000	1439.736
WYF00015.asd	2089	2438.000	1419.496
WYF00015.asd	2090	2439.000	1398.454
WYF00015.asd	2091	2440.000	1377.698
WYF00015.asd	2092	2441.000	1356.824
WYF00015.asd	2093	2442.000	1335.057
WYF00015.asd	2094	2443.000	1314.719
WYF00015.asd	2095	2444.000	1295.537
WYF00015.asd	2096	2445.000	1275.006
WYF00015.asd	2097	2446.000	1254.303
WYF00015.asd	2098	2447.000	1234.026
WYF00015.asd	2099	2448.000	1213.168
WYF00015.asd	2100	2449.000	1192.450
WYF00015.asd	2101	2450.000	1173.536
WYF00015.asd	2102	2451.000	1157.203
WYF00015.asd	2103	2452.000	1139.404
WYF00015.asd	2104	2453.000	1121.700
WYF00015.asd	2105	2454.000	1104.693
WYF00015.asd	2106	2455.000	1085.997
WYF00015.asd	2107	2456.000	1067.962
WYF00015.asd	2108	2457.000	1052.467
WYF00015.asd	2109	2458.000	1037.154
WYF00015.asd	2110	2459.000	1019.623
WYF00015.asd	2111	2460.000	1003.355
WYF00015.asd	2112	2461.000	987.695
WYF00015.asd	2113	2462.000	971.262
WYF00015.asd	2114	2463.000	953.744
WYF00015.asd	2115	2464.000	938.929
WYF00015.asd	2116	2465.000	924.276
WYF00015.asd	2117	2466.000	911.046
WYF00015.asd	2118	2467.000	903.472
WYF00015.asd	2119	2468.000	891.541
WYF00015.asd	2120	2469.000	876.908
WYF00015.asd	2121	2470.000	863.168
WYF00015.asd	2122	2471.000	848.161
WYF00015.asd	2123	2472.000	832.779
WYF00015.asd	2124	2473.000	816.220
WYF00015.asd	2125	2474.000	802.344
WYF00015.asd	2126	2475.000	789.158
WYF00015.asd	2127	2476.000	776.000
WYF00015.asd	2128	2477.000	765.355
WYF00015.asd	2129	2478.000	754.029
WYF00015.asd	2130	2479.000	742.009
WYF00015.asd	2131	2480.000	729.590
WYF00015.asd	2132	2481.000	717.601
WYF00015.asd	2133	2482.000	705.534
WYF00015.asd	2134	2483.000	691.805
WYF00015.asd	2135	2484.000	679.891
WYF00015.asd	2136	2485.000	670.484
WYF00015.asd	2137	2486.000	658.459
WYF00015.asd	2138	2487.000	644.966
WYF00015.asd	2139	2488.000	633.081
WYF00015.asd	2140	2489.000	620.277
WYF00015.asd	2141	2490.000	608.869
WYF00015.asd	2142	2491.000	600.554
WYF00015.asd	2143	2492.000	588.753
WYF00015.asd	2144	2493.000	574.785
WYF00015.asd	2145	2494.000	562.723
WYF00015.asd	2146	2495.000	549.928
WYF00015.asd	2147	2496.000	538.159
WYF00015.asd	2148	2497.000	528.672
WYF00015.asd	2149	2498.000	516.466
WYF00015.asd	2150	2499.000	503.046
WYF00015.asd	2151	2500.000	489.636
