WYF00002.asd	1	350.000	8.566
WYF00002.asd	2	351.000	9.648
WYF00002.asd	3	352.000	10.842
WYF00002.asd	4	353.000	12.701
WYF00002.asd	5	354.000	11.778
WYF00002.asd	6	355.000	11.071
WYF00002.asd	7	356.000	11.316
WYF00002.asd	8	357.000	10.422
WYF00002.asd	9	358.000	11.187
WYF00002.asd	10	359.000	12.055
WYF00002.asd	11	360.000	12.259
WYF00002.asd	12	361.000	13.646
WYF00002.asd	13	362.000	14.747
WYF00002.asd	14	363.000	15.325
WYF00002.asd	15	364.000	15.635
WYF00002.asd	16	365.000	16.287
WYF00002.asd	17	366.000	17.597
WYF00002.asd	18	367.000	18.431
WYF00002.asd	19	368.000	17.880
WYF00002.asd	20	369.000	19.369
WYF00002.asd	21	370.000	20.992
WYF00002.asd	22	371.000	22.287
WYF00002.asd	23	372.000	23.884
WYF00002.asd	24	373.000	23.703
WYF00002.asd	25	374.000	24.725
WYF00002.asd	26	375.000	27.444
WYF00002.asd	27	376.000	28.438
WYF00002.asd	28	377.000	29.517
WYF00002.asd	29	378.000	30.612
WYF00002.asd	30	379.000	31.997
WYF00002.asd	31	380.000	36.058
WYF00002.asd	32	381.000	36.644
WYF00002.asd	33	382.000	36.267
WYF00002.asd	34	383.000	38.964
WYF00002.asd	35	384.000	40.623
WYF00002.asd	36	385.000	42.422
WYF00002.asd	37	386.000	45.092
WYF00002.asd	38	387.000	48.580
WYF00002.asd	39	388.000	49.793
WYF00002.asd	40	389.000	51.825
WYF00002.asd	41	390.000	55.323
WYF00002.asd	42	391.000	57.165
WYF00002.asd	43	392.000	58.242
WYF00002.asd	44	393.000	60.566
WYF00002.asd	45	394.000	64.541
WYF00002.asd	46	395.000	66.174
WYF00002.asd	47	396.000	67.729
WYF00002.asd	48	397.000	70.682
WYF00002.asd	49	398.000	75.520
WYF00002.asd	50	399.000	79.678
WYF00002.asd	51	400.000	83.574
WYF00002.asd	52	401.000	86.555
WYF00002.asd	53	402.000	87.673
WYF00002.asd	54	403.000	91.159
WYF00002.asd	55	404.000	94.940
WYF00002.asd	56	405.000	97.409
WYF00002.asd	57	406.000	98.835
WYF00002.asd	58	407.000	103.782
WYF00002.asd	59	408.000	107.190
WYF00002.asd	60	409.000	106.197
WYF00002.asd	61	410.000	111.368
WYF00002.asd	62	411.000	114.482
WYF00002.asd	63	412.000	116.238
WYF00002.asd	64	413.000	120.656
WYF00002.asd	65	414.000	125.888
WYF00002.asd	66	415.000	130.427
WYF00002.asd	67	416.000	134.203
WYF00002.asd	68	417.000	138.442
WYF00002.asd	69	418.000	142.324
WYF00002.asd	70	419.000	145.882
WYF00002.asd	71	420.000	149.655
WYF00002.asd	72	421.000	154.837
WYF00002.asd	73	422.000	161.344
WYF00002.asd	74	423.000	167.562
WYF00002.asd	75	424.000	172.165
WYF00002.asd	76	425.000	176.978
WYF00002.asd	77	426.000	183.728
WYF00002.asd	78	427.000	191.057
WYF00002.asd	79	428.000	196.072
WYF00002.asd	80	429.000	202.828
WYF00002.asd	81	430.000	210.427
WYF00002.asd	82	431.000	218.640
WYF00002.asd	83	432.000	229.134
WYF00002.asd	84	433.000	238.389
WYF00002.asd	85	434.000	247.142
WYF00002.asd	86	435.000	256.348
WYF00002.asd	87	436.000	263.790
WYF00002.asd	88	437.000	270.690
WYF00002.asd	89	438.000	277.381
WYF00002.asd	90	439.000	283.542
WYF00002.asd	91	440.000	287.630
WYF00002.asd	92	441.000	292.901
WYF00002.asd	93	442.000	300.455
WYF00002.asd	94	443.000	308.291
WYF00002.asd	95	444.000	317.440
WYF00002.asd	96	445.000	327.187
WYF00002.asd	97	446.000	337.068
WYF00002.asd	98	447.000	348.636
WYF00002.asd	99	448.000	357.749
WYF00002.asd	100	449.000	366.646
WYF00002.asd	101	450.000	378.701
WYF00002.asd	102	451.000	383.922
WYF00002.asd	103	452.000	393.262
WYF00002.asd	104	453.000	407.183
WYF00002.asd	105	454.000	413.770
WYF00002.asd	106	455.000	419.168
WYF00002.asd	107	456.000	425.049
WYF00002.asd	108	457.000	432.005
WYF00002.asd	109	458.000	440.532
WYF00002.asd	110	459.000	445.077
WYF00002.asd	111	460.000	448.013
WYF00002.asd	112	461.000	453.959
WYF00002.asd	113	462.000	458.886
WYF00002.asd	114	463.000	461.078
WYF00002.asd	115	464.000	461.996
WYF00002.asd	116	465.000	465.935
WYF00002.asd	117	466.000	470.147
WYF00002.asd	118	467.000	473.030
WYF00002.asd	119	468.000	474.951
WYF00002.asd	120	469.000	480.915
WYF00002.asd	121	470.000	484.449
WYF00002.asd	122	471.000	485.926
WYF00002.asd	123	472.000	488.292
WYF00002.asd	124	473.000	490.790
WYF00002.asd	125	474.000	495.211
WYF00002.asd	126	475.000	501.114
WYF00002.asd	127	476.000	505.660
WYF00002.asd	128	477.000	508.376
WYF00002.asd	129	478.000	511.718
WYF00002.asd	130	479.000	516.682
WYF00002.asd	131	480.000	518.811
WYF00002.asd	132	481.000	521.039
WYF00002.asd	133	482.000	525.891
WYF00002.asd	134	483.000	534.150
WYF00002.asd	135	484.000	536.956
WYF00002.asd	136	485.000	540.869
WYF00002.asd	137	486.000	547.902
WYF00002.asd	138	487.000	553.621
WYF00002.asd	139	488.000	559.446
WYF00002.asd	140	489.000	566.338
WYF00002.asd	141	490.000	575.098
WYF00002.asd	142	491.000	586.391
WYF00002.asd	143	492.000	597.726
WYF00002.asd	144	493.000	610.211
WYF00002.asd	145	494.000	626.064
WYF00002.asd	146	495.000	640.838
WYF00002.asd	147	496.000	657.921
WYF00002.asd	148	497.000	677.869
WYF00002.asd	149	498.000	696.692
WYF00002.asd	150	499.000	717.963
WYF00002.asd	151	500.000	742.597
WYF00002.asd	152	501.000	770.047
WYF00002.asd	153	502.000	797.259
WYF00002.asd	154	503.000	827.848
WYF00002.asd	155	504.000	860.644
WYF00002.asd	156	505.000	892.334
WYF00002.asd	157	506.000	928.507
WYF00002.asd	158	507.000	968.295
WYF00002.asd	159	508.000	1010.686
WYF00002.asd	160	509.000	1055.731
WYF00002.asd	161	510.000	1103.817
WYF00002.asd	162	511.000	1154.235
WYF00002.asd	163	512.000	1206.115
WYF00002.asd	164	513.000	1259.016
WYF00002.asd	165	514.000	1316.701
WYF00002.asd	166	515.000	1377.575
WYF00002.asd	167	516.000	1436.640
WYF00002.asd	168	517.000	1502.438
WYF00002.asd	169	518.000	1571.868
WYF00002.asd	170	519.000	1640.928
WYF00002.asd	171	520.000	1707.096
WYF00002.asd	172	521.000	1778.043
WYF00002.asd	173	522.000	1849.654
WYF00002.asd	174	523.000	1915.559
WYF00002.asd	175	524.000	1982.524
WYF00002.asd	176	525.000	2050.292
WYF00002.asd	177	526.000	2117.417
WYF00002.asd	178	527.000	2181.641
WYF00002.asd	179	528.000	2240.975
WYF00002.asd	180	529.000	2299.531
WYF00002.asd	181	530.000	2359.224
WYF00002.asd	182	531.000	2412.491
WYF00002.asd	183	532.000	2465.300
WYF00002.asd	184	533.000	2517.749
WYF00002.asd	185	534.000	2567.120
WYF00002.asd	186	535.000	2611.814
WYF00002.asd	187	536.000	2659.339
WYF00002.asd	188	537.000	2709.189
WYF00002.asd	189	538.000	2749.101
WYF00002.asd	190	539.000	2791.742
WYF00002.asd	191	540.000	2837.251
WYF00002.asd	192	541.000	2882.716
WYF00002.asd	193	542.000	2926.065
WYF00002.asd	194	543.000	2976.000
WYF00002.asd	195	544.000	3036.619
WYF00002.asd	196	545.000	3106.377
WYF00002.asd	197	546.000	3166.684
WYF00002.asd	198	547.000	3209.045
WYF00002.asd	199	548.000	3234.421
WYF00002.asd	200	549.000	3255.326
WYF00002.asd	201	550.000	3293.685
WYF00002.asd	202	551.000	3344.227
WYF00002.asd	203	552.000	3392.652
WYF00002.asd	204	553.000	3439.988
WYF00002.asd	205	554.000	3489.698
WYF00002.asd	206	555.000	3540.973
WYF00002.asd	207	556.000	3588.693
WYF00002.asd	208	557.000	3634.137
WYF00002.asd	209	558.000	3676.094
WYF00002.asd	210	559.000	3714.100
WYF00002.asd	211	560.000	3751.182
WYF00002.asd	212	561.000	3781.217
WYF00002.asd	213	562.000	3805.018
WYF00002.asd	214	563.000	3825.626
WYF00002.asd	215	564.000	3833.935
WYF00002.asd	216	565.000	3834.537
WYF00002.asd	217	566.000	3828.364
WYF00002.asd	218	567.000	3809.106
WYF00002.asd	219	568.000	3782.905
WYF00002.asd	220	569.000	3749.501
WYF00002.asd	221	570.000	3708.159
WYF00002.asd	222	571.000	3662.468
WYF00002.asd	223	572.000	3617.573
WYF00002.asd	224	573.000	3574.231
WYF00002.asd	225	574.000	3530.409
WYF00002.asd	226	575.000	3495.365
WYF00002.asd	227	576.000	3468.084
WYF00002.asd	228	577.000	3443.958
WYF00002.asd	229	578.000	3415.260
WYF00002.asd	230	579.000	3380.021
WYF00002.asd	231	580.000	3341.160
WYF00002.asd	232	581.000	3303.475
WYF00002.asd	233	582.000	3266.413
WYF00002.asd	234	583.000	3232.494
WYF00002.asd	235	584.000	3201.245
WYF00002.asd	236	585.000	3168.771
WYF00002.asd	237	586.000	3138.344
WYF00002.asd	238	587.000	3110.908
WYF00002.asd	239	588.000	3086.431
WYF00002.asd	240	589.000	3063.402
WYF00002.asd	241	590.000	3044.200
WYF00002.asd	242	591.000	3030.411
WYF00002.asd	243	592.000	3023.400
WYF00002.asd	244	593.000	3027.796
WYF00002.asd	245	594.000	3037.274
WYF00002.asd	246	595.000	3047.349
WYF00002.asd	247	596.000	3058.915
WYF00002.asd	248	597.000	3075.074
WYF00002.asd	249	598.000	3092.173
WYF00002.asd	250	599.000	3105.267
WYF00002.asd	251	600.000	3115.321
WYF00002.asd	252	601.000	3122.914
WYF00002.asd	253	602.000	3126.263
WYF00002.asd	254	603.000	3121.790
WYF00002.asd	255	604.000	3114.682
WYF00002.asd	256	605.000	3106.037
WYF00002.asd	257	606.000	3095.159
WYF00002.asd	258	607.000	3078.585
WYF00002.asd	259	608.000	3062.229
WYF00002.asd	260	609.000	3046.159
WYF00002.asd	261	610.000	3027.927
WYF00002.asd	262	611.000	3008.777
WYF00002.asd	263	612.000	2992.657
WYF00002.asd	264	613.000	2980.683
WYF00002.asd	265	614.000	2969.864
WYF00002.asd	266	615.000	2958.835
WYF00002.asd	267	616.000	2943.749
WYF00002.asd	268	617.000	2922.909
WYF00002.asd	269	618.000	2903.942
WYF00002.asd	270	619.000	2884.994
WYF00002.asd	271	620.000	2864.694
WYF00002.asd	272	621.000	2842.487
WYF00002.asd	273	622.000	2822.353
WYF00002.asd	274	623.000	2802.325
WYF00002.asd	275	624.000	2781.228
WYF00002.asd	276	625.000	2761.013
WYF00002.asd	277	626.000	2746.669
WYF00002.asd	278	627.000	2734.358
WYF00002.asd	279	628.000	2718.281
WYF00002.asd	280	629.000	2703.679
WYF00002.asd	281	630.000	2692.086
WYF00002.asd	282	631.000	2679.761
WYF00002.asd	283	632.000	2657.901
WYF00002.asd	284	633.000	2637.178
WYF00002.asd	285	634.000	2614.577
WYF00002.asd	286	635.000	2585.957
WYF00002.asd	287	636.000	2553.247
WYF00002.asd	288	637.000	2516.661
WYF00002.asd	289	638.000	2477.113
WYF00002.asd	290	639.000	2435.711
WYF00002.asd	291	640.000	2391.598
WYF00002.asd	292	641.000	2345.714
WYF00002.asd	293	642.000	2298.661
WYF00002.asd	294	643.000	2250.147
WYF00002.asd	295	644.000	2201.241
WYF00002.asd	296	645.000	2153.589
WYF00002.asd	297	646.000	2108.605
WYF00002.asd	298	647.000	2065.799
WYF00002.asd	299	648.000	2026.366
WYF00002.asd	300	649.000	1992.275
WYF00002.asd	301	650.000	1965.614
WYF00002.asd	302	651.000	1941.199
WYF00002.asd	303	652.000	1920.167
WYF00002.asd	304	653.000	1903.817
WYF00002.asd	305	654.000	1892.276
WYF00002.asd	306	655.000	1875.362
WYF00002.asd	307	656.000	1854.499
WYF00002.asd	308	657.000	1835.241
WYF00002.asd	309	658.000	1813.962
WYF00002.asd	310	659.000	1790.188
WYF00002.asd	311	660.000	1763.760
WYF00002.asd	312	661.000	1734.678
WYF00002.asd	313	662.000	1704.534
WYF00002.asd	314	663.000	1673.444
WYF00002.asd	315	664.000	1642.363
WYF00002.asd	316	665.000	1615.846
WYF00002.asd	317	666.000	1592.328
WYF00002.asd	318	667.000	1570.448
WYF00002.asd	319	668.000	1549.427
WYF00002.asd	320	669.000	1532.430
WYF00002.asd	321	670.000	1520.853
WYF00002.asd	322	671.000	1513.379
WYF00002.asd	323	672.000	1504.600
WYF00002.asd	324	673.000	1505.978
WYF00002.asd	325	674.000	1510.551
WYF00002.asd	326	675.000	1510.629
WYF00002.asd	327	676.000	1520.023
WYF00002.asd	328	677.000	1533.085
WYF00002.asd	329	678.000	1547.987
WYF00002.asd	330	679.000	1566.702
WYF00002.asd	331	680.000	1593.525
WYF00002.asd	332	681.000	1629.121
WYF00002.asd	333	682.000	1673.220
WYF00002.asd	334	683.000	1724.535
WYF00002.asd	335	684.000	1790.513
WYF00002.asd	336	685.000	1872.281
WYF00002.asd	337	686.000	1968.666
WYF00002.asd	338	687.000	2080.832
WYF00002.asd	339	688.000	2210.257
WYF00002.asd	340	689.000	2357.494
WYF00002.asd	341	690.000	2522.089
WYF00002.asd	342	691.000	2703.987
WYF00002.asd	343	692.000	2899.057
WYF00002.asd	344	693.000	3103.433
WYF00002.asd	345	694.000	3315.635
WYF00002.asd	346	695.000	3540.017
WYF00002.asd	347	696.000	3771.901
WYF00002.asd	348	697.000	4004.210
WYF00002.asd	349	698.000	4244.958
WYF00002.asd	350	699.000	4492.163
WYF00002.asd	351	700.000	4741.930
WYF00002.asd	352	701.000	4989.291
WYF00002.asd	353	702.000	5239.019
WYF00002.asd	354	703.000	5487.972
WYF00002.asd	355	704.000	5733.641
WYF00002.asd	356	705.000	5981.120
WYF00002.asd	357	706.000	6227.840
WYF00002.asd	358	707.000	6473.628
WYF00002.asd	359	708.000	6719.733
WYF00002.asd	360	709.000	6967.276
WYF00002.asd	361	710.000	7214.572
WYF00002.asd	362	711.000	7462.602
WYF00002.asd	363	712.000	7716.518
WYF00002.asd	364	713.000	7968.679
WYF00002.asd	365	714.000	8220.929
WYF00002.asd	366	715.000	8476.328
WYF00002.asd	367	716.000	8733.311
WYF00002.asd	368	717.000	8986.583
WYF00002.asd	369	718.000	9239.423
WYF00002.asd	370	719.000	9499.515
WYF00002.asd	371	720.000	9761.324
WYF00002.asd	372	721.000	10017.896
WYF00002.asd	373	722.000	10268.376
WYF00002.asd	374	723.000	10521.525
WYF00002.asd	375	724.000	10766.003
WYF00002.asd	376	725.000	11007.205
WYF00002.asd	377	726.000	11250.170
WYF00002.asd	378	727.000	11480.015
WYF00002.asd	379	728.000	11708.009
WYF00002.asd	380	729.000	11934.111
WYF00002.asd	381	730.000	12150.742
WYF00002.asd	382	731.000	12358.617
WYF00002.asd	383	732.000	12560.876
WYF00002.asd	384	733.000	12757.455
WYF00002.asd	385	734.000	12942.639
WYF00002.asd	386	735.000	13121.270
WYF00002.asd	387	736.000	13292.412
WYF00002.asd	388	737.000	13454.207
WYF00002.asd	389	738.000	13607.197
WYF00002.asd	390	739.000	13756.600
WYF00002.asd	391	740.000	13897.528
WYF00002.asd	392	741.000	14020.824
WYF00002.asd	393	742.000	14144.134
WYF00002.asd	394	743.000	14260.834
WYF00002.asd	395	744.000	14367.753
WYF00002.asd	396	745.000	14471.601
WYF00002.asd	397	746.000	14566.244
WYF00002.asd	398	747.000	14654.941
WYF00002.asd	399	748.000	14741.276
WYF00002.asd	400	749.000	14821.065
WYF00002.asd	401	750.000	14894.028
WYF00002.asd	402	751.000	14959.679
WYF00002.asd	403	752.000	15017.988
WYF00002.asd	404	753.000	15072.385
WYF00002.asd	405	754.000	15123.868
WYF00002.asd	406	755.000	15172.191
WYF00002.asd	407	756.000	15215.939
WYF00002.asd	408	757.000	15256.216
WYF00002.asd	409	758.000	15291.611
WYF00002.asd	410	759.000	15321.258
WYF00002.asd	411	760.000	15346.793
WYF00002.asd	412	761.000	15374.473
WYF00002.asd	413	762.000	15405.556
WYF00002.asd	414	763.000	15437.433
WYF00002.asd	415	764.000	15463.233
WYF00002.asd	416	765.000	15484.710
WYF00002.asd	417	766.000	15504.934
WYF00002.asd	418	767.000	15527.073
WYF00002.asd	419	768.000	15543.554
WYF00002.asd	420	769.000	15558.115
WYF00002.asd	421	770.000	15572.482
WYF00002.asd	422	771.000	15576.975
WYF00002.asd	423	772.000	15582.328
WYF00002.asd	424	773.000	15589.215
WYF00002.asd	425	774.000	15593.846
WYF00002.asd	426	775.000	15592.119
WYF00002.asd	427	776.000	15587.141
WYF00002.asd	428	777.000	15581.729
WYF00002.asd	429	778.000	15577.505
WYF00002.asd	430	779.000	15569.790
WYF00002.asd	431	780.000	15559.729
WYF00002.asd	432	781.000	15547.962
WYF00002.asd	433	782.000	15532.592
WYF00002.asd	434	783.000	15514.276
WYF00002.asd	435	784.000	15490.766
WYF00002.asd	436	785.000	15462.622
WYF00002.asd	437	786.000	15443.599
WYF00002.asd	438	787.000	15418.856
WYF00002.asd	439	788.000	15386.927
WYF00002.asd	440	789.000	15354.756
WYF00002.asd	441	790.000	15324.546
WYF00002.asd	442	791.000	15294.495
WYF00002.asd	443	792.000	15263.051
WYF00002.asd	444	793.000	15229.599
WYF00002.asd	445	794.000	15192.216
WYF00002.asd	446	795.000	15151.150
WYF00002.asd	447	796.000	15106.963
WYF00002.asd	448	797.000	15059.886
WYF00002.asd	449	798.000	15006.854
WYF00002.asd	450	799.000	14950.257
WYF00002.asd	451	800.000	14894.203
WYF00002.asd	452	801.000	14839.313
WYF00002.asd	453	802.000	14789.113
WYF00002.asd	454	803.000	14742.157
WYF00002.asd	455	804.000	14693.823
WYF00002.asd	456	805.000	14647.651
WYF00002.asd	457	806.000	14596.489
WYF00002.asd	458	807.000	14541.010
WYF00002.asd	459	808.000	14493.689
WYF00002.asd	460	809.000	14446.027
WYF00002.asd	461	810.000	14395.263
WYF00002.asd	462	811.000	14340.050
WYF00002.asd	463	812.000	14279.527
WYF00002.asd	464	813.000	14211.763
WYF00002.asd	465	814.000	14139.394
WYF00002.asd	466	815.000	14067.070
WYF00002.asd	467	816.000	13998.333
WYF00002.asd	468	817.000	13931.581
WYF00002.asd	469	818.000	13866.992
WYF00002.asd	470	819.000	13805.338
WYF00002.asd	471	820.000	13739.430
WYF00002.asd	472	821.000	13671.093
WYF00002.asd	473	822.000	13601.963
WYF00002.asd	474	823.000	13531.883
WYF00002.asd	475	824.000	13466.109
WYF00002.asd	476	825.000	13397.139
WYF00002.asd	477	826.000	13320.886
WYF00002.asd	478	827.000	13247.898
WYF00002.asd	479	828.000	13170.923
WYF00002.asd	480	829.000	13093.972
WYF00002.asd	481	830.000	13020.832
WYF00002.asd	482	831.000	12938.375
WYF00002.asd	483	832.000	12858.773
WYF00002.asd	484	833.000	12781.494
WYF00002.asd	485	834.000	12699.397
WYF00002.asd	486	835.000	12619.282
WYF00002.asd	487	836.000	12542.304
WYF00002.asd	488	837.000	12467.173
WYF00002.asd	489	838.000	12390.718
WYF00002.asd	490	839.000	12311.380
WYF00002.asd	491	840.000	12233.426
WYF00002.asd	492	841.000	12158.105
WYF00002.asd	493	842.000	12079.980
WYF00002.asd	494	843.000	12005.403
WYF00002.asd	495	844.000	11931.408
WYF00002.asd	496	845.000	11854.678
WYF00002.asd	497	846.000	11777.418
WYF00002.asd	498	847.000	11703.967
WYF00002.asd	499	848.000	11630.261
WYF00002.asd	500	849.000	11552.089
WYF00002.asd	501	850.000	11480.633
WYF00002.asd	502	851.000	11408.725
WYF00002.asd	503	852.000	11334.831
WYF00002.asd	504	853.000	11261.218
WYF00002.asd	505	854.000	11186.787
WYF00002.asd	506	855.000	11110.729
WYF00002.asd	507	856.000	11034.957
WYF00002.asd	508	857.000	10963.119
WYF00002.asd	509	858.000	10887.261
WYF00002.asd	510	859.000	10808.747
WYF00002.asd	511	860.000	10730.330
WYF00002.asd	512	861.000	10654.258
WYF00002.asd	513	862.000	10578.305
WYF00002.asd	514	863.000	10502.658
WYF00002.asd	515	864.000	10426.744
WYF00002.asd	516	865.000	10346.999
WYF00002.asd	517	866.000	10267.125
WYF00002.asd	518	867.000	10191.346
WYF00002.asd	519	868.000	10119.992
WYF00002.asd	520	869.000	10040.667
WYF00002.asd	521	870.000	9962.335
WYF00002.asd	522	871.000	9885.458
WYF00002.asd	523	872.000	9807.365
WYF00002.asd	524	873.000	9730.516
WYF00002.asd	525	874.000	9653.892
WYF00002.asd	526	875.000	9576.627
WYF00002.asd	527	876.000	9498.316
WYF00002.asd	528	877.000	9419.670
WYF00002.asd	529	878.000	9343.704
WYF00002.asd	530	879.000	9268.566
WYF00002.asd	531	880.000	9188.940
WYF00002.asd	532	881.000	9112.518
WYF00002.asd	533	882.000	9032.332
WYF00002.asd	534	883.000	8949.879
WYF00002.asd	535	884.000	8877.927
WYF00002.asd	536	885.000	8802.424
WYF00002.asd	537	886.000	8722.552
WYF00002.asd	538	887.000	8641.500
WYF00002.asd	539	888.000	8564.374
WYF00002.asd	540	889.000	8488.662
WYF00002.asd	541	890.000	8412.363
WYF00002.asd	542	891.000	8335.189
WYF00002.asd	543	892.000	8260.265
WYF00002.asd	544	893.000	8186.217
WYF00002.asd	545	894.000	8110.654
WYF00002.asd	546	895.000	8033.780
WYF00002.asd	547	896.000	7964.316
WYF00002.asd	548	897.000	7890.901
WYF00002.asd	549	898.000	7816.208
WYF00002.asd	550	899.000	7745.587
WYF00002.asd	551	900.000	7674.158
WYF00002.asd	552	901.000	7605.345
WYF00002.asd	553	902.000	7538.431
WYF00002.asd	554	903.000	7470.577
WYF00002.asd	555	904.000	7398.463
WYF00002.asd	556	905.000	7330.410
WYF00002.asd	557	906.000	7263.960
WYF00002.asd	558	907.000	7192.448
WYF00002.asd	559	908.000	7121.833
WYF00002.asd	560	909.000	7054.396
WYF00002.asd	561	910.000	6986.586
WYF00002.asd	562	911.000	6913.112
WYF00002.asd	563	912.000	6841.626
WYF00002.asd	564	913.000	6772.357
WYF00002.asd	565	914.000	6703.531
WYF00002.asd	566	915.000	6632.909
WYF00002.asd	567	916.000	6563.343
WYF00002.asd	568	917.000	6492.606
WYF00002.asd	569	918.000	6421.816
WYF00002.asd	570	919.000	6354.333
WYF00002.asd	571	920.000	6283.470
WYF00002.asd	572	921.000	6212.148
WYF00002.asd	573	922.000	6141.861
WYF00002.asd	574	923.000	6071.591
WYF00002.asd	575	924.000	6002.456
WYF00002.asd	576	925.000	5928.615
WYF00002.asd	577	926.000	5851.390
WYF00002.asd	578	927.000	5779.133
WYF00002.asd	579	928.000	5701.544
WYF00002.asd	580	929.000	5622.859
WYF00002.asd	581	930.000	5546.201
WYF00002.asd	582	931.000	5470.763
WYF00002.asd	583	932.000	5395.004
WYF00002.asd	584	933.000	5320.416
WYF00002.asd	585	934.000	5247.649
WYF00002.asd	586	935.000	5175.768
WYF00002.asd	587	936.000	5104.038
WYF00002.asd	588	937.000	5037.447
WYF00002.asd	589	938.000	4973.705
WYF00002.asd	590	939.000	4902.397
WYF00002.asd	591	940.000	4835.787
WYF00002.asd	592	941.000	4771.075
WYF00002.asd	593	942.000	4704.883
WYF00002.asd	594	943.000	4636.604
WYF00002.asd	595	944.000	4569.326
WYF00002.asd	596	945.000	4501.557
WYF00002.asd	597	946.000	4434.569
WYF00002.asd	598	947.000	4372.913
WYF00002.asd	599	948.000	4311.453
WYF00002.asd	600	949.000	4249.281
WYF00002.asd	601	950.000	4187.318
WYF00002.asd	602	951.000	4127.486
WYF00002.asd	603	952.000	4068.440
WYF00002.asd	604	953.000	4009.907
WYF00002.asd	605	954.000	3952.334
WYF00002.asd	606	955.000	3896.561
WYF00002.asd	607	956.000	3841.696
WYF00002.asd	608	957.000	3785.702
WYF00002.asd	609	958.000	3730.218
WYF00002.asd	610	959.000	3679.154
WYF00002.asd	611	960.000	3624.149
WYF00002.asd	612	961.000	3572.701
WYF00002.asd	613	962.000	3524.157
WYF00002.asd	614	963.000	3471.116
WYF00002.asd	615	964.000	3421.561
WYF00002.asd	616	965.000	3372.309
WYF00002.asd	617	966.000	3322.669
WYF00002.asd	618	967.000	3274.241
WYF00002.asd	619	968.000	3225.192
WYF00002.asd	620	969.000	3180.193
WYF00002.asd	621	970.000	3134.716
WYF00002.asd	622	971.000	3082.393
WYF00002.asd	623	972.000	3038.992
WYF00002.asd	624	973.000	2994.186
WYF00002.asd	625	974.000	2947.855
WYF00002.asd	626	975.000	2904.395
WYF00002.asd	627	976.000	2859.685
WYF00002.asd	628	977.000	2815.175
WYF00002.asd	629	978.000	2770.442
WYF00002.asd	630	979.000	2725.493
WYF00002.asd	631	980.000	2684.773
WYF00002.asd	632	981.000	2641.480
WYF00002.asd	633	982.000	2597.622
WYF00002.asd	634	983.000	2556.110
WYF00002.asd	635	984.000	2513.791
WYF00002.asd	636	985.000	2470.768
WYF00002.asd	637	986.000	2429.498
WYF00002.asd	638	987.000	2390.669
WYF00002.asd	639	988.000	2350.515
WYF00002.asd	640	989.000	2306.337
WYF00002.asd	641	990.000	2264.354
WYF00002.asd	642	991.000	2226.325
WYF00002.asd	643	992.000	2185.433
WYF00002.asd	644	993.000	2145.272
WYF00002.asd	645	994.000	2105.141
WYF00002.asd	646	995.000	2066.371
WYF00002.asd	647	996.000	2031.566
WYF00002.asd	648	997.000	1991.810
WYF00002.asd	649	998.000	1954.458
WYF00002.asd	650	999.000	1919.279
WYF00002.asd	651	1000.000	1880.738
WYF00002.asd	652	1001.000	7600.284
WYF00002.asd	653	1002.000	7650.071
WYF00002.asd	654	1003.000	7700.067
WYF00002.asd	655	1004.000	7750.500
WYF00002.asd	656	1005.000	7802.147
WYF00002.asd	657	1006.000	7854.415
WYF00002.asd	658	1007.000	7906.064
WYF00002.asd	659	1008.000	7958.880
WYF00002.asd	660	1009.000	8011.061
WYF00002.asd	661	1010.000	8069.359
WYF00002.asd	662	1011.000	8126.671
WYF00002.asd	663	1012.000	8184.716
WYF00002.asd	664	1013.000	8246.709
WYF00002.asd	665	1014.000	8306.710
WYF00002.asd	666	1015.000	8368.533
WYF00002.asd	667	1016.000	8434.288
WYF00002.asd	668	1017.000	8500.202
WYF00002.asd	669	1018.000	8568.776
WYF00002.asd	670	1019.000	8637.620
WYF00002.asd	671	1020.000	8707.000
WYF00002.asd	672	1021.000	8775.709
WYF00002.asd	673	1022.000	8847.632
WYF00002.asd	674	1023.000	8914.699
WYF00002.asd	675	1024.000	8978.556
WYF00002.asd	676	1025.000	9044.507
WYF00002.asd	677	1026.000	9105.657
WYF00002.asd	678	1027.000	9166.716
WYF00002.asd	679	1028.000	9229.137
WYF00002.asd	680	1029.000	9287.492
WYF00002.asd	681	1030.000	9345.282
WYF00002.asd	682	1031.000	9400.935
WYF00002.asd	683	1032.000	9452.993
WYF00002.asd	684	1033.000	9500.479
WYF00002.asd	685	1034.000	9547.582
WYF00002.asd	686	1035.000	9594.758
WYF00002.asd	687	1036.000	9636.948
WYF00002.asd	688	1037.000	9674.044
WYF00002.asd	689	1038.000	9711.833
WYF00002.asd	690	1039.000	9753.134
WYF00002.asd	691	1040.000	9788.357
WYF00002.asd	692	1041.000	9824.861
WYF00002.asd	693	1042.000	9863.548
WYF00002.asd	694	1043.000	9894.615
WYF00002.asd	695	1044.000	9922.335
WYF00002.asd	696	1045.000	9951.380
WYF00002.asd	697	1046.000	9981.594
WYF00002.asd	698	1047.000	10013.534
WYF00002.asd	699	1048.000	10047.576
WYF00002.asd	700	1049.000	10081.141
WYF00002.asd	701	1050.000	10115.433
WYF00002.asd	702	1051.000	10149.550
WYF00002.asd	703	1052.000	10182.713
WYF00002.asd	704	1053.000	10217.579
WYF00002.asd	705	1054.000	10255.957
WYF00002.asd	706	1055.000	10296.144
WYF00002.asd	707	1056.000	10337.197
WYF00002.asd	708	1057.000	10380.217
WYF00002.asd	709	1058.000	10421.145
WYF00002.asd	710	1059.000	10465.122
WYF00002.asd	711	1060.000	10511.823
WYF00002.asd	712	1061.000	10559.191
WYF00002.asd	713	1062.000	10610.093
WYF00002.asd	714	1063.000	10659.297
WYF00002.asd	715	1064.000	10714.143
WYF00002.asd	716	1065.000	10772.336
WYF00002.asd	717	1066.000	10834.406
WYF00002.asd	718	1067.000	10896.191
WYF00002.asd	719	1068.000	10962.743
WYF00002.asd	720	1069.000	11028.312
WYF00002.asd	721	1070.000	11095.106
WYF00002.asd	722	1071.000	11168.460
WYF00002.asd	723	1072.000	11243.779
WYF00002.asd	724	1073.000	11323.487
WYF00002.asd	725	1074.000	11405.345
WYF00002.asd	726	1075.000	11487.960
WYF00002.asd	727	1076.000	11577.066
WYF00002.asd	728	1077.000	11666.870
WYF00002.asd	729	1078.000	11759.395
WYF00002.asd	730	1079.000	11856.690
WYF00002.asd	731	1080.000	11957.231
WYF00002.asd	732	1081.000	12060.791
WYF00002.asd	733	1082.000	12174.531
WYF00002.asd	734	1083.000	12294.553
WYF00002.asd	735	1084.000	12417.390
WYF00002.asd	736	1085.000	12541.422
WYF00002.asd	737	1086.000	12657.857
WYF00002.asd	738	1087.000	12776.069
WYF00002.asd	739	1088.000	12898.747
WYF00002.asd	740	1089.000	13020.925
WYF00002.asd	741	1090.000	13155.470
WYF00002.asd	742	1091.000	13289.500
WYF00002.asd	743	1092.000	13421.141
WYF00002.asd	744	1093.000	13558.151
WYF00002.asd	745	1094.000	13686.837
WYF00002.asd	746	1095.000	13820.636
WYF00002.asd	747	1096.000	13957.065
WYF00002.asd	748	1097.000	14093.346
WYF00002.asd	749	1098.000	14224.452
WYF00002.asd	750	1099.000	14365.593
WYF00002.asd	751	1100.000	14498.120
WYF00002.asd	752	1101.000	14621.122
WYF00002.asd	753	1102.000	14745.297
WYF00002.asd	754	1103.000	14859.027
WYF00002.asd	755	1104.000	14974.603
WYF00002.asd	756	1105.000	15095.647
WYF00002.asd	757	1106.000	15209.202
WYF00002.asd	758	1107.000	15320.634
WYF00002.asd	759	1108.000	15424.107
WYF00002.asd	760	1109.000	15518.497
WYF00002.asd	761	1110.000	15608.180
WYF00002.asd	762	1111.000	15692.881
WYF00002.asd	763	1112.000	15770.549
WYF00002.asd	764	1113.000	15842.516
WYF00002.asd	765	1114.000	15908.377
WYF00002.asd	766	1115.000	15961.966
WYF00002.asd	767	1116.000	16014.843
WYF00002.asd	768	1117.000	16059.174
WYF00002.asd	769	1118.000	16092.073
WYF00002.asd	770	1119.000	16121.291
WYF00002.asd	771	1120.000	16141.809
WYF00002.asd	772	1121.000	16155.662
WYF00002.asd	773	1122.000	16168.742
WYF00002.asd	774	1123.000	16179.872
WYF00002.asd	775	1124.000	16187.017
WYF00002.asd	776	1125.000	16195.527
WYF00002.asd	777	1126.000	16200.971
WYF00002.asd	778	1127.000	16201.261
WYF00002.asd	779	1128.000	16201.730
WYF00002.asd	780	1129.000	16193.078
WYF00002.asd	781	1130.000	16177.674
WYF00002.asd	782	1131.000	16155.127
WYF00002.asd	783	1132.000	16126.833
WYF00002.asd	784	1133.000	16095.662
WYF00002.asd	785	1134.000	16067.927
WYF00002.asd	786	1135.000	16045.958
WYF00002.asd	787	1136.000	16029.380
WYF00002.asd	788	1137.000	16015.467
WYF00002.asd	789	1138.000	16006.215
WYF00002.asd	790	1139.000	15992.655
WYF00002.asd	791	1140.000	15982.606
WYF00002.asd	792	1141.000	15980.912
WYF00002.asd	793	1142.000	15972.113
WYF00002.asd	794	1143.000	15962.758
WYF00002.asd	795	1144.000	15951.126
WYF00002.asd	796	1145.000	15931.677
WYF00002.asd	797	1146.000	15917.191
WYF00002.asd	798	1147.000	15903.036
WYF00002.asd	799	1148.000	15894.124
WYF00002.asd	800	1149.000	15884.424
WYF00002.asd	801	1150.000	15876.198
WYF00002.asd	802	1151.000	15865.600
WYF00002.asd	803	1152.000	15854.384
WYF00002.asd	804	1153.000	15845.164
WYF00002.asd	805	1154.000	15833.951
WYF00002.asd	806	1155.000	15829.408
WYF00002.asd	807	1156.000	15828.148
WYF00002.asd	808	1157.000	15826.542
WYF00002.asd	809	1158.000	15826.916
WYF00002.asd	810	1159.000	15824.427
WYF00002.asd	811	1160.000	15817.042
WYF00002.asd	812	1161.000	15814.146
WYF00002.asd	813	1162.000	15812.834
WYF00002.asd	814	1163.000	15811.963
WYF00002.asd	815	1164.000	15812.668
WYF00002.asd	816	1165.000	15814.380
WYF00002.asd	817	1166.000	15815.211
WYF00002.asd	818	1167.000	15811.069
WYF00002.asd	819	1168.000	15810.738
WYF00002.asd	820	1169.000	15815.227
WYF00002.asd	821	1170.000	15821.042
WYF00002.asd	822	1171.000	15832.556
WYF00002.asd	823	1172.000	15843.789
WYF00002.asd	824	1173.000	15851.128
WYF00002.asd	825	1174.000	15857.527
WYF00002.asd	826	1175.000	15863.208
WYF00002.asd	827	1176.000	15869.228
WYF00002.asd	828	1177.000	15875.124
WYF00002.asd	829	1178.000	15880.689
WYF00002.asd	830	1179.000	15887.113
WYF00002.asd	831	1180.000	15891.593
WYF00002.asd	832	1181.000	15893.314
WYF00002.asd	833	1182.000	15896.182
WYF00002.asd	834	1183.000	15897.793
WYF00002.asd	835	1184.000	15901.316
WYF00002.asd	836	1185.000	15906.802
WYF00002.asd	837	1186.000	15916.941
WYF00002.asd	838	1187.000	15926.324
WYF00002.asd	839	1188.000	15937.793
WYF00002.asd	840	1189.000	15951.162
WYF00002.asd	841	1190.000	15960.613
WYF00002.asd	842	1191.000	15974.961
WYF00002.asd	843	1192.000	15993.895
WYF00002.asd	844	1193.000	16014.946
WYF00002.asd	845	1194.000	16040.166
WYF00002.asd	846	1195.000	16065.298
WYF00002.asd	847	1196.000	16092.794
WYF00002.asd	848	1197.000	16119.243
WYF00002.asd	849	1198.000	16149.082
WYF00002.asd	850	1199.000	16174.757
WYF00002.asd	851	1200.000	16195.917
WYF00002.asd	852	1201.000	16222.435
WYF00002.asd	853	1202.000	16251.570
WYF00002.asd	854	1203.000	16273.590
WYF00002.asd	855	1204.000	16301.857
WYF00002.asd	856	1205.000	16330.751
WYF00002.asd	857	1206.000	16355.786
WYF00002.asd	858	1207.000	16384.045
WYF00002.asd	859	1208.000	16414.620
WYF00002.asd	860	1209.000	16451.061
WYF00002.asd	861	1210.000	16486.658
WYF00002.asd	862	1211.000	16523.296
WYF00002.asd	863	1212.000	16562.019
WYF00002.asd	864	1213.000	16599.552
WYF00002.asd	865	1214.000	16644.030
WYF00002.asd	866	1215.000	16692.834
WYF00002.asd	867	1216.000	16744.031
WYF00002.asd	868	1217.000	16799.817
WYF00002.asd	869	1218.000	16859.065
WYF00002.asd	870	1219.000	16920.727
WYF00002.asd	871	1220.000	16985.852
WYF00002.asd	872	1221.000	17057.501
WYF00002.asd	873	1222.000	17127.472
WYF00002.asd	874	1223.000	17199.871
WYF00002.asd	875	1224.000	17275.103
WYF00002.asd	876	1225.000	17342.288
WYF00002.asd	877	1226.000	17409.259
WYF00002.asd	878	1227.000	17475.693
WYF00002.asd	879	1228.000	17537.733
WYF00002.asd	880	1229.000	17598.428
WYF00002.asd	881	1230.000	17659.689
WYF00002.asd	882	1231.000	17716.914
WYF00002.asd	883	1232.000	17769.706
WYF00002.asd	884	1233.000	17821.659
WYF00002.asd	885	1234.000	17871.691
WYF00002.asd	886	1235.000	17922.724
WYF00002.asd	887	1236.000	17970.162
WYF00002.asd	888	1237.000	18019.844
WYF00002.asd	889	1238.000	18073.470
WYF00002.asd	890	1239.000	18122.059
WYF00002.asd	891	1240.000	18170.270
WYF00002.asd	892	1241.000	18215.767
WYF00002.asd	893	1242.000	18255.989
WYF00002.asd	894	1243.000	18298.210
WYF00002.asd	895	1244.000	18343.160
WYF00002.asd	896	1245.000	18380.944
WYF00002.asd	897	1246.000	18417.388
WYF00002.asd	898	1247.000	18453.386
WYF00002.asd	899	1248.000	18486.923
WYF00002.asd	900	1249.000	18516.938
WYF00002.asd	901	1250.000	18545.532
WYF00002.asd	902	1251.000	18574.794
WYF00002.asd	903	1252.000	18597.873
WYF00002.asd	904	1253.000	18617.940
WYF00002.asd	905	1254.000	18632.560
WYF00002.asd	906	1255.000	18644.340
WYF00002.asd	907	1256.000	18648.716
WYF00002.asd	908	1257.000	18646.043
WYF00002.asd	909	1258.000	18639.336
WYF00002.asd	910	1259.000	18625.993
WYF00002.asd	911	1260.000	18610.279
WYF00002.asd	912	1261.000	18587.288
WYF00002.asd	913	1262.000	18566.616
WYF00002.asd	914	1263.000	18544.248
WYF00002.asd	915	1264.000	18522.192
WYF00002.asd	916	1265.000	18496.204
WYF00002.asd	917	1266.000	18470.490
WYF00002.asd	918	1267.000	18446.856
WYF00002.asd	919	1268.000	18418.717
WYF00002.asd	920	1269.000	18392.860
WYF00002.asd	921	1270.000	18368.612
WYF00002.asd	922	1271.000	18345.909
WYF00002.asd	923	1272.000	18321.720
WYF00002.asd	924	1273.000	18301.526
WYF00002.asd	925	1274.000	18283.033
WYF00002.asd	926	1275.000	18270.327
WYF00002.asd	927	1276.000	18258.574
WYF00002.asd	928	1277.000	18253.926
WYF00002.asd	929	1278.000	18259.972
WYF00002.asd	930	1279.000	18262.972
WYF00002.asd	931	1280.000	18265.830
WYF00002.asd	932	1281.000	18273.755
WYF00002.asd	933	1282.000	18285.666
WYF00002.asd	934	1283.000	18296.589
WYF00002.asd	935	1284.000	18310.022
WYF00002.asd	936	1285.000	18326.812
WYF00002.asd	937	1286.000	18339.683
WYF00002.asd	938	1287.000	18354.224
WYF00002.asd	939	1288.000	18372.364
WYF00002.asd	940	1289.000	18392.777
WYF00002.asd	941	1290.000	18415.603
WYF00002.asd	942	1291.000	18441.417
WYF00002.asd	943	1292.000	18466.877
WYF00002.asd	944	1293.000	18495.255
WYF00002.asd	945	1294.000	18522.175
WYF00002.asd	946	1295.000	18550.283
WYF00002.asd	947	1296.000	18574.610
WYF00002.asd	948	1297.000	18596.494
WYF00002.asd	949	1298.000	18620.022
WYF00002.asd	950	1299.000	18641.092
WYF00002.asd	951	1300.000	18664.598
WYF00002.asd	952	1301.000	18693.821
WYF00002.asd	953	1302.000	18715.985
WYF00002.asd	954	1303.000	18735.244
WYF00002.asd	955	1304.000	18753.829
WYF00002.asd	956	1305.000	18768.829
WYF00002.asd	957	1306.000	18782.630
WYF00002.asd	958	1307.000	18796.854
WYF00002.asd	959	1308.000	18808.031
WYF00002.asd	960	1309.000	18813.968
WYF00002.asd	961	1310.000	18819.652
WYF00002.asd	962	1311.000	18824.939
WYF00002.asd	963	1312.000	18826.529
WYF00002.asd	964	1313.000	18827.654
WYF00002.asd	965	1314.000	18828.238
WYF00002.asd	966	1315.000	18826.109
WYF00002.asd	967	1316.000	18821.829
WYF00002.asd	968	1317.000	18815.735
WYF00002.asd	969	1318.000	18807.907
WYF00002.asd	970	1319.000	18798.761
WYF00002.asd	971	1320.000	18787.787
WYF00002.asd	972	1321.000	18774.715
WYF00002.asd	973	1322.000	18762.695
WYF00002.asd	974	1323.000	18742.986
WYF00002.asd	975	1324.000	18717.845
WYF00002.asd	976	1325.000	18691.716
WYF00002.asd	977	1326.000	18660.258
WYF00002.asd	978	1327.000	18627.651
WYF00002.asd	979	1328.000	18595.226
WYF00002.asd	980	1329.000	18558.591
WYF00002.asd	981	1330.000	18519.241
WYF00002.asd	982	1331.000	18475.954
WYF00002.asd	983	1332.000	18428.848
WYF00002.asd	984	1333.000	18377.074
WYF00002.asd	985	1334.000	18328.187
WYF00002.asd	986	1335.000	18279.488
WYF00002.asd	987	1336.000	18228.210
WYF00002.asd	988	1337.000	18180.189
WYF00002.asd	989	1338.000	18123.368
WYF00002.asd	990	1339.000	18062.705
WYF00002.asd	991	1340.000	17994.589
WYF00002.asd	992	1341.000	17923.457
WYF00002.asd	993	1342.000	17841.942
WYF00002.asd	994	1343.000	17751.314
WYF00002.asd	995	1344.000	17655.090
WYF00002.asd	996	1345.000	17553.226
WYF00002.asd	997	1346.000	17441.478
WYF00002.asd	998	1347.000	17327.539
WYF00002.asd	999	1348.000	17195.193
WYF00002.asd	1000	1349.000	17047.677
WYF00002.asd	1001	1350.000	16892.703
WYF00002.asd	1002	1351.000	16721.223
WYF00002.asd	1003	1352.000	16546.639
WYF00002.asd	1004	1353.000	16360.820
WYF00002.asd	1005	1354.000	16177.974
WYF00002.asd	1006	1355.000	15986.790
WYF00002.asd	1007	1356.000	15801.478
WYF00002.asd	1008	1357.000	15606.128
WYF00002.asd	1009	1358.000	15432.190
WYF00002.asd	1010	1359.000	15266.075
WYF00002.asd	1011	1360.000	15109.540
WYF00002.asd	1012	1361.000	14978.801
WYF00002.asd	1013	1362.000	14874.593
WYF00002.asd	1014	1363.000	14794.500
WYF00002.asd	1015	1364.000	14739.870
WYF00002.asd	1016	1365.000	14700.539
WYF00002.asd	1017	1366.000	14690.118
WYF00002.asd	1018	1367.000	14681.826
WYF00002.asd	1019	1368.000	14691.182
WYF00002.asd	1020	1369.000	14699.271
WYF00002.asd	1021	1370.000	14728.063
WYF00002.asd	1022	1371.000	14732.300
WYF00002.asd	1023	1372.000	14748.634
WYF00002.asd	1024	1373.000	14720.215
WYF00002.asd	1025	1374.000	14681.636
WYF00002.asd	1026	1375.000	14593.612
WYF00002.asd	1027	1376.000	14471.984
WYF00002.asd	1028	1377.000	14310.338
WYF00002.asd	1029	1378.000	14083.416
WYF00002.asd	1030	1379.000	13868.832
WYF00002.asd	1031	1380.000	13605.046
WYF00002.asd	1032	1381.000	13377.412
WYF00002.asd	1033	1382.000	13143.711
WYF00002.asd	1034	1383.000	12948.256
WYF00002.asd	1035	1384.000	12789.537
WYF00002.asd	1036	1385.000	12631.553
WYF00002.asd	1037	1386.000	12500.172
WYF00002.asd	1038	1387.000	12379.947
WYF00002.asd	1039	1388.000	12238.642
WYF00002.asd	1040	1389.000	12096.072
WYF00002.asd	1041	1390.000	11930.546
WYF00002.asd	1042	1391.000	11749.800
WYF00002.asd	1043	1392.000	11566.921
WYF00002.asd	1044	1393.000	11366.204
WYF00002.asd	1045	1394.000	11172.861
WYF00002.asd	1046	1395.000	10973.791
WYF00002.asd	1047	1396.000	10788.408
WYF00002.asd	1048	1397.000	10600.261
WYF00002.asd	1049	1398.000	10429.195
WYF00002.asd	1050	1399.000	10273.231
WYF00002.asd	1051	1400.000	10119.862
WYF00002.asd	1052	1401.000	9976.712
WYF00002.asd	1053	1402.000	9832.875
WYF00002.asd	1054	1403.000	9692.760
WYF00002.asd	1055	1404.000	9558.511
WYF00002.asd	1056	1405.000	9423.086
WYF00002.asd	1057	1406.000	9301.047
WYF00002.asd	1058	1407.000	9189.442
WYF00002.asd	1059	1408.000	9082.756
WYF00002.asd	1060	1409.000	8983.496
WYF00002.asd	1061	1410.000	8891.673
WYF00002.asd	1062	1411.000	8806.522
WYF00002.asd	1063	1412.000	8728.011
WYF00002.asd	1064	1413.000	8662.562
WYF00002.asd	1065	1414.000	8595.167
WYF00002.asd	1066	1415.000	8528.713
WYF00002.asd	1067	1416.000	8468.529
WYF00002.asd	1068	1417.000	8411.516
WYF00002.asd	1069	1418.000	8357.505
WYF00002.asd	1070	1419.000	8309.186
WYF00002.asd	1071	1420.000	8265.677
WYF00002.asd	1072	1421.000	8220.809
WYF00002.asd	1073	1422.000	8175.992
WYF00002.asd	1074	1423.000	8136.016
WYF00002.asd	1075	1424.000	8097.367
WYF00002.asd	1076	1425.000	8064.639
WYF00002.asd	1077	1426.000	8039.515
WYF00002.asd	1078	1427.000	8007.533
WYF00002.asd	1079	1428.000	7975.184
WYF00002.asd	1080	1429.000	7947.024
WYF00002.asd	1081	1430.000	7915.545
WYF00002.asd	1082	1431.000	7891.219
WYF00002.asd	1083	1432.000	7874.793
WYF00002.asd	1084	1433.000	7856.342
WYF00002.asd	1085	1434.000	7838.004
WYF00002.asd	1086	1435.000	7822.711
WYF00002.asd	1087	1436.000	7810.052
WYF00002.asd	1088	1437.000	7798.692
WYF00002.asd	1089	1438.000	7789.299
WYF00002.asd	1090	1439.000	7781.095
WYF00002.asd	1091	1440.000	7773.972
WYF00002.asd	1092	1441.000	7769.060
WYF00002.asd	1093	1442.000	7766.302
WYF00002.asd	1094	1443.000	7764.642
WYF00002.asd	1095	1444.000	7764.125
WYF00002.asd	1096	1445.000	7766.123
WYF00002.asd	1097	1446.000	7771.659
WYF00002.asd	1098	1447.000	7775.550
WYF00002.asd	1099	1448.000	7780.866
WYF00002.asd	1100	1449.000	7786.101
WYF00002.asd	1101	1450.000	7788.894
WYF00002.asd	1102	1451.000	7794.156
WYF00002.asd	1103	1452.000	7801.856
WYF00002.asd	1104	1453.000	7809.316
WYF00002.asd	1105	1454.000	7816.763
WYF00002.asd	1106	1455.000	7826.598
WYF00002.asd	1107	1456.000	7836.569
WYF00002.asd	1108	1457.000	7845.502
WYF00002.asd	1109	1458.000	7851.545
WYF00002.asd	1110	1459.000	7856.052
WYF00002.asd	1111	1460.000	7861.750
WYF00002.asd	1112	1461.000	7864.616
WYF00002.asd	1113	1462.000	7870.185
WYF00002.asd	1114	1463.000	7878.803
WYF00002.asd	1115	1464.000	7884.543
WYF00002.asd	1116	1465.000	7886.235
WYF00002.asd	1117	1466.000	7896.951
WYF00002.asd	1118	1467.000	7910.414
WYF00002.asd	1119	1468.000	7925.408
WYF00002.asd	1120	1469.000	7947.470
WYF00002.asd	1121	1470.000	7965.845
WYF00002.asd	1122	1471.000	7980.536
WYF00002.asd	1123	1472.000	8001.750
WYF00002.asd	1124	1473.000	8026.028
WYF00002.asd	1125	1474.000	8051.372
WYF00002.asd	1126	1475.000	8081.377
WYF00002.asd	1127	1476.000	8109.659
WYF00002.asd	1128	1477.000	8137.902
WYF00002.asd	1129	1478.000	8166.890
WYF00002.asd	1130	1479.000	8194.827
WYF00002.asd	1131	1480.000	8226.270
WYF00002.asd	1132	1481.000	8260.411
WYF00002.asd	1133	1482.000	8293.900
WYF00002.asd	1134	1483.000	8328.587
WYF00002.asd	1135	1484.000	8364.978
WYF00002.asd	1136	1485.000	8404.287
WYF00002.asd	1137	1486.000	8439.695
WYF00002.asd	1138	1487.000	8474.658
WYF00002.asd	1139	1488.000	8509.442
WYF00002.asd	1140	1489.000	8538.961
WYF00002.asd	1141	1490.000	8572.691
WYF00002.asd	1142	1491.000	8609.926
WYF00002.asd	1143	1492.000	8647.169
WYF00002.asd	1144	1493.000	8687.529
WYF00002.asd	1145	1494.000	8724.850
WYF00002.asd	1146	1495.000	8761.728
WYF00002.asd	1147	1496.000	8797.037
WYF00002.asd	1148	1497.000	8829.852
WYF00002.asd	1149	1498.000	8862.296
WYF00002.asd	1150	1499.000	8892.059
WYF00002.asd	1151	1500.000	8923.621
WYF00002.asd	1152	1501.000	8961.565
WYF00002.asd	1153	1502.000	8994.199
WYF00002.asd	1154	1503.000	9029.514
WYF00002.asd	1155	1504.000	9068.133
WYF00002.asd	1156	1505.000	9102.329
WYF00002.asd	1157	1506.000	9132.527
WYF00002.asd	1158	1507.000	9167.090
WYF00002.asd	1159	1508.000	9202.227
WYF00002.asd	1160	1509.000	9238.396
WYF00002.asd	1161	1510.000	9278.005
WYF00002.asd	1162	1511.000	9312.029
WYF00002.asd	1163	1512.000	9342.926
WYF00002.asd	1164	1513.000	9377.675
WYF00002.asd	1165	1514.000	9410.915
WYF00002.asd	1166	1515.000	9446.301
WYF00002.asd	1167	1516.000	9486.525
WYF00002.asd	1168	1517.000	9521.979
WYF00002.asd	1169	1518.000	9555.474
WYF00002.asd	1170	1519.000	9588.182
WYF00002.asd	1171	1520.000	9619.585
WYF00002.asd	1172	1521.000	9650.601
WYF00002.asd	1173	1522.000	9678.895
WYF00002.asd	1174	1523.000	9710.788
WYF00002.asd	1175	1524.000	9744.530
WYF00002.asd	1176	1525.000	9777.092
WYF00002.asd	1177	1526.000	9811.623
WYF00002.asd	1178	1527.000	9843.706
WYF00002.asd	1179	1528.000	9873.402
WYF00002.asd	1180	1529.000	9903.673
WYF00002.asd	1181	1530.000	9935.423
WYF00002.asd	1182	1531.000	9963.372
WYF00002.asd	1183	1532.000	9990.402
WYF00002.asd	1184	1533.000	10014.641
WYF00002.asd	1185	1534.000	10033.443
WYF00002.asd	1186	1535.000	10055.416
WYF00002.asd	1187	1536.000	10077.236
WYF00002.asd	1188	1537.000	10098.789
WYF00002.asd	1189	1538.000	10121.477
WYF00002.asd	1190	1539.000	10143.480
WYF00002.asd	1191	1540.000	10161.077
WYF00002.asd	1192	1541.000	10185.546
WYF00002.asd	1193	1542.000	10217.391
WYF00002.asd	1194	1543.000	10242.852
WYF00002.asd	1195	1544.000	10269.826
WYF00002.asd	1196	1545.000	10294.085
WYF00002.asd	1197	1546.000	10311.980
WYF00002.asd	1198	1547.000	10331.770
WYF00002.asd	1199	1548.000	10351.903
WYF00002.asd	1200	1549.000	10373.005
WYF00002.asd	1201	1550.000	10395.603
WYF00002.asd	1202	1551.000	10415.037
WYF00002.asd	1203	1552.000	10435.066
WYF00002.asd	1204	1553.000	10452.712
WYF00002.asd	1205	1554.000	10463.788
WYF00002.asd	1206	1555.000	10479.035
WYF00002.asd	1207	1556.000	10496.535
WYF00002.asd	1208	1557.000	10512.868
WYF00002.asd	1209	1558.000	10533.133
WYF00002.asd	1210	1559.000	10549.065
WYF00002.asd	1211	1560.000	10560.879
WYF00002.asd	1212	1561.000	10572.933
WYF00002.asd	1213	1562.000	10585.524
WYF00002.asd	1214	1563.000	10591.303
WYF00002.asd	1215	1564.000	10599.200
WYF00002.asd	1216	1565.000	10611.517
WYF00002.asd	1217	1566.000	10623.101
WYF00002.asd	1218	1567.000	10635.645
WYF00002.asd	1219	1568.000	10649.256
WYF00002.asd	1220	1569.000	10661.420
WYF00002.asd	1221	1570.000	10670.307
WYF00002.asd	1222	1571.000	10681.508
WYF00002.asd	1223	1572.000	10694.915
WYF00002.asd	1224	1573.000	10702.276
WYF00002.asd	1225	1574.000	10705.778
WYF00002.asd	1226	1575.000	10710.519
WYF00002.asd	1227	1576.000	10713.643
WYF00002.asd	1228	1577.000	10719.579
WYF00002.asd	1229	1578.000	10729.571
WYF00002.asd	1230	1579.000	10736.838
WYF00002.asd	1231	1580.000	10741.020
WYF00002.asd	1232	1581.000	10744.419
WYF00002.asd	1233	1582.000	10746.930
WYF00002.asd	1234	1583.000	10747.761
WYF00002.asd	1235	1584.000	10751.373
WYF00002.asd	1236	1585.000	10755.084
WYF00002.asd	1237	1586.000	10758.959
WYF00002.asd	1238	1587.000	10764.737
WYF00002.asd	1239	1588.000	10768.497
WYF00002.asd	1240	1589.000	10770.823
WYF00002.asd	1241	1590.000	10774.544
WYF00002.asd	1242	1591.000	10778.891
WYF00002.asd	1243	1592.000	10780.204
WYF00002.asd	1244	1593.000	10780.062
WYF00002.asd	1245	1594.000	10782.066
WYF00002.asd	1246	1595.000	10783.110
WYF00002.asd	1247	1596.000	10785.126
WYF00002.asd	1248	1597.000	10790.465
WYF00002.asd	1249	1598.000	10792.199
WYF00002.asd	1250	1599.000	10791.466
WYF00002.asd	1251	1600.000	10790.247
WYF00002.asd	1252	1601.000	10788.752
WYF00002.asd	1253	1602.000	10785.183
WYF00002.asd	1254	1603.000	10779.524
WYF00002.asd	1255	1604.000	10774.243
WYF00002.asd	1256	1605.000	10767.418
WYF00002.asd	1257	1606.000	10761.696
WYF00002.asd	1258	1607.000	10756.663
WYF00002.asd	1259	1608.000	10750.300
WYF00002.asd	1260	1609.000	10745.429
WYF00002.asd	1261	1610.000	10736.337
WYF00002.asd	1262	1611.000	10724.524
WYF00002.asd	1263	1612.000	10711.797
WYF00002.asd	1264	1613.000	10696.455
WYF00002.asd	1265	1614.000	10679.997
WYF00002.asd	1266	1615.000	10663.334
WYF00002.asd	1267	1616.000	10644.745
WYF00002.asd	1268	1617.000	10624.264
WYF00002.asd	1269	1618.000	10601.162
WYF00002.asd	1270	1619.000	10574.757
WYF00002.asd	1271	1620.000	10550.327
WYF00002.asd	1272	1621.000	10524.297
WYF00002.asd	1273	1622.000	10499.092
WYF00002.asd	1274	1623.000	10475.806
WYF00002.asd	1275	1624.000	10451.083
WYF00002.asd	1276	1625.000	10425.431
WYF00002.asd	1277	1626.000	10399.135
WYF00002.asd	1278	1627.000	10373.996
WYF00002.asd	1279	1628.000	10345.886
WYF00002.asd	1280	1629.000	10314.467
WYF00002.asd	1281	1630.000	10283.649
WYF00002.asd	1282	1631.000	10251.125
WYF00002.asd	1283	1632.000	10219.734
WYF00002.asd	1284	1633.000	10189.322
WYF00002.asd	1285	1634.000	10157.988
WYF00002.asd	1286	1635.000	10127.846
WYF00002.asd	1287	1636.000	10094.692
WYF00002.asd	1288	1637.000	10058.243
WYF00002.asd	1289	1638.000	10023.222
WYF00002.asd	1290	1639.000	9989.604
WYF00002.asd	1291	1640.000	9950.595
WYF00002.asd	1292	1641.000	9911.263
WYF00002.asd	1293	1642.000	9868.336
WYF00002.asd	1294	1643.000	9818.183
WYF00002.asd	1295	1644.000	9772.542
WYF00002.asd	1296	1645.000	9728.396
WYF00002.asd	1297	1646.000	9680.093
WYF00002.asd	1298	1647.000	9632.532
WYF00002.asd	1299	1648.000	9580.421
WYF00002.asd	1300	1649.000	9523.435
WYF00002.asd	1301	1650.000	9466.406
WYF00002.asd	1302	1651.000	9406.898
WYF00002.asd	1303	1652.000	9346.947
WYF00002.asd	1304	1653.000	9286.555
WYF00002.asd	1305	1654.000	9225.413
WYF00002.asd	1306	1655.000	9162.514
WYF00002.asd	1307	1656.000	9100.642
WYF00002.asd	1308	1657.000	9037.382
WYF00002.asd	1309	1658.000	8976.047
WYF00002.asd	1310	1659.000	8914.962
WYF00002.asd	1311	1660.000	8858.599
WYF00002.asd	1312	1661.000	8805.260
WYF00002.asd	1313	1662.000	8750.308
WYF00002.asd	1314	1663.000	8695.863
WYF00002.asd	1315	1664.000	8640.763
WYF00002.asd	1316	1665.000	8588.680
WYF00002.asd	1317	1666.000	8539.307
WYF00002.asd	1318	1667.000	8494.790
WYF00002.asd	1319	1668.000	8453.444
WYF00002.asd	1320	1669.000	8408.047
WYF00002.asd	1321	1670.000	8363.192
WYF00002.asd	1322	1671.000	8323.601
WYF00002.asd	1323	1672.000	8284.238
WYF00002.asd	1324	1673.000	8247.633
WYF00002.asd	1325	1674.000	8214.498
WYF00002.asd	1326	1675.000	8177.940
WYF00002.asd	1327	1676.000	8144.641
WYF00002.asd	1328	1677.000	8113.639
WYF00002.asd	1329	1678.000	8080.495
WYF00002.asd	1330	1679.000	8050.020
WYF00002.asd	1331	1680.000	8015.583
WYF00002.asd	1332	1681.000	7980.095
WYF00002.asd	1333	1682.000	7948.052
WYF00002.asd	1334	1683.000	7912.805
WYF00002.asd	1335	1684.000	7876.290
WYF00002.asd	1336	1685.000	7836.658
WYF00002.asd	1337	1686.000	7795.570
WYF00002.asd	1338	1687.000	7758.093
WYF00002.asd	1339	1688.000	7720.978
WYF00002.asd	1340	1689.000	7688.105
WYF00002.asd	1341	1690.000	7653.224
WYF00002.asd	1342	1691.000	7614.267
WYF00002.asd	1343	1692.000	7576.337
WYF00002.asd	1344	1693.000	7531.026
WYF00002.asd	1345	1694.000	7484.559
WYF00002.asd	1346	1695.000	7441.279
WYF00002.asd	1347	1696.000	7396.180
WYF00002.asd	1348	1697.000	7355.448
WYF00002.asd	1349	1698.000	7316.194
WYF00002.asd	1350	1699.000	7273.333
WYF00002.asd	1351	1700.000	7231.745
WYF00002.asd	1352	1701.000	7188.030
WYF00002.asd	1353	1702.000	7143.630
WYF00002.asd	1354	1703.000	7103.624
WYF00002.asd	1355	1704.000	7061.735
WYF00002.asd	1356	1705.000	7022.648
WYF00002.asd	1357	1706.000	6985.557
WYF00002.asd	1358	1707.000	6944.484
WYF00002.asd	1359	1708.000	6904.905
WYF00002.asd	1360	1709.000	6861.528
WYF00002.asd	1361	1710.000	6816.319
WYF00002.asd	1362	1711.000	6776.509
WYF00002.asd	1363	1712.000	6734.223
WYF00002.asd	1364	1713.000	6690.902
WYF00002.asd	1365	1714.000	6649.235
WYF00002.asd	1366	1715.000	6605.565
WYF00002.asd	1367	1716.000	6563.153
WYF00002.asd	1368	1717.000	6521.553
WYF00002.asd	1369	1718.000	6478.564
WYF00002.asd	1370	1719.000	6436.715
WYF00002.asd	1371	1720.000	6396.976
WYF00002.asd	1372	1721.000	6359.358
WYF00002.asd	1373	1722.000	6323.298
WYF00002.asd	1374	1723.000	6290.082
WYF00002.asd	1375	1724.000	6260.367
WYF00002.asd	1376	1725.000	6229.100
WYF00002.asd	1377	1726.000	6200.808
WYF00002.asd	1378	1727.000	6170.786
WYF00002.asd	1379	1728.000	6137.639
WYF00002.asd	1380	1729.000	6107.344
WYF00002.asd	1381	1730.000	6078.172
WYF00002.asd	1382	1731.000	6051.246
WYF00002.asd	1383	1732.000	6026.015
WYF00002.asd	1384	1733.000	6000.576
WYF00002.asd	1385	1734.000	5977.325
WYF00002.asd	1386	1735.000	5953.372
WYF00002.asd	1387	1736.000	5929.373
WYF00002.asd	1388	1737.000	5905.044
WYF00002.asd	1389	1738.000	5879.605
WYF00002.asd	1390	1739.000	5854.817
WYF00002.asd	1391	1740.000	5830.299
WYF00002.asd	1392	1741.000	5802.322
WYF00002.asd	1393	1742.000	5777.265
WYF00002.asd	1394	1743.000	5748.504
WYF00002.asd	1395	1744.000	5716.878
WYF00002.asd	1396	1745.000	5684.891
WYF00002.asd	1397	1746.000	5649.717
WYF00002.asd	1398	1747.000	5617.148
WYF00002.asd	1399	1748.000	5582.276
WYF00002.asd	1400	1749.000	5541.462
WYF00002.asd	1401	1750.000	5504.707
WYF00002.asd	1402	1751.000	5469.732
WYF00002.asd	1403	1752.000	5432.186
WYF00002.asd	1404	1753.000	5399.807
WYF00002.asd	1405	1754.000	5369.128
WYF00002.asd	1406	1755.000	5332.493
WYF00002.asd	1407	1756.000	5297.808
WYF00002.asd	1408	1757.000	5265.393
WYF00002.asd	1409	1758.000	5229.473
WYF00002.asd	1410	1759.000	5194.700
WYF00002.asd	1411	1760.000	5160.939
WYF00002.asd	1412	1761.000	5125.792
WYF00002.asd	1413	1762.000	5092.898
WYF00002.asd	1414	1763.000	5061.001
WYF00002.asd	1415	1764.000	5027.036
WYF00002.asd	1416	1765.000	4996.100
WYF00002.asd	1417	1766.000	4966.757
WYF00002.asd	1418	1767.000	4936.057
WYF00002.asd	1419	1768.000	4906.395
WYF00002.asd	1420	1769.000	4876.000
WYF00002.asd	1421	1770.000	4844.691
WYF00002.asd	1422	1771.000	4814.418
WYF00002.asd	1423	1772.000	4787.350
WYF00002.asd	1424	1773.000	4761.569
WYF00002.asd	1425	1774.000	4735.728
WYF00002.asd	1426	1775.000	4710.269
WYF00002.asd	1427	1776.000	4684.240
WYF00002.asd	1428	1777.000	4659.018
WYF00002.asd	1429	1778.000	4630.974
WYF00002.asd	1430	1779.000	4600.599
WYF00002.asd	1431	1780.000	4566.430
WYF00002.asd	1432	1781.000	4536.050
WYF00002.asd	1433	1782.000	4503.232
WYF00002.asd	1434	1783.000	4473.998
WYF00002.asd	1435	1784.000	4446.788
WYF00002.asd	1436	1785.000	4411.273
WYF00002.asd	1437	1786.000	4375.632
WYF00002.asd	1438	1787.000	4336.048
WYF00002.asd	1439	1788.000	4289.613
WYF00002.asd	1440	1789.000	4249.127
WYF00002.asd	1441	1790.000	4208.825
WYF00002.asd	1442	1791.000	4166.613
WYF00002.asd	1443	1792.000	4123.781
WYF00002.asd	1444	1793.000	4074.817
WYF00002.asd	1445	1794.000	4021.533
WYF00002.asd	1446	1795.000	3960.900
WYF00002.asd	1447	1796.000	3895.541
WYF00002.asd	1448	1797.000	3826.764
WYF00002.asd	1449	1798.000	3752.562
WYF00002.asd	1450	1799.000	3681.649
WYF00002.asd	1451	1800.000	3606.795
WYF00002.asd	1452	1801.000	8184.682
WYF00002.asd	1453	1802.000	8262.532
WYF00002.asd	1454	1803.000	8337.864
WYF00002.asd	1455	1804.000	8410.543
WYF00002.asd	1456	1805.000	8474.080
WYF00002.asd	1457	1806.000	8547.456
WYF00002.asd	1458	1807.000	8621.147
WYF00002.asd	1459	1808.000	8698.254
WYF00002.asd	1460	1809.000	8764.352
WYF00002.asd	1461	1810.000	8835.691
WYF00002.asd	1462	1811.000	8891.952
WYF00002.asd	1463	1812.000	8930.297
WYF00002.asd	1464	1813.000	8972.891
WYF00002.asd	1465	1814.000	9017.383
WYF00002.asd	1466	1815.000	9052.417
WYF00002.asd	1467	1816.000	9083.462
WYF00002.asd	1468	1817.000	9105.764
WYF00002.asd	1469	1818.000	9124.958
WYF00002.asd	1470	1819.000	9132.723
WYF00002.asd	1471	1820.000	9146.452
WYF00002.asd	1472	1821.000	9150.793
WYF00002.asd	1473	1822.000	9169.864
WYF00002.asd	1474	1823.000	9199.754
WYF00002.asd	1475	1824.000	9224.632
WYF00002.asd	1476	1825.000	9250.258
WYF00002.asd	1477	1826.000	9288.685
WYF00002.asd	1478	1827.000	9313.504
WYF00002.asd	1479	1828.000	9332.917
WYF00002.asd	1480	1829.000	9348.891
WYF00002.asd	1481	1830.000	9366.038
WYF00002.asd	1482	1831.000	9370.501
WYF00002.asd	1483	1832.000	9371.197
WYF00002.asd	1484	1833.000	9360.066
WYF00002.asd	1485	1834.000	9326.782
WYF00002.asd	1486	1835.000	9304.059
WYF00002.asd	1487	1836.000	9280.395
WYF00002.asd	1488	1837.000	9240.425
WYF00002.asd	1489	1838.000	9231.404
WYF00002.asd	1490	1839.000	9229.799
WYF00002.asd	1491	1840.000	9247.100
WYF00002.asd	1492	1841.000	9292.141
WYF00002.asd	1493	1842.000	9329.268
WYF00002.asd	1494	1843.000	9381.253
WYF00002.asd	1495	1844.000	9427.392
WYF00002.asd	1496	1845.000	9478.333
WYF00002.asd	1497	1846.000	9519.796
WYF00002.asd	1498	1847.000	9556.318
WYF00002.asd	1499	1848.000	9592.028
WYF00002.asd	1500	1849.000	9620.092
WYF00002.asd	1501	1850.000	9641.962
WYF00002.asd	1502	1851.000	9654.753
WYF00002.asd	1503	1852.000	9661.541
WYF00002.asd	1504	1853.000	9663.032
WYF00002.asd	1505	1854.000	9656.312
WYF00002.asd	1506	1855.000	9642.010
WYF00002.asd	1507	1856.000	9621.446
WYF00002.asd	1508	1857.000	9597.133
WYF00002.asd	1509	1858.000	9565.670
WYF00002.asd	1510	1859.000	9524.503
WYF00002.asd	1511	1860.000	9479.692
WYF00002.asd	1512	1861.000	9443.151
WYF00002.asd	1513	1862.000	9376.797
WYF00002.asd	1514	1863.000	9311.686
WYF00002.asd	1515	1864.000	9206.056
WYF00002.asd	1516	1865.000	9074.121
WYF00002.asd	1517	1866.000	8915.633
WYF00002.asd	1518	1867.000	8729.497
WYF00002.asd	1519	1868.000	8494.316
WYF00002.asd	1520	1869.000	8283.877
WYF00002.asd	1521	1870.000	8028.889
WYF00002.asd	1522	1871.000	7838.667
WYF00002.asd	1523	1872.000	7660.617
WYF00002.asd	1524	1873.000	7519.073
WYF00002.asd	1525	1874.000	7428.587
WYF00002.asd	1526	1875.000	7335.737
WYF00002.asd	1527	1876.000	7260.945
WYF00002.asd	1528	1877.000	7212.063
WYF00002.asd	1529	1878.000	7145.263
WYF00002.asd	1530	1879.000	7096.130
WYF00002.asd	1531	1880.000	7009.203
WYF00002.asd	1532	1881.000	6920.567
WYF00002.asd	1533	1882.000	6796.487
WYF00002.asd	1534	1883.000	6642.000
WYF00002.asd	1535	1884.000	6475.587
WYF00002.asd	1536	1885.000	6263.115
WYF00002.asd	1537	1886.000	6072.097
WYF00002.asd	1538	1887.000	5867.526
WYF00002.asd	1539	1888.000	5679.080
WYF00002.asd	1540	1889.000	5493.667
WYF00002.asd	1541	1890.000	5318.096
WYF00002.asd	1542	1891.000	5148.383
WYF00002.asd	1543	1892.000	4985.943
WYF00002.asd	1544	1893.000	4818.947
WYF00002.asd	1545	1894.000	4658.003
WYF00002.asd	1546	1895.000	4500.224
WYF00002.asd	1547	1896.000	4343.201
WYF00002.asd	1548	1897.000	4184.767
WYF00002.asd	1549	1898.000	4023.828
WYF00002.asd	1550	1899.000	3868.110
WYF00002.asd	1551	1900.000	3732.417
WYF00002.asd	1552	1901.000	3592.557
WYF00002.asd	1553	1902.000	3482.538
WYF00002.asd	1554	1903.000	3403.616
WYF00002.asd	1555	1904.000	3326.928
WYF00002.asd	1556	1905.000	3261.917
WYF00002.asd	1557	1906.000	3205.533
WYF00002.asd	1558	1907.000	3164.164
WYF00002.asd	1559	1908.000	3129.738
WYF00002.asd	1560	1909.000	3096.435
WYF00002.asd	1561	1910.000	3062.130
WYF00002.asd	1562	1911.000	3033.071
WYF00002.asd	1563	1912.000	3007.882
WYF00002.asd	1564	1913.000	2981.068
WYF00002.asd	1565	1914.000	2958.787
WYF00002.asd	1566	1915.000	2937.449
WYF00002.asd	1567	1916.000	2911.935
WYF00002.asd	1568	1917.000	2892.380
WYF00002.asd	1569	1918.000	2880.413
WYF00002.asd	1570	1919.000	2863.731
WYF00002.asd	1571	1920.000	2852.582
WYF00002.asd	1572	1921.000	2834.008
WYF00002.asd	1573	1922.000	2822.683
WYF00002.asd	1574	1923.000	2802.934
WYF00002.asd	1575	1924.000	2811.485
WYF00002.asd	1576	1925.000	2847.176
WYF00002.asd	1577	1926.000	2860.808
WYF00002.asd	1578	1927.000	2885.787
WYF00002.asd	1579	1928.000	2899.355
WYF00002.asd	1580	1929.000	2893.620
WYF00002.asd	1581	1930.000	2889.901
WYF00002.asd	1582	1931.000	2905.226
WYF00002.asd	1583	1932.000	2910.829
WYF00002.asd	1584	1933.000	2916.489
WYF00002.asd	1585	1934.000	2921.943
WYF00002.asd	1586	1935.000	2935.487
WYF00002.asd	1587	1936.000	2956.464
WYF00002.asd	1588	1937.000	2971.694
WYF00002.asd	1589	1938.000	2989.672
WYF00002.asd	1590	1939.000	3008.466
WYF00002.asd	1591	1940.000	3025.895
WYF00002.asd	1592	1941.000	3036.459
WYF00002.asd	1593	1942.000	3054.521
WYF00002.asd	1594	1943.000	3084.384
WYF00002.asd	1595	1944.000	3107.700
WYF00002.asd	1596	1945.000	3126.314
WYF00002.asd	1597	1946.000	3147.295
WYF00002.asd	1598	1947.000	3169.935
WYF00002.asd	1599	1948.000	3190.010
WYF00002.asd	1600	1949.000	3204.598
WYF00002.asd	1601	1950.000	3228.319
WYF00002.asd	1602	1951.000	3260.415
WYF00002.asd	1603	1952.000	3282.069
WYF00002.asd	1604	1953.000	3298.573
WYF00002.asd	1605	1954.000	3328.401
WYF00002.asd	1606	1955.000	3339.858
WYF00002.asd	1607	1956.000	3353.420
WYF00002.asd	1608	1957.000	3383.227
WYF00002.asd	1609	1958.000	3393.426
WYF00002.asd	1610	1959.000	3411.343
WYF00002.asd	1611	1960.000	3430.193
WYF00002.asd	1612	1961.000	3452.777
WYF00002.asd	1613	1962.000	3477.969
WYF00002.asd	1614	1963.000	3506.406
WYF00002.asd	1615	1964.000	3539.001
WYF00002.asd	1616	1965.000	3571.825
WYF00002.asd	1617	1966.000	3602.844
WYF00002.asd	1618	1967.000	3630.604
WYF00002.asd	1619	1968.000	3663.568
WYF00002.asd	1620	1969.000	3699.013
WYF00002.asd	1621	1970.000	3729.512
WYF00002.asd	1622	1971.000	3760.715
WYF00002.asd	1623	1972.000	3783.459
WYF00002.asd	1624	1973.000	3794.574
WYF00002.asd	1625	1974.000	3816.681
WYF00002.asd	1626	1975.000	3839.506
WYF00002.asd	1627	1976.000	3865.437
WYF00002.asd	1628	1977.000	3898.032
WYF00002.asd	1629	1978.000	3932.629
WYF00002.asd	1630	1979.000	3953.894
WYF00002.asd	1631	1980.000	3977.552
WYF00002.asd	1632	1981.000	4003.424
WYF00002.asd	1633	1982.000	4026.798
WYF00002.asd	1634	1983.000	4056.160
WYF00002.asd	1635	1984.000	4092.812
WYF00002.asd	1636	1985.000	4124.743
WYF00002.asd	1637	1986.000	4162.287
WYF00002.asd	1638	1987.000	4191.519
WYF00002.asd	1639	1988.000	4216.697
WYF00002.asd	1640	1989.000	4238.421
WYF00002.asd	1641	1990.000	4254.335
WYF00002.asd	1642	1991.000	4266.994
WYF00002.asd	1643	1992.000	4288.385
WYF00002.asd	1644	1993.000	4311.695
WYF00002.asd	1645	1994.000	4342.842
WYF00002.asd	1646	1995.000	4375.379
WYF00002.asd	1647	1996.000	4404.610
WYF00002.asd	1648	1997.000	4435.927
WYF00002.asd	1649	1998.000	4456.111
WYF00002.asd	1650	1999.000	4471.271
WYF00002.asd	1651	2000.000	4486.189
WYF00002.asd	1652	2001.000	4484.047
WYF00002.asd	1653	2002.000	4499.467
WYF00002.asd	1654	2003.000	4540.924
WYF00002.asd	1655	2004.000	4572.868
WYF00002.asd	1656	2005.000	4611.176
WYF00002.asd	1657	2006.000	4651.727
WYF00002.asd	1658	2007.000	4660.402
WYF00002.asd	1659	2008.000	4673.829
WYF00002.asd	1660	2009.000	4694.729
WYF00002.asd	1661	2010.000	4717.202
WYF00002.asd	1662	2011.000	4729.860
WYF00002.asd	1663	2012.000	4745.778
WYF00002.asd	1664	2013.000	4760.815
WYF00002.asd	1665	2014.000	4763.424
WYF00002.asd	1666	2015.000	4777.126
WYF00002.asd	1667	2016.000	4801.035
WYF00002.asd	1668	2017.000	4824.304
WYF00002.asd	1669	2018.000	4852.070
WYF00002.asd	1670	2019.000	4867.360
WYF00002.asd	1671	2020.000	4887.595
WYF00002.asd	1672	2021.000	4908.457
WYF00002.asd	1673	2022.000	4913.288
WYF00002.asd	1674	2023.000	4929.866
WYF00002.asd	1675	2024.000	4940.758
WYF00002.asd	1676	2025.000	4942.589
WYF00002.asd	1677	2026.000	4954.338
WYF00002.asd	1678	2027.000	4972.686
WYF00002.asd	1679	2028.000	4982.740
WYF00002.asd	1680	2029.000	4998.507
WYF00002.asd	1681	2030.000	5012.966
WYF00002.asd	1682	2031.000	5027.452
WYF00002.asd	1683	2032.000	5054.833
WYF00002.asd	1684	2033.000	5068.158
WYF00002.asd	1685	2034.000	5082.530
WYF00002.asd	1686	2035.000	5096.030
WYF00002.asd	1687	2036.000	5092.799
WYF00002.asd	1688	2037.000	5096.735
WYF00002.asd	1689	2038.000	5109.360
WYF00002.asd	1690	2039.000	5115.538
WYF00002.asd	1691	2040.000	5115.106
WYF00002.asd	1692	2041.000	5116.273
WYF00002.asd	1693	2042.000	5117.275
WYF00002.asd	1694	2043.000	5117.164
WYF00002.asd	1695	2044.000	5118.500
WYF00002.asd	1696	2045.000	5128.432
WYF00002.asd	1697	2046.000	5132.552
WYF00002.asd	1698	2047.000	5134.826
WYF00002.asd	1699	2048.000	5148.225
WYF00002.asd	1700	2049.000	5161.465
WYF00002.asd	1701	2050.000	5175.072
WYF00002.asd	1702	2051.000	5185.211
WYF00002.asd	1703	2052.000	5192.852
WYF00002.asd	1704	2053.000	5186.305
WYF00002.asd	1705	2054.000	5191.692
WYF00002.asd	1706	2055.000	5198.889
WYF00002.asd	1707	2056.000	5219.124
WYF00002.asd	1708	2057.000	5237.247
WYF00002.asd	1709	2058.000	5245.314
WYF00002.asd	1710	2059.000	5250.688
WYF00002.asd	1711	2060.000	5254.416
WYF00002.asd	1712	2061.000	5257.525
WYF00002.asd	1713	2062.000	5267.741
WYF00002.asd	1714	2063.000	5276.905
WYF00002.asd	1715	2064.000	5276.158
WYF00002.asd	1716	2065.000	5269.255
WYF00002.asd	1717	2066.000	5254.762
WYF00002.asd	1718	2067.000	5251.473
WYF00002.asd	1719	2068.000	5254.466
WYF00002.asd	1720	2069.000	5258.404
WYF00002.asd	1721	2070.000	5266.106
WYF00002.asd	1722	2071.000	5279.031
WYF00002.asd	1723	2072.000	5297.755
WYF00002.asd	1724	2073.000	5304.336
WYF00002.asd	1725	2074.000	5308.047
WYF00002.asd	1726	2075.000	5317.495
WYF00002.asd	1727	2076.000	5312.372
WYF00002.asd	1728	2077.000	5304.687
WYF00002.asd	1729	2078.000	5309.163
WYF00002.asd	1730	2079.000	5317.696
WYF00002.asd	1731	2080.000	5329.966
WYF00002.asd	1732	2081.000	5339.538
WYF00002.asd	1733	2082.000	5344.701
WYF00002.asd	1734	2083.000	5340.719
WYF00002.asd	1735	2084.000	5346.302
WYF00002.asd	1736	2085.000	5352.660
WYF00002.asd	1737	2086.000	5362.928
WYF00002.asd	1738	2087.000	5370.820
WYF00002.asd	1739	2088.000	5380.260
WYF00002.asd	1740	2089.000	5377.819
WYF00002.asd	1741	2090.000	5377.255
WYF00002.asd	1742	2091.000	5384.447
WYF00002.asd	1743	2092.000	5388.393
WYF00002.asd	1744	2093.000	5395.252
WYF00002.asd	1745	2094.000	5399.378
WYF00002.asd	1746	2095.000	5407.613
WYF00002.asd	1747	2096.000	5419.654
WYF00002.asd	1748	2097.000	5428.632
WYF00002.asd	1749	2098.000	5437.555
WYF00002.asd	1750	2099.000	5441.688
WYF00002.asd	1751	2100.000	5441.980
WYF00002.asd	1752	2101.000	5439.744
WYF00002.asd	1753	2102.000	5433.456
WYF00002.asd	1754	2103.000	5423.851
WYF00002.asd	1755	2104.000	5421.606
WYF00002.asd	1756	2105.000	5411.434
WYF00002.asd	1757	2106.000	5404.734
WYF00002.asd	1758	2107.000	5404.449
WYF00002.asd	1759	2108.000	5402.198
WYF00002.asd	1760	2109.000	5411.704
WYF00002.asd	1761	2110.000	5425.051
WYF00002.asd	1762	2111.000	5427.559
WYF00002.asd	1763	2112.000	5423.553
WYF00002.asd	1764	2113.000	5416.077
WYF00002.asd	1765	2114.000	5413.261
WYF00002.asd	1766	2115.000	5412.743
WYF00002.asd	1767	2116.000	5412.444
WYF00002.asd	1768	2117.000	5410.799
WYF00002.asd	1769	2118.000	5409.638
WYF00002.asd	1770	2119.000	5406.751
WYF00002.asd	1771	2120.000	5407.342
WYF00002.asd	1772	2121.000	5408.524
WYF00002.asd	1773	2122.000	5426.381
WYF00002.asd	1774	2123.000	5433.627
WYF00002.asd	1775	2124.000	5428.327
WYF00002.asd	1776	2125.000	5422.504
WYF00002.asd	1777	2126.000	5399.206
WYF00002.asd	1778	2127.000	5382.415
WYF00002.asd	1779	2128.000	5374.501
WYF00002.asd	1780	2129.000	5360.160
WYF00002.asd	1781	2130.000	5357.708
WYF00002.asd	1782	2131.000	5368.171
WYF00002.asd	1783	2132.000	5369.385
WYF00002.asd	1784	2133.000	5366.573
WYF00002.asd	1785	2134.000	5359.662
WYF00002.asd	1786	2135.000	5365.315
WYF00002.asd	1787	2136.000	5373.970
WYF00002.asd	1788	2137.000	5372.721
WYF00002.asd	1789	2138.000	5381.167
WYF00002.asd	1790	2139.000	5390.830
WYF00002.asd	1791	2140.000	5362.163
WYF00002.asd	1792	2141.000	5333.128
WYF00002.asd	1793	2142.000	5319.630
WYF00002.asd	1794	2143.000	5305.963
WYF00002.asd	1795	2144.000	5304.475
WYF00002.asd	1796	2145.000	5317.009
WYF00002.asd	1797	2146.000	5330.246
WYF00002.asd	1798	2147.000	5331.695
WYF00002.asd	1799	2148.000	5334.693
WYF00002.asd	1800	2149.000	5341.764
WYF00002.asd	1801	2150.000	5345.469
WYF00002.asd	1802	2151.000	5348.442
WYF00002.asd	1803	2152.000	5346.005
WYF00002.asd	1804	2153.000	5339.426
WYF00002.asd	1805	2154.000	5332.126
WYF00002.asd	1806	2155.000	5320.955
WYF00002.asd	1807	2156.000	5309.047
WYF00002.asd	1808	2157.000	5294.715
WYF00002.asd	1809	2158.000	5288.733
WYF00002.asd	1810	2159.000	5270.848
WYF00002.asd	1811	2160.000	5260.695
WYF00002.asd	1812	2161.000	5265.780
WYF00002.asd	1813	2162.000	5267.984
WYF00002.asd	1814	2163.000	5281.596
WYF00002.asd	1815	2164.000	5286.441
WYF00002.asd	1816	2165.000	5279.611
WYF00002.asd	1817	2166.000	5269.261
WYF00002.asd	1818	2167.000	5251.243
WYF00002.asd	1819	2168.000	5238.808
WYF00002.asd	1820	2169.000	5234.761
WYF00002.asd	1821	2170.000	5232.383
WYF00002.asd	1822	2171.000	5231.583
WYF00002.asd	1823	2172.000	5244.977
WYF00002.asd	1824	2173.000	5242.859
WYF00002.asd	1825	2174.000	5228.186
WYF00002.asd	1826	2175.000	5218.168
WYF00002.asd	1827	2176.000	5204.429
WYF00002.asd	1828	2177.000	5185.456
WYF00002.asd	1829	2178.000	5186.358
WYF00002.asd	1830	2179.000	5189.222
WYF00002.asd	1831	2180.000	5185.428
WYF00002.asd	1832	2181.000	5177.183
WYF00002.asd	1833	2182.000	5154.162
WYF00002.asd	1834	2183.000	5143.179
WYF00002.asd	1835	2184.000	5133.582
WYF00002.asd	1836	2185.000	5120.820
WYF00002.asd	1837	2186.000	5110.722
WYF00002.asd	1838	2187.000	5091.807
WYF00002.asd	1839	2188.000	5073.425
WYF00002.asd	1840	2189.000	5058.149
WYF00002.asd	1841	2190.000	5045.181
WYF00002.asd	1842	2191.000	5033.156
WYF00002.asd	1843	2192.000	5016.392
WYF00002.asd	1844	2193.000	5003.220
WYF00002.asd	1845	2194.000	4978.591
WYF00002.asd	1846	2195.000	4937.625
WYF00002.asd	1847	2196.000	4909.342
WYF00002.asd	1848	2197.000	4882.532
WYF00002.asd	1849	2198.000	4851.914
WYF00002.asd	1850	2199.000	4830.810
WYF00002.asd	1851	2200.000	4816.922
WYF00002.asd	1852	2201.000	4792.415
WYF00002.asd	1853	2202.000	4769.148
WYF00002.asd	1854	2203.000	4753.861
WYF00002.asd	1855	2204.000	4732.888
WYF00002.asd	1856	2205.000	4721.603
WYF00002.asd	1857	2206.000	4719.466
WYF00002.asd	1858	2207.000	4707.394
WYF00002.asd	1859	2208.000	4693.044
WYF00002.asd	1860	2209.000	4676.577
WYF00002.asd	1861	2210.000	4662.863
WYF00002.asd	1862	2211.000	4659.410
WYF00002.asd	1863	2212.000	4659.841
WYF00002.asd	1864	2213.000	4649.595
WYF00002.asd	1865	2214.000	4629.163
WYF00002.asd	1866	2215.000	4606.622
WYF00002.asd	1867	2216.000	4566.453
WYF00002.asd	1868	2217.000	4541.786
WYF00002.asd	1869	2218.000	4515.825
WYF00002.asd	1870	2219.000	4503.546
WYF00002.asd	1871	2220.000	4505.443
WYF00002.asd	1872	2221.000	4504.749
WYF00002.asd	1873	2222.000	4512.194
WYF00002.asd	1874	2223.000	4525.386
WYF00002.asd	1875	2224.000	4515.811
WYF00002.asd	1876	2225.000	4492.260
WYF00002.asd	1877	2226.000	4457.449
WYF00002.asd	1878	2227.000	4419.211
WYF00002.asd	1879	2228.000	4393.691
WYF00002.asd	1880	2229.000	4374.427
WYF00002.asd	1881	2230.000	4354.174
WYF00002.asd	1882	2231.000	4338.709
WYF00002.asd	1883	2232.000	4315.553
WYF00002.asd	1884	2233.000	4284.040
WYF00002.asd	1885	2234.000	4258.054
WYF00002.asd	1886	2235.000	4222.162
WYF00002.asd	1887	2236.000	4194.851
WYF00002.asd	1888	2237.000	4171.006
WYF00002.asd	1889	2238.000	4138.585
WYF00002.asd	1890	2239.000	4111.812
WYF00002.asd	1891	2240.000	4079.072
WYF00002.asd	1892	2241.000	4038.914
WYF00002.asd	1893	2242.000	4005.066
WYF00002.asd	1894	2243.000	3980.109
WYF00002.asd	1895	2244.000	3949.039
WYF00002.asd	1896	2245.000	3919.170
WYF00002.asd	1897	2246.000	3880.405
WYF00002.asd	1898	2247.000	3826.543
WYF00002.asd	1899	2248.000	3789.545
WYF00002.asd	1900	2249.000	3752.585
WYF00002.asd	1901	2250.000	3722.007
WYF00002.asd	1902	2251.000	3713.898
WYF00002.asd	1903	2252.000	3684.990
WYF00002.asd	1904	2253.000	3635.090
WYF00002.asd	1905	2254.000	3593.796
WYF00002.asd	1906	2255.000	3551.324
WYF00002.asd	1907	2256.000	3526.383
WYF00002.asd	1908	2257.000	3517.326
WYF00002.asd	1909	2258.000	3510.594
WYF00002.asd	1910	2259.000	3492.613
WYF00002.asd	1911	2260.000	3469.110
WYF00002.asd	1912	2261.000	3449.993
WYF00002.asd	1913	2262.000	3428.784
WYF00002.asd	1914	2263.000	3412.208
WYF00002.asd	1915	2264.000	3391.441
WYF00002.asd	1916	2265.000	3363.682
WYF00002.asd	1917	2266.000	3336.358
WYF00002.asd	1918	2267.000	3303.189
WYF00002.asd	1919	2268.000	3267.617
WYF00002.asd	1920	2269.000	3231.013
WYF00002.asd	1921	2270.000	3197.926
WYF00002.asd	1922	2271.000	3170.973
WYF00002.asd	1923	2272.000	3150.833
WYF00002.asd	1924	2273.000	3129.106
WYF00002.asd	1925	2274.000	3112.417
WYF00002.asd	1926	2275.000	3092.466
WYF00002.asd	1927	2276.000	3064.814
WYF00002.asd	1928	2277.000	3048.029
WYF00002.asd	1929	2278.000	3044.225
WYF00002.asd	1930	2279.000	3029.896
WYF00002.asd	1931	2280.000	3018.794
WYF00002.asd	1932	2281.000	3003.654
WYF00002.asd	1933	2282.000	2978.003
WYF00002.asd	1934	2283.000	2955.983
WYF00002.asd	1935	2284.000	2935.909
WYF00002.asd	1936	2285.000	2909.035
WYF00002.asd	1937	2286.000	2888.989
WYF00002.asd	1938	2287.000	2868.562
WYF00002.asd	1939	2288.000	2849.537
WYF00002.asd	1940	2289.000	2842.340
WYF00002.asd	1941	2290.000	2842.941
WYF00002.asd	1942	2291.000	2823.959
WYF00002.asd	1943	2292.000	2791.739
WYF00002.asd	1944	2293.000	2761.763
WYF00002.asd	1945	2294.000	2718.321
WYF00002.asd	1946	2295.000	2684.683
WYF00002.asd	1947	2296.000	2667.610
WYF00002.asd	1948	2297.000	2644.361
WYF00002.asd	1949	2298.000	2624.836
WYF00002.asd	1950	2299.000	2596.596
WYF00002.asd	1951	2300.000	2557.248
WYF00002.asd	1952	2301.000	2530.358
WYF00002.asd	1953	2302.000	2507.208
WYF00002.asd	1954	2303.000	2487.851
WYF00002.asd	1955	2304.000	2472.524
WYF00002.asd	1956	2305.000	2450.037
WYF00002.asd	1957	2306.000	2426.613
WYF00002.asd	1958	2307.000	2405.044
WYF00002.asd	1959	2308.000	2379.880
WYF00002.asd	1960	2309.000	2350.539
WYF00002.asd	1961	2310.000	2329.419
WYF00002.asd	1962	2311.000	2304.996
WYF00002.asd	1963	2312.000	2288.971
WYF00002.asd	1964	2313.000	2288.089
WYF00002.asd	1965	2314.000	2276.766
WYF00002.asd	1966	2315.000	2267.615
WYF00002.asd	1967	2316.000	2253.552
WYF00002.asd	1968	2317.000	2228.512
WYF00002.asd	1969	2318.000	2212.076
WYF00002.asd	1970	2319.000	2193.302
WYF00002.asd	1971	2320.000	2179.102
WYF00002.asd	1972	2321.000	2176.825
WYF00002.asd	1973	2322.000	2166.163
WYF00002.asd	1974	2323.000	2161.222
WYF00002.asd	1975	2324.000	2142.444
WYF00002.asd	1976	2325.000	2104.857
WYF00002.asd	1977	2326.000	2081.487
WYF00002.asd	1978	2327.000	2056.014
WYF00002.asd	1979	2328.000	2032.637
WYF00002.asd	1980	2329.000	2015.026
WYF00002.asd	1981	2330.000	2002.429
WYF00002.asd	1982	2331.000	1998.430
WYF00002.asd	1983	2332.000	1979.774
WYF00002.asd	1984	2333.000	1961.290
WYF00002.asd	1985	2334.000	1937.661
WYF00002.asd	1986	2335.000	1893.860
WYF00002.asd	1987	2336.000	1868.443
WYF00002.asd	1988	2337.000	1839.293
WYF00002.asd	1989	2338.000	1823.784
WYF00002.asd	1990	2339.000	1803.504
WYF00002.asd	1991	2340.000	1768.590
WYF00002.asd	1992	2341.000	1740.334
WYF00002.asd	1993	2342.000	1707.172
WYF00002.asd	1994	2343.000	1687.989
WYF00002.asd	1995	2344.000	1667.757
WYF00002.asd	1996	2345.000	1649.262
WYF00002.asd	1997	2346.000	1646.029
WYF00002.asd	1998	2347.000	1636.019
WYF00002.asd	1999	2348.000	1627.211
WYF00002.asd	2000	2349.000	1614.850
WYF00002.asd	2001	2350.000	1597.716
WYF00002.asd	2002	2351.000	1579.848
WYF00002.asd	2003	2352.000	1556.439
WYF00002.asd	2004	2353.000	1546.765
WYF00002.asd	2005	2354.000	1533.948
WYF00002.asd	2006	2355.000	1514.666
WYF00002.asd	2007	2356.000	1502.113
WYF00002.asd	2008	2357.000	1475.628
WYF00002.asd	2009	2358.000	1456.591
WYF00002.asd	2010	2359.000	1448.817
WYF00002.asd	2011	2360.000	1431.110
WYF00002.asd	2012	2361.000	1413.834
WYF00002.asd	2013	2362.000	1397.923
WYF00002.asd	2014	2363.000	1384.137
WYF00002.asd	2015	2364.000	1375.646
WYF00002.asd	2016	2365.000	1364.896
WYF00002.asd	2017	2366.000	1351.065
WYF00002.asd	2018	2367.000	1333.227
WYF00002.asd	2019	2368.000	1314.548
WYF00002.asd	2020	2369.000	1310.694
WYF00002.asd	2021	2370.000	1317.161
WYF00002.asd	2022	2371.000	1309.749
WYF00002.asd	2023	2372.000	1302.439
WYF00002.asd	2024	2373.000	1286.771
WYF00002.asd	2025	2374.000	1256.649
WYF00002.asd	2026	2375.000	1235.594
WYF00002.asd	2027	2376.000	1218.684
WYF00002.asd	2028	2377.000	1196.762
WYF00002.asd	2029	2378.000	1171.422
WYF00002.asd	2030	2379.000	1152.815
WYF00002.asd	2031	2380.000	1134.182
WYF00002.asd	2032	2381.000	1116.342
WYF00002.asd	2033	2382.000	1100.415
WYF00002.asd	2034	2383.000	1093.744
WYF00002.asd	2035	2384.000	1090.768
WYF00002.asd	2036	2385.000	1081.089
WYF00002.asd	2037	2386.000	1080.939
WYF00002.asd	2038	2387.000	1070.448
WYF00002.asd	2039	2388.000	1048.600
WYF00002.asd	2040	2389.000	1034.400
WYF00002.asd	2041	2390.000	1019.565
WYF00002.asd	2042	2391.000	1009.594
WYF00002.asd	2043	2392.000	1002.409
WYF00002.asd	2044	2393.000	990.211
WYF00002.asd	2045	2394.000	984.112
WYF00002.asd	2046	2395.000	969.038
WYF00002.asd	2047	2396.000	941.217
WYF00002.asd	2048	2397.000	924.525
WYF00002.asd	2049	2398.000	913.182
WYF00002.asd	2050	2399.000	896.244
WYF00002.asd	2051	2400.000	877.887
WYF00002.asd	2052	2401.000	865.641
WYF00002.asd	2053	2402.000	850.886
WYF00002.asd	2054	2403.000	841.348
WYF00002.asd	2055	2404.000	841.965
WYF00002.asd	2056	2405.000	835.204
WYF00002.asd	2057	2406.000	830.331
WYF00002.asd	2058	2407.000	814.884
WYF00002.asd	2059	2408.000	787.651
WYF00002.asd	2060	2409.000	776.506
WYF00002.asd	2061	2410.000	764.266
WYF00002.asd	2062	2411.000	754.140
WYF00002.asd	2063	2412.000	756.804
WYF00002.asd	2064	2413.000	753.435
WYF00002.asd	2065	2414.000	746.554
WYF00002.asd	2066	2415.000	737.524
WYF00002.asd	2067	2416.000	733.557
WYF00002.asd	2068	2417.000	715.611
WYF00002.asd	2069	2418.000	680.477
WYF00002.asd	2070	2419.000	663.899
WYF00002.asd	2071	2420.000	648.490
WYF00002.asd	2072	2421.000	638.834
WYF00002.asd	2073	2422.000	640.669
WYF00002.asd	2074	2423.000	639.526
WYF00002.asd	2075	2424.000	644.282
WYF00002.asd	2076	2425.000	633.342
WYF00002.asd	2077	2426.000	615.915
WYF00002.asd	2078	2427.000	602.412
WYF00002.asd	2079	2428.000	574.194
WYF00002.asd	2080	2429.000	564.005
WYF00002.asd	2081	2430.000	570.900
WYF00002.asd	2082	2431.000	565.068
WYF00002.asd	2083	2432.000	558.007
WYF00002.asd	2084	2433.000	551.225
WYF00002.asd	2085	2434.000	542.572
WYF00002.asd	2086	2435.000	531.704
WYF00002.asd	2087	2436.000	521.724
WYF00002.asd	2088	2437.000	507.503
WYF00002.asd	2089	2438.000	483.794
WYF00002.asd	2090	2439.000	474.416
WYF00002.asd	2091	2440.000	470.830
WYF00002.asd	2092	2441.000	464.302
WYF00002.asd	2093	2442.000	462.443
WYF00002.asd	2094	2443.000	463.337
WYF00002.asd	2095	2444.000	466.283
WYF00002.asd	2096	2445.000	458.673
WYF00002.asd	2097	2446.000	452.097
WYF00002.asd	2098	2447.000	443.213
WYF00002.asd	2099	2448.000	422.052
WYF00002.asd	2100	2449.000	414.267
WYF00002.asd	2101	2450.000	409.123
WYF00002.asd	2102	2451.000	391.398
WYF00002.asd	2103	2452.000	379.138
WYF00002.asd	2104	2453.000	364.975
WYF00002.asd	2105	2454.000	353.462
WYF00002.asd	2106	2455.000	352.291
WYF00002.asd	2107	2456.000	354.706
WYF00002.asd	2108	2457.000	367.433
WYF00002.asd	2109	2458.000	365.921
WYF00002.asd	2110	2459.000	352.507
WYF00002.asd	2111	2460.000	348.483
WYF00002.asd	2112	2461.000	352.531
WYF00002.asd	2113	2462.000	344.390
WYF00002.asd	2114	2463.000	323.936
WYF00002.asd	2115	2464.000	320.211
WYF00002.asd	2116	2465.000	323.397
WYF00002.asd	2117	2466.000	315.740
WYF00002.asd	2118	2467.000	318.052
WYF00002.asd	2119	2468.000	315.479
WYF00002.asd	2120	2469.000	293.358
WYF00002.asd	2121	2470.000	279.701
WYF00002.asd	2122	2471.000	273.598
WYF00002.asd	2123	2472.000	269.265
WYF00002.asd	2124	2473.000	266.753
WYF00002.asd	2125	2474.000	261.164
WYF00002.asd	2126	2475.000	260.605
WYF00002.asd	2127	2476.000	255.578
WYF00002.asd	2128	2477.000	240.818
WYF00002.asd	2129	2478.000	233.645
WYF00002.asd	2130	2479.000	231.724
WYF00002.asd	2131	2480.000	226.298
WYF00002.asd	2132	2481.000	222.858
WYF00002.asd	2133	2482.000	216.686
WYF00002.asd	2134	2483.000	198.961
WYF00002.asd	2135	2484.000	199.901
WYF00002.asd	2136	2485.000	213.708
WYF00002.asd	2137	2486.000	219.595
WYF00002.asd	2138	2487.000	242.733
WYF00002.asd	2139	2488.000	238.932
WYF00002.asd	2140	2489.000	210.476
WYF00002.asd	2141	2490.000	197.432
WYF00002.asd	2142	2491.000	176.404
WYF00002.asd	2143	2492.000	166.392
WYF00002.asd	2144	2493.000	166.504
WYF00002.asd	2145	2494.000	167.778
WYF00002.asd	2146	2495.000	173.328
WYF00002.asd	2147	2496.000	175.663
WYF00002.asd	2148	2497.000	181.862
WYF00002.asd	2149	2498.000	185.927
WYF00002.asd	2150	2499.000	187.549
WYF00002.asd	2151	2500.000	186.380
