WYF00003.asd	1	350.000	11.103
WYF00003.asd	2	351.000	10.209
WYF00003.asd	3	352.000	8.709
WYF00003.asd	4	353.000	10.220
WYF00003.asd	5	354.000	10.290
WYF00003.asd	6	355.000	11.036
WYF00003.asd	7	356.000	12.614
WYF00003.asd	8	357.000	12.724
WYF00003.asd	9	358.000	13.611
WYF00003.asd	10	359.000	14.698
WYF00003.asd	11	360.000	15.656
WYF00003.asd	12	361.000	17.454
WYF00003.asd	13	362.000	17.695
WYF00003.asd	14	363.000	17.100
WYF00003.asd	15	364.000	17.239
WYF00003.asd	16	365.000	19.747
WYF00003.asd	17	366.000	19.985
WYF00003.asd	18	367.000	19.988
WYF00003.asd	19	368.000	23.155
WYF00003.asd	20	369.000	24.109
WYF00003.asd	21	370.000	24.684
WYF00003.asd	22	371.000	26.226
WYF00003.asd	23	372.000	29.022
WYF00003.asd	24	373.000	29.804
WYF00003.asd	25	374.000	30.695
WYF00003.asd	26	375.000	32.770
WYF00003.asd	27	376.000	34.796
WYF00003.asd	28	377.000	34.638
WYF00003.asd	29	378.000	35.830
WYF00003.asd	30	379.000	40.174
WYF00003.asd	31	380.000	42.420
WYF00003.asd	32	381.000	44.400
WYF00003.asd	33	382.000	46.049
WYF00003.asd	34	383.000	47.388
WYF00003.asd	35	384.000	51.269
WYF00003.asd	36	385.000	54.856
WYF00003.asd	37	386.000	56.808
WYF00003.asd	38	387.000	57.456
WYF00003.asd	39	388.000	60.473
WYF00003.asd	40	389.000	63.070
WYF00003.asd	41	390.000	64.656
WYF00003.asd	42	391.000	68.127
WYF00003.asd	43	392.000	70.794
WYF00003.asd	44	393.000	73.400
WYF00003.asd	45	394.000	76.670
WYF00003.asd	46	395.000	79.542
WYF00003.asd	47	396.000	82.369
WYF00003.asd	48	397.000	85.470
WYF00003.asd	49	398.000	89.100
WYF00003.asd	50	399.000	93.336
WYF00003.asd	51	400.000	96.643
WYF00003.asd	52	401.000	99.352
WYF00003.asd	53	402.000	103.028
WYF00003.asd	54	403.000	106.713
WYF00003.asd	55	404.000	110.341
WYF00003.asd	56	405.000	114.220
WYF00003.asd	57	406.000	119.006
WYF00003.asd	58	407.000	122.085
WYF00003.asd	59	408.000	124.594
WYF00003.asd	60	409.000	127.966
WYF00003.asd	61	410.000	131.378
WYF00003.asd	62	411.000	137.812
WYF00003.asd	63	412.000	143.579
WYF00003.asd	64	413.000	144.062
WYF00003.asd	65	414.000	147.749
WYF00003.asd	66	415.000	153.507
WYF00003.asd	67	416.000	159.719
WYF00003.asd	68	417.000	165.015
WYF00003.asd	69	418.000	169.373
WYF00003.asd	70	419.000	174.284
WYF00003.asd	71	420.000	180.633
WYF00003.asd	72	421.000	187.556
WYF00003.asd	73	422.000	196.266
WYF00003.asd	74	423.000	203.142
WYF00003.asd	75	424.000	205.862
WYF00003.asd	76	425.000	213.561
WYF00003.asd	77	426.000	222.574
WYF00003.asd	78	427.000	230.543
WYF00003.asd	79	428.000	236.686
WYF00003.asd	80	429.000	243.320
WYF00003.asd	81	430.000	252.195
WYF00003.asd	82	431.000	262.857
WYF00003.asd	83	432.000	271.857
WYF00003.asd	84	433.000	284.082
WYF00003.asd	85	434.000	295.481
WYF00003.asd	86	435.000	302.808
WYF00003.asd	87	436.000	312.963
WYF00003.asd	88	437.000	322.254
WYF00003.asd	89	438.000	330.102
WYF00003.asd	90	439.000	337.529
WYF00003.asd	91	440.000	343.773
WYF00003.asd	92	441.000	351.047
WYF00003.asd	93	442.000	360.461
WYF00003.asd	94	443.000	371.402
WYF00003.asd	95	444.000	380.356
WYF00003.asd	96	445.000	390.556
WYF00003.asd	97	446.000	403.952
WYF00003.asd	98	447.000	414.770
WYF00003.asd	99	448.000	425.531
WYF00003.asd	100	449.000	436.279
WYF00003.asd	101	450.000	446.439
WYF00003.asd	102	451.000	458.633
WYF00003.asd	103	452.000	469.561
WYF00003.asd	104	453.000	478.325
WYF00003.asd	105	454.000	487.092
WYF00003.asd	106	455.000	496.706
WYF00003.asd	107	456.000	506.117
WYF00003.asd	108	457.000	513.983
WYF00003.asd	109	458.000	519.360
WYF00003.asd	110	459.000	522.709
WYF00003.asd	111	460.000	526.946
WYF00003.asd	112	461.000	534.378
WYF00003.asd	113	462.000	537.657
WYF00003.asd	114	463.000	539.754
WYF00003.asd	115	464.000	542.997
WYF00003.asd	116	465.000	548.122
WYF00003.asd	117	466.000	552.671
WYF00003.asd	118	467.000	555.321
WYF00003.asd	119	468.000	557.032
WYF00003.asd	120	469.000	563.974
WYF00003.asd	121	470.000	568.959
WYF00003.asd	122	471.000	571.088
WYF00003.asd	123	472.000	572.635
WYF00003.asd	124	473.000	577.442
WYF00003.asd	125	474.000	580.903
WYF00003.asd	126	475.000	583.365
WYF00003.asd	127	476.000	590.515
WYF00003.asd	128	477.000	593.849
WYF00003.asd	129	478.000	597.364
WYF00003.asd	130	479.000	603.767
WYF00003.asd	131	480.000	605.430
WYF00003.asd	132	481.000	610.135
WYF00003.asd	133	482.000	617.299
WYF00003.asd	134	483.000	622.926
WYF00003.asd	135	484.000	627.204
WYF00003.asd	136	485.000	631.227
WYF00003.asd	137	486.000	636.145
WYF00003.asd	138	487.000	642.974
WYF00003.asd	139	488.000	651.685
WYF00003.asd	140	489.000	660.051
WYF00003.asd	141	490.000	667.475
WYF00003.asd	142	491.000	679.232
WYF00003.asd	143	492.000	692.359
WYF00003.asd	144	493.000	705.712
WYF00003.asd	145	494.000	719.470
WYF00003.asd	146	495.000	736.479
WYF00003.asd	147	496.000	754.888
WYF00003.asd	148	497.000	773.474
WYF00003.asd	149	498.000	792.446
WYF00003.asd	150	499.000	815.285
WYF00003.asd	151	500.000	841.262
WYF00003.asd	152	501.000	868.753
WYF00003.asd	153	502.000	896.979
WYF00003.asd	154	503.000	929.164
WYF00003.asd	155	504.000	965.021
WYF00003.asd	156	505.000	1001.976
WYF00003.asd	157	506.000	1038.206
WYF00003.asd	158	507.000	1078.663
WYF00003.asd	159	508.000	1124.959
WYF00003.asd	160	509.000	1172.270
WYF00003.asd	161	510.000	1220.530
WYF00003.asd	162	511.000	1271.132
WYF00003.asd	163	512.000	1325.838
WYF00003.asd	164	513.000	1385.593
WYF00003.asd	165	514.000	1446.476
WYF00003.asd	166	515.000	1508.339
WYF00003.asd	167	516.000	1573.936
WYF00003.asd	168	517.000	1641.852
WYF00003.asd	169	518.000	1712.856
WYF00003.asd	170	519.000	1786.181
WYF00003.asd	171	520.000	1857.224
WYF00003.asd	172	521.000	1930.228
WYF00003.asd	173	522.000	2004.520
WYF00003.asd	174	523.000	2078.123
WYF00003.asd	175	524.000	2152.679
WYF00003.asd	176	525.000	2224.477
WYF00003.asd	177	526.000	2292.533
WYF00003.asd	178	527.000	2358.961
WYF00003.asd	179	528.000	2426.528
WYF00003.asd	180	529.000	2490.824
WYF00003.asd	181	530.000	2549.146
WYF00003.asd	182	531.000	2607.120
WYF00003.asd	183	532.000	2663.596
WYF00003.asd	184	533.000	2718.866
WYF00003.asd	185	534.000	2773.290
WYF00003.asd	186	535.000	2823.475
WYF00003.asd	187	536.000	2872.294
WYF00003.asd	188	537.000	2921.378
WYF00003.asd	189	538.000	2969.831
WYF00003.asd	190	539.000	3019.615
WYF00003.asd	191	540.000	3068.365
WYF00003.asd	192	541.000	3114.499
WYF00003.asd	193	542.000	3162.442
WYF00003.asd	194	543.000	3216.861
WYF00003.asd	195	544.000	3280.091
WYF00003.asd	196	545.000	3350.882
WYF00003.asd	197	546.000	3413.723
WYF00003.asd	198	547.000	3460.127
WYF00003.asd	199	548.000	3491.092
WYF00003.asd	200	549.000	3520.764
WYF00003.asd	201	550.000	3562.750
WYF00003.asd	202	551.000	3614.944
WYF00003.asd	203	552.000	3668.999
WYF00003.asd	204	553.000	3722.873
WYF00003.asd	205	554.000	3776.831
WYF00003.asd	206	555.000	3830.681
WYF00003.asd	207	556.000	3883.446
WYF00003.asd	208	557.000	3930.441
WYF00003.asd	209	558.000	3974.530
WYF00003.asd	210	559.000	4018.101
WYF00003.asd	211	560.000	4058.140
WYF00003.asd	212	561.000	4092.342
WYF00003.asd	213	562.000	4120.904
WYF00003.asd	214	563.000	4144.603
WYF00003.asd	215	564.000	4157.447
WYF00003.asd	216	565.000	4162.022
WYF00003.asd	217	566.000	4157.604
WYF00003.asd	218	567.000	4137.366
WYF00003.asd	219	568.000	4111.958
WYF00003.asd	220	569.000	4079.023
WYF00003.asd	221	570.000	4035.789
WYF00003.asd	222	571.000	3992.258
WYF00003.asd	223	572.000	3947.489
WYF00003.asd	224	573.000	3901.988
WYF00003.asd	225	574.000	3857.957
WYF00003.asd	226	575.000	3823.110
WYF00003.asd	227	576.000	3794.169
WYF00003.asd	228	577.000	3765.907
WYF00003.asd	229	578.000	3733.257
WYF00003.asd	230	579.000	3698.068
WYF00003.asd	231	580.000	3659.286
WYF00003.asd	232	581.000	3616.449
WYF00003.asd	233	582.000	3577.312
WYF00003.asd	234	583.000	3539.605
WYF00003.asd	235	584.000	3503.260
WYF00003.asd	236	585.000	3471.369
WYF00003.asd	237	586.000	3436.362
WYF00003.asd	238	587.000	3404.328
WYF00003.asd	239	588.000	3380.004
WYF00003.asd	240	589.000	3353.346
WYF00003.asd	241	590.000	3331.197
WYF00003.asd	242	591.000	3317.174
WYF00003.asd	243	592.000	3312.507
WYF00003.asd	244	593.000	3316.115
WYF00003.asd	245	594.000	3325.196
WYF00003.asd	246	595.000	3338.027
WYF00003.asd	247	596.000	3355.299
WYF00003.asd	248	597.000	3372.431
WYF00003.asd	249	598.000	3388.666
WYF00003.asd	250	599.000	3403.806
WYF00003.asd	251	600.000	3413.718
WYF00003.asd	252	601.000	3419.280
WYF00003.asd	253	602.000	3422.002
WYF00003.asd	254	603.000	3423.340
WYF00003.asd	255	604.000	3414.984
WYF00003.asd	256	605.000	3403.458
WYF00003.asd	257	606.000	3393.806
WYF00003.asd	258	607.000	3380.043
WYF00003.asd	259	608.000	3361.585
WYF00003.asd	260	609.000	3341.645
WYF00003.asd	261	610.000	3324.725
WYF00003.asd	262	611.000	3308.364
WYF00003.asd	263	612.000	3290.822
WYF00003.asd	264	613.000	3274.586
WYF00003.asd	265	614.000	3267.940
WYF00003.asd	266	615.000	3256.036
WYF00003.asd	267	616.000	3238.152
WYF00003.asd	268	617.000	3218.235
WYF00003.asd	269	618.000	3201.535
WYF00003.asd	270	619.000	3179.964
WYF00003.asd	271	620.000	3155.073
WYF00003.asd	272	621.000	3135.065
WYF00003.asd	273	622.000	3113.359
WYF00003.asd	274	623.000	3091.213
WYF00003.asd	275	624.000	3070.062
WYF00003.asd	276	625.000	3049.031
WYF00003.asd	277	626.000	3031.422
WYF00003.asd	278	627.000	3016.127
WYF00003.asd	279	628.000	3000.578
WYF00003.asd	280	629.000	2985.081
WYF00003.asd	281	630.000	2970.558
WYF00003.asd	282	631.000	2954.866
WYF00003.asd	283	632.000	2932.740
WYF00003.asd	284	633.000	2911.201
WYF00003.asd	285	634.000	2887.203
WYF00003.asd	286	635.000	2857.154
WYF00003.asd	287	636.000	2822.625
WYF00003.asd	288	637.000	2785.150
WYF00003.asd	289	638.000	2743.688
WYF00003.asd	290	639.000	2696.431
WYF00003.asd	291	640.000	2648.543
WYF00003.asd	292	641.000	2600.921
WYF00003.asd	293	642.000	2553.235
WYF00003.asd	294	643.000	2504.177
WYF00003.asd	295	644.000	2453.696
WYF00003.asd	296	645.000	2403.253
WYF00003.asd	297	646.000	2354.782
WYF00003.asd	298	647.000	2309.275
WYF00003.asd	299	648.000	2268.265
WYF00003.asd	300	649.000	2233.787
WYF00003.asd	301	650.000	2207.583
WYF00003.asd	302	651.000	2180.894
WYF00003.asd	303	652.000	2158.537
WYF00003.asd	304	653.000	2143.420
WYF00003.asd	305	654.000	2129.272
WYF00003.asd	306	655.000	2111.658
WYF00003.asd	307	656.000	2091.735
WYF00003.asd	308	657.000	2072.215
WYF00003.asd	309	658.000	2046.771
WYF00003.asd	310	659.000	2022.364
WYF00003.asd	311	660.000	1998.459
WYF00003.asd	312	661.000	1964.999
WYF00003.asd	313	662.000	1932.699
WYF00003.asd	314	663.000	1901.196
WYF00003.asd	315	664.000	1869.304
WYF00003.asd	316	665.000	1841.839
WYF00003.asd	317	666.000	1814.816
WYF00003.asd	318	667.000	1788.991
WYF00003.asd	319	668.000	1767.755
WYF00003.asd	320	669.000	1750.875
WYF00003.asd	321	670.000	1737.184
WYF00003.asd	322	671.000	1726.724
WYF00003.asd	323	672.000	1721.804
WYF00003.asd	324	673.000	1717.915
WYF00003.asd	325	674.000	1717.234
WYF00003.asd	326	675.000	1722.663
WYF00003.asd	327	676.000	1731.319
WYF00003.asd	328	677.000	1741.793
WYF00003.asd	329	678.000	1755.062
WYF00003.asd	330	679.000	1774.078
WYF00003.asd	331	680.000	1800.862
WYF00003.asd	332	681.000	1835.029
WYF00003.asd	333	682.000	1877.239
WYF00003.asd	334	683.000	1931.010
WYF00003.asd	335	684.000	1998.629
WYF00003.asd	336	685.000	2079.948
WYF00003.asd	337	686.000	2175.157
WYF00003.asd	338	687.000	2291.981
WYF00003.asd	339	688.000	2427.895
WYF00003.asd	340	689.000	2581.633
WYF00003.asd	341	690.000	2753.755
WYF00003.asd	342	691.000	2942.460
WYF00003.asd	343	692.000	3143.938
WYF00003.asd	344	693.000	3355.629
WYF00003.asd	345	694.000	3579.148
WYF00003.asd	346	695.000	3812.439
WYF00003.asd	347	696.000	4054.223
WYF00003.asd	348	697.000	4302.665
WYF00003.asd	349	698.000	4550.186
WYF00003.asd	350	699.000	4803.106
WYF00003.asd	351	700.000	5062.151
WYF00003.asd	352	701.000	5319.848
WYF00003.asd	353	702.000	5578.215
WYF00003.asd	354	703.000	5834.488
WYF00003.asd	355	704.000	6087.545
WYF00003.asd	356	705.000	6344.276
WYF00003.asd	357	706.000	6598.769
WYF00003.asd	358	707.000	6851.235
WYF00003.asd	359	708.000	7105.082
WYF00003.asd	360	709.000	7359.006
WYF00003.asd	361	710.000	7614.540
WYF00003.asd	362	711.000	7871.661
WYF00003.asd	363	712.000	8127.843
WYF00003.asd	364	713.000	8385.005
WYF00003.asd	365	714.000	8646.239
WYF00003.asd	366	715.000	8911.727
WYF00003.asd	367	716.000	9170.594
WYF00003.asd	368	717.000	9432.605
WYF00003.asd	369	718.000	9697.904
WYF00003.asd	370	719.000	9961.159
WYF00003.asd	371	720.000	10228.933
WYF00003.asd	372	721.000	10494.276
WYF00003.asd	373	722.000	10754.088
WYF00003.asd	374	723.000	11013.666
WYF00003.asd	375	724.000	11267.744
WYF00003.asd	376	725.000	11518.019
WYF00003.asd	377	726.000	11766.419
WYF00003.asd	378	727.000	12008.510
WYF00003.asd	379	728.000	12243.640
WYF00003.asd	380	729.000	12473.396
WYF00003.asd	381	730.000	12699.899
WYF00003.asd	382	731.000	12914.770
WYF00003.asd	383	732.000	13124.607
WYF00003.asd	384	733.000	13331.199
WYF00003.asd	385	734.000	13525.831
WYF00003.asd	386	735.000	13711.761
WYF00003.asd	387	736.000	13887.916
WYF00003.asd	388	737.000	14053.875
WYF00003.asd	389	738.000	14215.206
WYF00003.asd	390	739.000	14370.900
WYF00003.asd	391	740.000	14516.410
WYF00003.asd	392	741.000	14646.740
WYF00003.asd	393	742.000	14774.652
WYF00003.asd	394	743.000	14895.124
WYF00003.asd	395	744.000	15006.907
WYF00003.asd	396	745.000	15117.951
WYF00003.asd	397	746.000	15215.974
WYF00003.asd	398	747.000	15307.962
WYF00003.asd	399	748.000	15400.884
WYF00003.asd	400	749.000	15482.582
WYF00003.asd	401	750.000	15557.924
WYF00003.asd	402	751.000	15627.455
WYF00003.asd	403	752.000	15689.488
WYF00003.asd	404	753.000	15746.610
WYF00003.asd	405	754.000	15799.189
WYF00003.asd	406	755.000	15848.026
WYF00003.asd	407	756.000	15894.798
WYF00003.asd	408	757.000	15934.176
WYF00003.asd	409	758.000	15969.371
WYF00003.asd	410	759.000	16003.071
WYF00003.asd	411	760.000	16028.506
WYF00003.asd	412	761.000	16059.273
WYF00003.asd	413	762.000	16094.220
WYF00003.asd	414	763.000	16124.976
WYF00003.asd	415	764.000	16152.177
WYF00003.asd	416	765.000	16176.005
WYF00003.asd	417	766.000	16197.014
WYF00003.asd	418	767.000	16216.028
WYF00003.asd	419	768.000	16232.311
WYF00003.asd	420	769.000	16248.240
WYF00003.asd	421	770.000	16263.208
WYF00003.asd	422	771.000	16267.048
WYF00003.asd	423	772.000	16274.506
WYF00003.asd	424	773.000	16281.669
WYF00003.asd	425	774.000	16280.022
WYF00003.asd	426	775.000	16278.470
WYF00003.asd	427	776.000	16273.146
WYF00003.asd	428	777.000	16265.667
WYF00003.asd	429	778.000	16261.885
WYF00003.asd	430	779.000	16253.064
WYF00003.asd	431	780.000	16242.364
WYF00003.asd	432	781.000	16230.556
WYF00003.asd	433	782.000	16210.913
WYF00003.asd	434	783.000	16188.573
WYF00003.asd	435	784.000	16165.081
WYF00003.asd	436	785.000	16141.054
WYF00003.asd	437	786.000	16118.121
WYF00003.asd	438	787.000	16091.539
WYF00003.asd	439	788.000	16059.687
WYF00003.asd	440	789.000	16023.753
WYF00003.asd	441	790.000	15988.292
WYF00003.asd	442	791.000	15956.505
WYF00003.asd	443	792.000	15925.898
WYF00003.asd	444	793.000	15888.014
WYF00003.asd	445	794.000	15846.680
WYF00003.asd	446	795.000	15801.994
WYF00003.asd	447	796.000	15753.927
WYF00003.asd	448	797.000	15704.001
WYF00003.asd	449	798.000	15647.858
WYF00003.asd	450	799.000	15588.223
WYF00003.asd	451	800.000	15529.578
WYF00003.asd	452	801.000	15470.043
WYF00003.asd	453	802.000	15417.059
WYF00003.asd	454	803.000	15369.084
WYF00003.asd	455	804.000	15318.292
WYF00003.asd	456	805.000	15266.910
WYF00003.asd	457	806.000	15212.027
WYF00003.asd	458	807.000	15155.098
WYF00003.asd	459	808.000	15103.816
WYF00003.asd	460	809.000	15053.390
WYF00003.asd	461	810.000	14999.928
WYF00003.asd	462	811.000	14940.030
WYF00003.asd	463	812.000	14870.147
WYF00003.asd	464	813.000	14802.021
WYF00003.asd	465	814.000	14732.294
WYF00003.asd	466	815.000	14655.156
WYF00003.asd	467	816.000	14583.809
WYF00003.asd	468	817.000	14513.013
WYF00003.asd	469	818.000	14442.953
WYF00003.asd	470	819.000	14377.276
WYF00003.asd	471	820.000	14308.341
WYF00003.asd	472	821.000	14238.272
WYF00003.asd	473	822.000	14167.460
WYF00003.asd	474	823.000	14092.675
WYF00003.asd	475	824.000	14021.423
WYF00003.asd	476	825.000	13949.843
WYF00003.asd	477	826.000	13873.765
WYF00003.asd	478	827.000	13794.086
WYF00003.asd	479	828.000	13714.928
WYF00003.asd	480	829.000	13635.591
WYF00003.asd	481	830.000	13554.074
WYF00003.asd	482	831.000	13471.174
WYF00003.asd	483	832.000	13385.729
WYF00003.asd	484	833.000	13300.617
WYF00003.asd	485	834.000	13219.782
WYF00003.asd	486	835.000	13136.909
WYF00003.asd	487	836.000	13054.282
WYF00003.asd	488	837.000	12973.795
WYF00003.asd	489	838.000	12895.605
WYF00003.asd	490	839.000	12812.290
WYF00003.asd	491	840.000	12730.656
WYF00003.asd	492	841.000	12652.704
WYF00003.asd	493	842.000	12568.452
WYF00003.asd	494	843.000	12490.070
WYF00003.asd	495	844.000	12411.410
WYF00003.asd	496	845.000	12327.275
WYF00003.asd	497	846.000	12248.437
WYF00003.asd	498	847.000	12172.258
WYF00003.asd	499	848.000	12094.607
WYF00003.asd	500	849.000	12013.272
WYF00003.asd	501	850.000	11937.465
WYF00003.asd	502	851.000	11863.540
WYF00003.asd	503	852.000	11787.736
WYF00003.asd	504	853.000	11707.732
WYF00003.asd	505	854.000	11629.003
WYF00003.asd	506	855.000	11549.039
WYF00003.asd	507	856.000	11470.076
WYF00003.asd	508	857.000	11398.006
WYF00003.asd	509	858.000	11315.792
WYF00003.asd	510	859.000	11232.159
WYF00003.asd	511	860.000	11153.694
WYF00003.asd	512	861.000	11077.384
WYF00003.asd	513	862.000	10996.928
WYF00003.asd	514	863.000	10914.801
WYF00003.asd	515	864.000	10833.736
WYF00003.asd	516	865.000	10751.889
WYF00003.asd	517	866.000	10669.063
WYF00003.asd	518	867.000	10588.840
WYF00003.asd	519	868.000	10512.600
WYF00003.asd	520	869.000	10430.680
WYF00003.asd	521	870.000	10348.759
WYF00003.asd	522	871.000	10268.150
WYF00003.asd	523	872.000	10187.938
WYF00003.asd	524	873.000	10107.125
WYF00003.asd	525	874.000	10025.973
WYF00003.asd	526	875.000	9945.304
WYF00003.asd	527	876.000	9865.446
WYF00003.asd	528	877.000	9780.879
WYF00003.asd	529	878.000	9700.185
WYF00003.asd	530	879.000	9622.835
WYF00003.asd	531	880.000	9539.964
WYF00003.asd	532	881.000	9456.864
WYF00003.asd	533	882.000	9373.411
WYF00003.asd	534	883.000	9291.251
WYF00003.asd	535	884.000	9214.193
WYF00003.asd	536	885.000	9131.969
WYF00003.asd	537	886.000	9048.565
WYF00003.asd	538	887.000	8967.356
WYF00003.asd	539	888.000	8886.102
WYF00003.asd	540	889.000	8807.690
WYF00003.asd	541	890.000	8728.699
WYF00003.asd	542	891.000	8647.649
WYF00003.asd	543	892.000	8570.409
WYF00003.asd	544	893.000	8493.216
WYF00003.asd	545	894.000	8414.970
WYF00003.asd	546	895.000	8336.459
WYF00003.asd	547	896.000	8261.532
WYF00003.asd	548	897.000	8187.108
WYF00003.asd	549	898.000	8110.346
WYF00003.asd	550	899.000	8031.298
WYF00003.asd	551	900.000	7959.124
WYF00003.asd	552	901.000	7889.349
WYF00003.asd	553	902.000	7818.766
WYF00003.asd	554	903.000	7745.894
WYF00003.asd	555	904.000	7673.340
WYF00003.asd	556	905.000	7601.109
WYF00003.asd	557	906.000	7529.304
WYF00003.asd	558	907.000	7457.878
WYF00003.asd	559	908.000	7385.800
WYF00003.asd	560	909.000	7313.407
WYF00003.asd	561	910.000	7240.959
WYF00003.asd	562	911.000	7168.488
WYF00003.asd	563	912.000	7095.014
WYF00003.asd	564	913.000	7024.041
WYF00003.asd	565	914.000	6952.800
WYF00003.asd	566	915.000	6875.479
WYF00003.asd	567	916.000	6801.846
WYF00003.asd	568	917.000	6730.300
WYF00003.asd	569	918.000	6659.065
WYF00003.asd	570	919.000	6587.183
WYF00003.asd	571	920.000	6512.874
WYF00003.asd	572	921.000	6438.024
WYF00003.asd	573	922.000	6364.743
WYF00003.asd	574	923.000	6294.029
WYF00003.asd	575	924.000	6220.051
WYF00003.asd	576	925.000	6143.162
WYF00003.asd	577	926.000	6064.591
WYF00003.asd	578	927.000	5985.496
WYF00003.asd	579	928.000	5906.785
WYF00003.asd	580	929.000	5828.972
WYF00003.asd	581	930.000	5750.433
WYF00003.asd	582	931.000	5668.187
WYF00003.asd	583	932.000	5590.230
WYF00003.asd	584	933.000	5513.359
WYF00003.asd	585	934.000	5436.311
WYF00003.asd	586	935.000	5362.060
WYF00003.asd	587	936.000	5289.637
WYF00003.asd	588	937.000	5219.390
WYF00003.asd	589	938.000	5150.763
WYF00003.asd	590	939.000	5082.019
WYF00003.asd	591	940.000	5012.311
WYF00003.asd	592	941.000	4943.560
WYF00003.asd	593	942.000	4875.361
WYF00003.asd	594	943.000	4804.489
WYF00003.asd	595	944.000	4735.397
WYF00003.asd	596	945.000	4666.375
WYF00003.asd	597	946.000	4597.615
WYF00003.asd	598	947.000	4532.247
WYF00003.asd	599	948.000	4467.560
WYF00003.asd	600	949.000	4403.308
WYF00003.asd	601	950.000	4340.151
WYF00003.asd	602	951.000	4278.986
WYF00003.asd	603	952.000	4216.418
WYF00003.asd	604	953.000	4157.740
WYF00003.asd	605	954.000	4101.743
WYF00003.asd	606	955.000	4040.662
WYF00003.asd	607	956.000	3983.589
WYF00003.asd	608	957.000	3927.282
WYF00003.asd	609	958.000	3871.024
WYF00003.asd	610	959.000	3817.266
WYF00003.asd	611	960.000	3760.288
WYF00003.asd	612	961.000	3705.824
WYF00003.asd	613	962.000	3654.050
WYF00003.asd	614	963.000	3600.274
WYF00003.asd	615	964.000	3549.254
WYF00003.asd	616	965.000	3498.929
WYF00003.asd	617	966.000	3447.719
WYF00003.asd	618	967.000	3395.591
WYF00003.asd	619	968.000	3345.536
WYF00003.asd	620	969.000	3298.569
WYF00003.asd	621	970.000	3250.784
WYF00003.asd	622	971.000	3198.225
WYF00003.asd	623	972.000	3151.456
WYF00003.asd	624	973.000	3104.346
WYF00003.asd	625	974.000	3056.392
WYF00003.asd	626	975.000	3009.898
WYF00003.asd	627	976.000	2963.287
WYF00003.asd	628	977.000	2918.399
WYF00003.asd	629	978.000	2872.665
WYF00003.asd	630	979.000	2824.529
WYF00003.asd	631	980.000	2782.240
WYF00003.asd	632	981.000	2738.475
WYF00003.asd	633	982.000	2693.951
WYF00003.asd	634	983.000	2650.487
WYF00003.asd	635	984.000	2605.018
WYF00003.asd	636	985.000	2561.930
WYF00003.asd	637	986.000	2519.711
WYF00003.asd	638	987.000	2476.538
WYF00003.asd	639	988.000	2433.377
WYF00003.asd	640	989.000	2389.806
WYF00003.asd	641	990.000	2346.571
WYF00003.asd	642	991.000	2304.504
WYF00003.asd	643	992.000	2263.961
WYF00003.asd	644	993.000	2222.873
WYF00003.asd	645	994.000	2182.182
WYF00003.asd	646	995.000	2142.184
WYF00003.asd	647	996.000	2102.166
WYF00003.asd	648	997.000	2063.485
WYF00003.asd	649	998.000	2024.555
WYF00003.asd	650	999.000	1985.353
WYF00003.asd	651	1000.000	1947.119
WYF00003.asd	652	1001.000	7891.843
WYF00003.asd	653	1002.000	7942.762
WYF00003.asd	654	1003.000	7988.900
WYF00003.asd	655	1004.000	8039.679
WYF00003.asd	656	1005.000	8093.357
WYF00003.asd	657	1006.000	8146.690
WYF00003.asd	658	1007.000	8201.157
WYF00003.asd	659	1008.000	8256.341
WYF00003.asd	660	1009.000	8310.882
WYF00003.asd	661	1010.000	8369.652
WYF00003.asd	662	1011.000	8432.430
WYF00003.asd	663	1012.000	8492.431
WYF00003.asd	664	1013.000	8554.390
WYF00003.asd	665	1014.000	8621.444
WYF00003.asd	666	1015.000	8689.903
WYF00003.asd	667	1016.000	8757.351
WYF00003.asd	668	1017.000	8822.722
WYF00003.asd	669	1018.000	8888.486
WYF00003.asd	670	1019.000	8955.984
WYF00003.asd	671	1020.000	9018.410
WYF00003.asd	672	1021.000	9086.928
WYF00003.asd	673	1022.000	9165.922
WYF00003.asd	674	1023.000	9234.950
WYF00003.asd	675	1024.000	9299.745
WYF00003.asd	676	1025.000	9367.702
WYF00003.asd	677	1026.000	9428.092
WYF00003.asd	678	1027.000	9490.853
WYF00003.asd	679	1028.000	9557.117
WYF00003.asd	680	1029.000	9617.256
WYF00003.asd	681	1030.000	9676.645
WYF00003.asd	682	1031.000	9732.844
WYF00003.asd	683	1032.000	9787.253
WYF00003.asd	684	1033.000	9839.289
WYF00003.asd	685	1034.000	9888.636
WYF00003.asd	686	1035.000	9936.789
WYF00003.asd	687	1036.000	9981.936
WYF00003.asd	688	1037.000	10023.528
WYF00003.asd	689	1038.000	10060.531
WYF00003.asd	690	1039.000	10100.780
WYF00003.asd	691	1040.000	10135.654
WYF00003.asd	692	1041.000	10166.656
WYF00003.asd	693	1042.000	10204.823
WYF00003.asd	694	1043.000	10240.580
WYF00003.asd	695	1044.000	10268.620
WYF00003.asd	696	1045.000	10298.558
WYF00003.asd	697	1046.000	10327.205
WYF00003.asd	698	1047.000	10357.368
WYF00003.asd	699	1048.000	10392.196
WYF00003.asd	700	1049.000	10424.855
WYF00003.asd	701	1050.000	10459.049
WYF00003.asd	702	1051.000	10493.107
WYF00003.asd	703	1052.000	10525.093
WYF00003.asd	704	1053.000	10557.513
WYF00003.asd	705	1054.000	10594.971
WYF00003.asd	706	1055.000	10631.711
WYF00003.asd	707	1056.000	10669.922
WYF00003.asd	708	1057.000	10712.194
WYF00003.asd	709	1058.000	10759.848
WYF00003.asd	710	1059.000	10808.409
WYF00003.asd	711	1060.000	10852.929
WYF00003.asd	712	1061.000	10901.746
WYF00003.asd	713	1062.000	10953.928
WYF00003.asd	714	1063.000	11005.448
WYF00003.asd	715	1064.000	11060.887
WYF00003.asd	716	1065.000	11122.335
WYF00003.asd	717	1066.000	11183.647
WYF00003.asd	718	1067.000	11243.114
WYF00003.asd	719	1068.000	11308.194
WYF00003.asd	720	1069.000	11374.406
WYF00003.asd	721	1070.000	11448.218
WYF00003.asd	722	1071.000	11526.903
WYF00003.asd	723	1072.000	11601.980
WYF00003.asd	724	1073.000	11684.990
WYF00003.asd	725	1074.000	11768.913
WYF00003.asd	726	1075.000	11853.262
WYF00003.asd	727	1076.000	11944.836
WYF00003.asd	728	1077.000	12034.350
WYF00003.asd	729	1078.000	12130.303
WYF00003.asd	730	1079.000	12229.573
WYF00003.asd	731	1080.000	12331.548
WYF00003.asd	732	1081.000	12433.519
WYF00003.asd	733	1082.000	12549.866
WYF00003.asd	734	1083.000	12669.932
WYF00003.asd	735	1084.000	12789.042
WYF00003.asd	736	1085.000	12915.222
WYF00003.asd	737	1086.000	13035.389
WYF00003.asd	738	1087.000	13158.647
WYF00003.asd	739	1088.000	13290.492
WYF00003.asd	740	1089.000	13420.920
WYF00003.asd	741	1090.000	13562.381
WYF00003.asd	742	1091.000	13702.728
WYF00003.asd	743	1092.000	13837.249
WYF00003.asd	744	1093.000	13979.563
WYF00003.asd	745	1094.000	14115.720
WYF00003.asd	746	1095.000	14252.428
WYF00003.asd	747	1096.000	14387.390
WYF00003.asd	748	1097.000	14524.566
WYF00003.asd	749	1098.000	14658.035
WYF00003.asd	750	1099.000	14801.294
WYF00003.asd	751	1100.000	14946.121
WYF00003.asd	752	1101.000	15082.603
WYF00003.asd	753	1102.000	15215.453
WYF00003.asd	754	1103.000	15335.767
WYF00003.asd	755	1104.000	15450.664
WYF00003.asd	756	1105.000	15568.367
WYF00003.asd	757	1106.000	15679.896
WYF00003.asd	758	1107.000	15792.441
WYF00003.asd	759	1108.000	15902.532
WYF00003.asd	760	1109.000	16002.155
WYF00003.asd	761	1110.000	16096.428
WYF00003.asd	762	1111.000	16186.418
WYF00003.asd	763	1112.000	16271.850
WYF00003.asd	764	1113.000	16352.756
WYF00003.asd	765	1114.000	16422.815
WYF00003.asd	766	1115.000	16484.409
WYF00003.asd	767	1116.000	16542.262
WYF00003.asd	768	1117.000	16583.300
WYF00003.asd	769	1118.000	16617.867
WYF00003.asd	770	1119.000	16650.458
WYF00003.asd	771	1120.000	16675.954
WYF00003.asd	772	1121.000	16697.900
WYF00003.asd	773	1122.000	16715.351
WYF00003.asd	774	1123.000	16732.386
WYF00003.asd	775	1124.000	16748.590
WYF00003.asd	776	1125.000	16763.374
WYF00003.asd	777	1126.000	16777.795
WYF00003.asd	778	1127.000	16785.999
WYF00003.asd	779	1128.000	16794.094
WYF00003.asd	780	1129.000	16789.298
WYF00003.asd	781	1130.000	16773.849
WYF00003.asd	782	1131.000	16756.724
WYF00003.asd	783	1132.000	16734.584
WYF00003.asd	784	1133.000	16715.663
WYF00003.asd	785	1134.000	16699.206
WYF00003.asd	786	1135.000	16680.366
WYF00003.asd	787	1136.000	16664.393
WYF00003.asd	788	1137.000	16645.711
WYF00003.asd	789	1138.000	16635.951
WYF00003.asd	790	1139.000	16632.551
WYF00003.asd	791	1140.000	16632.504
WYF00003.asd	792	1141.000	16635.632
WYF00003.asd	793	1142.000	16632.144
WYF00003.asd	794	1143.000	16626.479
WYF00003.asd	795	1144.000	16619.201
WYF00003.asd	796	1145.000	16605.170
WYF00003.asd	797	1146.000	16595.436
WYF00003.asd	798	1147.000	16587.579
WYF00003.asd	799	1148.000	16578.144
WYF00003.asd	800	1149.000	16569.955
WYF00003.asd	801	1150.000	16561.430
WYF00003.asd	802	1151.000	16550.034
WYF00003.asd	803	1152.000	16543.279
WYF00003.asd	804	1153.000	16540.117
WYF00003.asd	805	1154.000	16539.491
WYF00003.asd	806	1155.000	16543.735
WYF00003.asd	807	1156.000	16543.656
WYF00003.asd	808	1157.000	16542.363
WYF00003.asd	809	1158.000	16541.486
WYF00003.asd	810	1159.000	16539.568
WYF00003.asd	811	1160.000	16536.023
WYF00003.asd	812	1161.000	16534.882
WYF00003.asd	813	1162.000	16531.253
WYF00003.asd	814	1163.000	16532.688
WYF00003.asd	815	1164.000	16536.434
WYF00003.asd	816	1165.000	16545.117
WYF00003.asd	817	1166.000	16551.853
WYF00003.asd	818	1167.000	16560.721
WYF00003.asd	819	1168.000	16567.755
WYF00003.asd	820	1169.000	16573.570
WYF00003.asd	821	1170.000	16583.300
WYF00003.asd	822	1171.000	16592.754
WYF00003.asd	823	1172.000	16603.304
WYF00003.asd	824	1173.000	16614.464
WYF00003.asd	825	1174.000	16623.934
WYF00003.asd	826	1175.000	16631.598
WYF00003.asd	827	1176.000	16640.817
WYF00003.asd	828	1177.000	16651.178
WYF00003.asd	829	1178.000	16658.222
WYF00003.asd	830	1179.000	16665.273
WYF00003.asd	831	1180.000	16671.093
WYF00003.asd	832	1181.000	16670.432
WYF00003.asd	833	1182.000	16675.399
WYF00003.asd	834	1183.000	16682.558
WYF00003.asd	835	1184.000	16691.544
WYF00003.asd	836	1185.000	16700.644
WYF00003.asd	837	1186.000	16712.512
WYF00003.asd	838	1187.000	16720.722
WYF00003.asd	839	1188.000	16727.742
WYF00003.asd	840	1189.000	16740.966
WYF00003.asd	841	1190.000	16756.163
WYF00003.asd	842	1191.000	16774.472
WYF00003.asd	843	1192.000	16797.813
WYF00003.asd	844	1193.000	16821.702
WYF00003.asd	845	1194.000	16849.312
WYF00003.asd	846	1195.000	16872.141
WYF00003.asd	847	1196.000	16892.770
WYF00003.asd	848	1197.000	16918.008
WYF00003.asd	849	1198.000	16942.444
WYF00003.asd	850	1199.000	16969.057
WYF00003.asd	851	1200.000	17003.106
WYF00003.asd	852	1201.000	17033.492
WYF00003.asd	853	1202.000	17062.524
WYF00003.asd	854	1203.000	17087.963
WYF00003.asd	855	1204.000	17118.446
WYF00003.asd	856	1205.000	17143.595
WYF00003.asd	857	1206.000	17170.999
WYF00003.asd	858	1207.000	17201.805
WYF00003.asd	859	1208.000	17229.761
WYF00003.asd	860	1209.000	17263.376
WYF00003.asd	861	1210.000	17299.702
WYF00003.asd	862	1211.000	17338.782
WYF00003.asd	863	1212.000	17378.433
WYF00003.asd	864	1213.000	17418.344
WYF00003.asd	865	1214.000	17466.076
WYF00003.asd	866	1215.000	17518.024
WYF00003.asd	867	1216.000	17570.956
WYF00003.asd	868	1217.000	17631.758
WYF00003.asd	869	1218.000	17691.180
WYF00003.asd	870	1219.000	17745.804
WYF00003.asd	871	1220.000	17808.724
WYF00003.asd	872	1221.000	17879.336
WYF00003.asd	873	1222.000	17949.303
WYF00003.asd	874	1223.000	18019.451
WYF00003.asd	875	1224.000	18087.944
WYF00003.asd	876	1225.000	18149.318
WYF00003.asd	877	1226.000	18212.275
WYF00003.asd	878	1227.000	18276.242
WYF00003.asd	879	1228.000	18338.756
WYF00003.asd	880	1229.000	18400.884
WYF00003.asd	881	1230.000	18464.856
WYF00003.asd	882	1231.000	18522.983
WYF00003.asd	883	1232.000	18580.060
WYF00003.asd	884	1233.000	18631.246
WYF00003.asd	885	1234.000	18675.313
WYF00003.asd	886	1235.000	18722.884
WYF00003.asd	887	1236.000	18768.763
WYF00003.asd	888	1237.000	18812.986
WYF00003.asd	889	1238.000	18855.108
WYF00003.asd	890	1239.000	18899.542
WYF00003.asd	891	1240.000	18944.216
WYF00003.asd	892	1241.000	18987.048
WYF00003.asd	893	1242.000	19031.714
WYF00003.asd	894	1243.000	19076.565
WYF00003.asd	895	1244.000	19114.468
WYF00003.asd	896	1245.000	19151.256
WYF00003.asd	897	1246.000	19188.009
WYF00003.asd	898	1247.000	19223.569
WYF00003.asd	899	1248.000	19257.344
WYF00003.asd	900	1249.000	19289.910
WYF00003.asd	901	1250.000	19319.360
WYF00003.asd	902	1251.000	19349.323
WYF00003.asd	903	1252.000	19371.104
WYF00003.asd	904	1253.000	19389.502
WYF00003.asd	905	1254.000	19402.735
WYF00003.asd	906	1255.000	19410.232
WYF00003.asd	907	1256.000	19412.412
WYF00003.asd	908	1257.000	19408.442
WYF00003.asd	909	1258.000	19402.309
WYF00003.asd	910	1259.000	19392.397
WYF00003.asd	911	1260.000	19376.415
WYF00003.asd	912	1261.000	19355.216
WYF00003.asd	913	1262.000	19332.690
WYF00003.asd	914	1263.000	19303.735
WYF00003.asd	915	1264.000	19273.144
WYF00003.asd	916	1265.000	19243.329
WYF00003.asd	917	1266.000	19215.609
WYF00003.asd	918	1267.000	19189.727
WYF00003.asd	919	1268.000	19162.059
WYF00003.asd	920	1269.000	19134.447
WYF00003.asd	921	1270.000	19105.283
WYF00003.asd	922	1271.000	19082.844
WYF00003.asd	923	1272.000	19061.625
WYF00003.asd	924	1273.000	19043.238
WYF00003.asd	925	1274.000	19031.188
WYF00003.asd	926	1275.000	19018.388
WYF00003.asd	927	1276.000	19002.645
WYF00003.asd	928	1277.000	18993.741
WYF00003.asd	929	1278.000	18987.607
WYF00003.asd	930	1279.000	18987.915
WYF00003.asd	931	1280.000	18996.350
WYF00003.asd	932	1281.000	19003.797
WYF00003.asd	933	1282.000	19016.742
WYF00003.asd	934	1283.000	19028.723
WYF00003.asd	935	1284.000	19038.993
WYF00003.asd	936	1285.000	19051.365
WYF00003.asd	937	1286.000	19069.493
WYF00003.asd	938	1287.000	19087.838
WYF00003.asd	939	1288.000	19110.661
WYF00003.asd	940	1289.000	19136.954
WYF00003.asd	941	1290.000	19161.190
WYF00003.asd	942	1291.000	19186.331
WYF00003.asd	943	1292.000	19211.180
WYF00003.asd	944	1293.000	19236.031
WYF00003.asd	945	1294.000	19260.182
WYF00003.asd	946	1295.000	19284.354
WYF00003.asd	947	1296.000	19308.206
WYF00003.asd	948	1297.000	19329.333
WYF00003.asd	949	1298.000	19354.583
WYF00003.asd	950	1299.000	19382.978
WYF00003.asd	951	1300.000	19409.740
WYF00003.asd	952	1301.000	19441.353
WYF00003.asd	953	1302.000	19466.212
WYF00003.asd	954	1303.000	19486.840
WYF00003.asd	955	1304.000	19506.517
WYF00003.asd	956	1305.000	19520.577
WYF00003.asd	957	1306.000	19536.676
WYF00003.asd	958	1307.000	19553.423
WYF00003.asd	959	1308.000	19570.582
WYF00003.asd	960	1309.000	19581.162
WYF00003.asd	961	1310.000	19594.022
WYF00003.asd	962	1311.000	19601.435
WYF00003.asd	963	1312.000	19603.029
WYF00003.asd	964	1313.000	19606.414
WYF00003.asd	965	1314.000	19608.874
WYF00003.asd	966	1315.000	19610.012
WYF00003.asd	967	1316.000	19611.944
WYF00003.asd	968	1317.000	19607.854
WYF00003.asd	969	1318.000	19599.692
WYF00003.asd	970	1319.000	19591.988
WYF00003.asd	971	1320.000	19581.017
WYF00003.asd	972	1321.000	19569.281
WYF00003.asd	973	1322.000	19559.448
WYF00003.asd	974	1323.000	19544.209
WYF00003.asd	975	1324.000	19525.301
WYF00003.asd	976	1325.000	19503.445
WYF00003.asd	977	1326.000	19478.368
WYF00003.asd	978	1327.000	19450.589
WYF00003.asd	979	1328.000	19419.126
WYF00003.asd	980	1329.000	19386.004
WYF00003.asd	981	1330.000	19351.400
WYF00003.asd	982	1331.000	19313.358
WYF00003.asd	983	1332.000	19273.389
WYF00003.asd	984	1333.000	19228.961
WYF00003.asd	985	1334.000	19182.217
WYF00003.asd	986	1335.000	19131.880
WYF00003.asd	987	1336.000	19080.244
WYF00003.asd	988	1337.000	19026.839
WYF00003.asd	989	1338.000	18969.419
WYF00003.asd	990	1339.000	18910.769
WYF00003.asd	991	1340.000	18845.294
WYF00003.asd	992	1341.000	18776.205
WYF00003.asd	993	1342.000	18700.536
WYF00003.asd	994	1343.000	18622.237
WYF00003.asd	995	1344.000	18530.951
WYF00003.asd	996	1345.000	18435.317
WYF00003.asd	997	1346.000	18323.369
WYF00003.asd	998	1347.000	18200.462
WYF00003.asd	999	1348.000	18063.061
WYF00003.asd	1000	1349.000	17906.386
WYF00003.asd	1001	1350.000	17748.191
WYF00003.asd	1002	1351.000	17580.339
WYF00003.asd	1003	1352.000	17403.656
WYF00003.asd	1004	1353.000	17215.795
WYF00003.asd	1005	1354.000	17029.804
WYF00003.asd	1006	1355.000	16828.408
WYF00003.asd	1007	1356.000	16638.513
WYF00003.asd	1008	1357.000	16443.201
WYF00003.asd	1009	1358.000	16268.134
WYF00003.asd	1010	1359.000	16101.410
WYF00003.asd	1011	1360.000	15947.261
WYF00003.asd	1012	1361.000	15813.841
WYF00003.asd	1013	1362.000	15707.636
WYF00003.asd	1014	1363.000	15625.448
WYF00003.asd	1015	1364.000	15566.368
WYF00003.asd	1016	1365.000	15526.657
WYF00003.asd	1017	1366.000	15517.954
WYF00003.asd	1018	1367.000	15511.919
WYF00003.asd	1019	1368.000	15526.216
WYF00003.asd	1020	1369.000	15538.167
WYF00003.asd	1021	1370.000	15570.046
WYF00003.asd	1022	1371.000	15578.944
WYF00003.asd	1023	1372.000	15602.144
WYF00003.asd	1024	1373.000	15578.009
WYF00003.asd	1025	1374.000	15545.312
WYF00003.asd	1026	1375.000	15459.158
WYF00003.asd	1027	1376.000	15334.549
WYF00003.asd	1028	1377.000	15172.224
WYF00003.asd	1029	1378.000	14946.029
WYF00003.asd	1030	1379.000	14728.267
WYF00003.asd	1031	1380.000	14459.549
WYF00003.asd	1032	1381.000	14227.045
WYF00003.asd	1033	1382.000	13982.468
WYF00003.asd	1034	1383.000	13780.810
WYF00003.asd	1035	1384.000	13618.645
WYF00003.asd	1036	1385.000	13458.606
WYF00003.asd	1037	1386.000	13328.562
WYF00003.asd	1038	1387.000	13208.448
WYF00003.asd	1039	1388.000	13070.115
WYF00003.asd	1040	1389.000	12929.348
WYF00003.asd	1041	1390.000	12762.779
WYF00003.asd	1042	1391.000	12580.805
WYF00003.asd	1043	1392.000	12392.770
WYF00003.asd	1044	1393.000	12181.359
WYF00003.asd	1045	1394.000	11981.996
WYF00003.asd	1046	1395.000	11775.483
WYF00003.asd	1047	1396.000	11586.521
WYF00003.asd	1048	1397.000	11401.223
WYF00003.asd	1049	1398.000	11225.421
WYF00003.asd	1050	1399.000	11062.079
WYF00003.asd	1051	1400.000	10902.187
WYF00003.asd	1052	1401.000	10746.239
WYF00003.asd	1053	1402.000	10597.395
WYF00003.asd	1054	1403.000	10458.594
WYF00003.asd	1055	1404.000	10321.889
WYF00003.asd	1056	1405.000	10186.154
WYF00003.asd	1057	1406.000	10061.727
WYF00003.asd	1058	1407.000	9942.220
WYF00003.asd	1059	1408.000	9834.101
WYF00003.asd	1060	1409.000	9737.627
WYF00003.asd	1061	1410.000	9646.484
WYF00003.asd	1062	1411.000	9565.907
WYF00003.asd	1063	1412.000	9488.658
WYF00003.asd	1064	1413.000	9419.464
WYF00003.asd	1065	1414.000	9351.635
WYF00003.asd	1066	1415.000	9287.627
WYF00003.asd	1067	1416.000	9226.742
WYF00003.asd	1068	1417.000	9168.250
WYF00003.asd	1069	1418.000	9113.311
WYF00003.asd	1070	1419.000	9062.703
WYF00003.asd	1071	1420.000	9013.544
WYF00003.asd	1072	1421.000	8970.564
WYF00003.asd	1073	1422.000	8932.233
WYF00003.asd	1074	1423.000	8894.998
WYF00003.asd	1075	1424.000	8862.718
WYF00003.asd	1076	1425.000	8830.358
WYF00003.asd	1077	1426.000	8798.545
WYF00003.asd	1078	1427.000	8769.561
WYF00003.asd	1079	1428.000	8744.405
WYF00003.asd	1080	1429.000	8717.527
WYF00003.asd	1081	1430.000	8690.901
WYF00003.asd	1082	1431.000	8666.180
WYF00003.asd	1083	1432.000	8638.989
WYF00003.asd	1084	1433.000	8619.998
WYF00003.asd	1085	1434.000	8606.418
WYF00003.asd	1086	1435.000	8593.167
WYF00003.asd	1087	1436.000	8585.421
WYF00003.asd	1088	1437.000	8576.324
WYF00003.asd	1089	1438.000	8566.772
WYF00003.asd	1090	1439.000	8559.147
WYF00003.asd	1091	1440.000	8554.140
WYF00003.asd	1092	1441.000	8548.258
WYF00003.asd	1093	1442.000	8541.533
WYF00003.asd	1094	1443.000	8537.633
WYF00003.asd	1095	1444.000	8533.568
WYF00003.asd	1096	1445.000	8532.716
WYF00003.asd	1097	1446.000	8535.678
WYF00003.asd	1098	1447.000	8538.946
WYF00003.asd	1099	1448.000	8544.999
WYF00003.asd	1100	1449.000	8550.152
WYF00003.asd	1101	1450.000	8553.615
WYF00003.asd	1102	1451.000	8560.673
WYF00003.asd	1103	1452.000	8571.991
WYF00003.asd	1104	1453.000	8580.237
WYF00003.asd	1105	1454.000	8588.798
WYF00003.asd	1106	1455.000	8598.292
WYF00003.asd	1107	1456.000	8606.283
WYF00003.asd	1108	1457.000	8609.300
WYF00003.asd	1109	1458.000	8615.333
WYF00003.asd	1110	1459.000	8622.751
WYF00003.asd	1111	1460.000	8628.801
WYF00003.asd	1112	1461.000	8634.011
WYF00003.asd	1113	1462.000	8639.542
WYF00003.asd	1114	1463.000	8643.754
WYF00003.asd	1115	1464.000	8652.008
WYF00003.asd	1116	1465.000	8662.108
WYF00003.asd	1117	1466.000	8671.336
WYF00003.asd	1118	1467.000	8680.162
WYF00003.asd	1119	1468.000	8695.480
WYF00003.asd	1120	1469.000	8711.288
WYF00003.asd	1121	1470.000	8731.957
WYF00003.asd	1122	1471.000	8761.544
WYF00003.asd	1123	1472.000	8787.174
WYF00003.asd	1124	1473.000	8812.279
WYF00003.asd	1125	1474.000	8839.134
WYF00003.asd	1126	1475.000	8867.271
WYF00003.asd	1127	1476.000	8896.062
WYF00003.asd	1128	1477.000	8925.666
WYF00003.asd	1129	1478.000	8956.286
WYF00003.asd	1130	1479.000	8986.794
WYF00003.asd	1131	1480.000	9019.462
WYF00003.asd	1132	1481.000	9054.397
WYF00003.asd	1133	1482.000	9089.488
WYF00003.asd	1134	1483.000	9126.478
WYF00003.asd	1135	1484.000	9163.383
WYF00003.asd	1136	1485.000	9201.045
WYF00003.asd	1137	1486.000	9237.789
WYF00003.asd	1138	1487.000	9274.519
WYF00003.asd	1139	1488.000	9311.064
WYF00003.asd	1140	1489.000	9346.170
WYF00003.asd	1141	1490.000	9382.861
WYF00003.asd	1142	1491.000	9420.054
WYF00003.asd	1143	1492.000	9457.859
WYF00003.asd	1144	1493.000	9498.507
WYF00003.asd	1145	1494.000	9536.391
WYF00003.asd	1146	1495.000	9573.014
WYF00003.asd	1147	1496.000	9609.738
WYF00003.asd	1148	1497.000	9644.495
WYF00003.asd	1149	1498.000	9679.600
WYF00003.asd	1150	1499.000	9713.484
WYF00003.asd	1151	1500.000	9750.884
WYF00003.asd	1152	1501.000	9787.314
WYF00003.asd	1153	1502.000	9823.262
WYF00003.asd	1154	1503.000	9858.621
WYF00003.asd	1155	1504.000	9891.595
WYF00003.asd	1156	1505.000	9924.357
WYF00003.asd	1157	1506.000	9954.010
WYF00003.asd	1158	1507.000	9988.100
WYF00003.asd	1159	1508.000	10023.503
WYF00003.asd	1160	1509.000	10059.381
WYF00003.asd	1161	1510.000	10097.828
WYF00003.asd	1162	1511.000	10133.455
WYF00003.asd	1163	1512.000	10168.415
WYF00003.asd	1164	1513.000	10202.876
WYF00003.asd	1165	1514.000	10235.676
WYF00003.asd	1166	1515.000	10270.468
WYF00003.asd	1167	1516.000	10305.726
WYF00003.asd	1168	1517.000	10341.753
WYF00003.asd	1169	1518.000	10380.251
WYF00003.asd	1170	1519.000	10414.662
WYF00003.asd	1171	1520.000	10447.275
WYF00003.asd	1172	1521.000	10480.097
WYF00003.asd	1173	1522.000	10509.721
WYF00003.asd	1174	1523.000	10543.002
WYF00003.asd	1175	1524.000	10579.988
WYF00003.asd	1176	1525.000	10613.199
WYF00003.asd	1177	1526.000	10646.371
WYF00003.asd	1178	1527.000	10677.370
WYF00003.asd	1179	1528.000	10703.731
WYF00003.asd	1180	1529.000	10734.019
WYF00003.asd	1181	1530.000	10768.745
WYF00003.asd	1182	1531.000	10796.596
WYF00003.asd	1183	1532.000	10821.601
WYF00003.asd	1184	1533.000	10847.976
WYF00003.asd	1185	1534.000	10869.234
WYF00003.asd	1186	1535.000	10893.406
WYF00003.asd	1187	1536.000	10922.641
WYF00003.asd	1188	1537.000	10947.491
WYF00003.asd	1189	1538.000	10969.845
WYF00003.asd	1190	1539.000	10992.032
WYF00003.asd	1191	1540.000	11012.008
WYF00003.asd	1192	1541.000	11033.690
WYF00003.asd	1193	1542.000	11056.884
WYF00003.asd	1194	1543.000	11077.349
WYF00003.asd	1195	1544.000	11096.290
WYF00003.asd	1196	1545.000	11116.481
WYF00003.asd	1197	1546.000	11134.211
WYF00003.asd	1198	1547.000	11154.141
WYF00003.asd	1199	1548.000	11179.976
WYF00003.asd	1200	1549.000	11199.844
WYF00003.asd	1201	1550.000	11213.624
WYF00003.asd	1202	1551.000	11232.915
WYF00003.asd	1203	1552.000	11251.778
WYF00003.asd	1204	1553.000	11271.331
WYF00003.asd	1205	1554.000	11299.102
WYF00003.asd	1206	1555.000	11319.632
WYF00003.asd	1207	1556.000	11335.008
WYF00003.asd	1208	1557.000	11350.472
WYF00003.asd	1209	1558.000	11361.222
WYF00003.asd	1210	1559.000	11373.933
WYF00003.asd	1211	1560.000	11387.558
WYF00003.asd	1212	1561.000	11401.318
WYF00003.asd	1213	1562.000	11414.565
WYF00003.asd	1214	1563.000	11430.971
WYF00003.asd	1215	1564.000	11444.830
WYF00003.asd	1216	1565.000	11453.348
WYF00003.asd	1217	1566.000	11459.883
WYF00003.asd	1218	1567.000	11465.849
WYF00003.asd	1219	1568.000	11474.962
WYF00003.asd	1220	1569.000	11482.591
WYF00003.asd	1221	1570.000	11491.459
WYF00003.asd	1222	1571.000	11501.663
WYF00003.asd	1223	1572.000	11513.016
WYF00003.asd	1224	1573.000	11521.155
WYF00003.asd	1225	1574.000	11525.063
WYF00003.asd	1226	1575.000	11529.638
WYF00003.asd	1227	1576.000	11530.060
WYF00003.asd	1228	1577.000	11532.473
WYF00003.asd	1229	1578.000	11539.923
WYF00003.asd	1230	1579.000	11548.200
WYF00003.asd	1231	1580.000	11556.483
WYF00003.asd	1232	1581.000	11561.122
WYF00003.asd	1233	1582.000	11562.022
WYF00003.asd	1234	1583.000	11564.354
WYF00003.asd	1235	1584.000	11571.026
WYF00003.asd	1236	1585.000	11576.925
WYF00003.asd	1237	1586.000	11582.615
WYF00003.asd	1238	1587.000	11592.709
WYF00003.asd	1239	1588.000	11595.532
WYF00003.asd	1240	1589.000	11593.851
WYF00003.asd	1241	1590.000	11592.906
WYF00003.asd	1242	1591.000	11588.837
WYF00003.asd	1243	1592.000	11586.991
WYF00003.asd	1244	1593.000	11586.022
WYF00003.asd	1245	1594.000	11583.811
WYF00003.asd	1246	1595.000	11580.456
WYF00003.asd	1247	1596.000	11579.239
WYF00003.asd	1248	1597.000	11578.694
WYF00003.asd	1249	1598.000	11576.644
WYF00003.asd	1250	1599.000	11575.349
WYF00003.asd	1251	1600.000	11575.816
WYF00003.asd	1252	1601.000	11575.606
WYF00003.asd	1253	1602.000	11574.437
WYF00003.asd	1254	1603.000	11576.445
WYF00003.asd	1255	1604.000	11572.420
WYF00003.asd	1256	1605.000	11564.356
WYF00003.asd	1257	1606.000	11556.180
WYF00003.asd	1258	1607.000	11547.130
WYF00003.asd	1259	1608.000	11535.569
WYF00003.asd	1260	1609.000	11520.919
WYF00003.asd	1261	1610.000	11507.353
WYF00003.asd	1262	1611.000	11491.176
WYF00003.asd	1263	1612.000	11478.034
WYF00003.asd	1264	1613.000	11468.713
WYF00003.asd	1265	1614.000	11453.532
WYF00003.asd	1266	1615.000	11436.558
WYF00003.asd	1267	1616.000	11418.633
WYF00003.asd	1268	1617.000	11398.044
WYF00003.asd	1269	1618.000	11375.445
WYF00003.asd	1270	1619.000	11352.213
WYF00003.asd	1271	1620.000	11327.860
WYF00003.asd	1272	1621.000	11299.830
WYF00003.asd	1273	1622.000	11272.835
WYF00003.asd	1274	1623.000	11245.499
WYF00003.asd	1275	1624.000	11219.619
WYF00003.asd	1276	1625.000	11194.336
WYF00003.asd	1277	1626.000	11166.533
WYF00003.asd	1278	1627.000	11139.797
WYF00003.asd	1279	1628.000	11112.197
WYF00003.asd	1280	1629.000	11081.790
WYF00003.asd	1281	1630.000	11051.808
WYF00003.asd	1282	1631.000	11023.833
WYF00003.asd	1283	1632.000	10990.267
WYF00003.asd	1284	1633.000	10951.857
WYF00003.asd	1285	1634.000	10918.156
WYF00003.asd	1286	1635.000	10884.177
WYF00003.asd	1287	1636.000	10849.849
WYF00003.asd	1288	1637.000	10819.101
WYF00003.asd	1289	1638.000	10781.165
WYF00003.asd	1290	1639.000	10737.994
WYF00003.asd	1291	1640.000	10698.616
WYF00003.asd	1292	1641.000	10659.483
WYF00003.asd	1293	1642.000	10616.770
WYF00003.asd	1294	1643.000	10576.070
WYF00003.asd	1295	1644.000	10528.617
WYF00003.asd	1296	1645.000	10474.222
WYF00003.asd	1297	1646.000	10420.642
WYF00003.asd	1298	1647.000	10365.285
WYF00003.asd	1299	1648.000	10307.606
WYF00003.asd	1300	1649.000	10247.755
WYF00003.asd	1301	1650.000	10189.474
WYF00003.asd	1302	1651.000	10129.644
WYF00003.asd	1303	1652.000	10068.222
WYF00003.asd	1304	1653.000	10006.800
WYF00003.asd	1305	1654.000	9942.297
WYF00003.asd	1306	1655.000	9874.689
WYF00003.asd	1307	1656.000	9811.757
WYF00003.asd	1308	1657.000	9749.320
WYF00003.asd	1309	1658.000	9688.551
WYF00003.asd	1310	1659.000	9628.736
WYF00003.asd	1311	1660.000	9569.022
WYF00003.asd	1312	1661.000	9510.346
WYF00003.asd	1313	1662.000	9447.812
WYF00003.asd	1314	1663.000	9390.940
WYF00003.asd	1315	1664.000	9332.302
WYF00003.asd	1316	1665.000	9277.303
WYF00003.asd	1317	1666.000	9227.473
WYF00003.asd	1318	1667.000	9177.704
WYF00003.asd	1319	1668.000	9129.625
WYF00003.asd	1320	1669.000	9082.834
WYF00003.asd	1321	1670.000	9036.789
WYF00003.asd	1322	1671.000	8993.105
WYF00003.asd	1323	1672.000	8949.375
WYF00003.asd	1324	1673.000	8906.815
WYF00003.asd	1325	1674.000	8867.486
WYF00003.asd	1326	1675.000	8828.356
WYF00003.asd	1327	1676.000	8798.623
WYF00003.asd	1328	1677.000	8769.777
WYF00003.asd	1329	1678.000	8733.545
WYF00003.asd	1330	1679.000	8700.017
WYF00003.asd	1331	1680.000	8665.951
WYF00003.asd	1332	1681.000	8629.343
WYF00003.asd	1333	1682.000	8591.729
WYF00003.asd	1334	1683.000	8551.962
WYF00003.asd	1335	1684.000	8511.416
WYF00003.asd	1336	1685.000	8468.647
WYF00003.asd	1337	1686.000	8426.909
WYF00003.asd	1338	1687.000	8389.327
WYF00003.asd	1339	1688.000	8345.918
WYF00003.asd	1340	1689.000	8302.092
WYF00003.asd	1341	1690.000	8265.081
WYF00003.asd	1342	1691.000	8227.201
WYF00003.asd	1343	1692.000	8187.705
WYF00003.asd	1344	1693.000	8147.655
WYF00003.asd	1345	1694.000	8103.687
WYF00003.asd	1346	1695.000	8059.198
WYF00003.asd	1347	1696.000	8018.271
WYF00003.asd	1348	1697.000	7975.638
WYF00003.asd	1349	1698.000	7930.716
WYF00003.asd	1350	1699.000	7886.001
WYF00003.asd	1351	1700.000	7841.507
WYF00003.asd	1352	1701.000	7793.595
WYF00003.asd	1353	1702.000	7745.525
WYF00003.asd	1354	1703.000	7701.086
WYF00003.asd	1355	1704.000	7655.582
WYF00003.asd	1356	1705.000	7614.596
WYF00003.asd	1357	1706.000	7576.111
WYF00003.asd	1358	1707.000	7534.801
WYF00003.asd	1359	1708.000	7492.052
WYF00003.asd	1360	1709.000	7442.592
WYF00003.asd	1361	1710.000	7393.745
WYF00003.asd	1362	1711.000	7348.893
WYF00003.asd	1363	1712.000	7301.758
WYF00003.asd	1364	1713.000	7258.599
WYF00003.asd	1365	1714.000	7213.400
WYF00003.asd	1366	1715.000	7163.102
WYF00003.asd	1367	1716.000	7119.328
WYF00003.asd	1368	1717.000	7077.632
WYF00003.asd	1369	1718.000	7035.975
WYF00003.asd	1370	1719.000	6995.973
WYF00003.asd	1371	1720.000	6948.479
WYF00003.asd	1372	1721.000	6904.838
WYF00003.asd	1373	1722.000	6861.365
WYF00003.asd	1374	1723.000	6822.631
WYF00003.asd	1375	1724.000	6788.978
WYF00003.asd	1376	1725.000	6753.651
WYF00003.asd	1377	1726.000	6720.035
WYF00003.asd	1378	1727.000	6687.615
WYF00003.asd	1379	1728.000	6654.691
WYF00003.asd	1380	1729.000	6622.182
WYF00003.asd	1381	1730.000	6590.017
WYF00003.asd	1382	1731.000	6563.273
WYF00003.asd	1383	1732.000	6540.135
WYF00003.asd	1384	1733.000	6513.346
WYF00003.asd	1385	1734.000	6489.790
WYF00003.asd	1386	1735.000	6463.985
WYF00003.asd	1387	1736.000	6432.991
WYF00003.asd	1388	1737.000	6405.885
WYF00003.asd	1389	1738.000	6382.267
WYF00003.asd	1390	1739.000	6358.721
WYF00003.asd	1391	1740.000	6332.736
WYF00003.asd	1392	1741.000	6306.217
WYF00003.asd	1393	1742.000	6277.031
WYF00003.asd	1394	1743.000	6238.630
WYF00003.asd	1395	1744.000	6199.800
WYF00003.asd	1396	1745.000	6160.796
WYF00003.asd	1397	1746.000	6120.305
WYF00003.asd	1398	1747.000	6088.089
WYF00003.asd	1399	1748.000	6054.096
WYF00003.asd	1400	1749.000	6014.090
WYF00003.asd	1401	1750.000	5974.020
WYF00003.asd	1402	1751.000	5930.329
WYF00003.asd	1403	1752.000	5889.996
WYF00003.asd	1404	1753.000	5856.890
WYF00003.asd	1405	1754.000	5823.312
WYF00003.asd	1406	1755.000	5789.479
WYF00003.asd	1407	1756.000	5751.693
WYF00003.asd	1408	1757.000	5708.812
WYF00003.asd	1409	1758.000	5670.202
WYF00003.asd	1410	1759.000	5632.881
WYF00003.asd	1411	1760.000	5597.598
WYF00003.asd	1412	1761.000	5560.672
WYF00003.asd	1413	1762.000	5522.090
WYF00003.asd	1414	1763.000	5489.873
WYF00003.asd	1415	1764.000	5454.774
WYF00003.asd	1416	1765.000	5423.157
WYF00003.asd	1417	1766.000	5394.313
WYF00003.asd	1418	1767.000	5358.221
WYF00003.asd	1419	1768.000	5327.549
WYF00003.asd	1420	1769.000	5300.465
WYF00003.asd	1421	1770.000	5273.049
WYF00003.asd	1422	1771.000	5246.108
WYF00003.asd	1423	1772.000	5211.296
WYF00003.asd	1424	1773.000	5175.546
WYF00003.asd	1425	1774.000	5141.937
WYF00003.asd	1426	1775.000	5110.387
WYF00003.asd	1427	1776.000	5083.802
WYF00003.asd	1428	1777.000	5057.242
WYF00003.asd	1429	1778.000	5025.764
WYF00003.asd	1430	1779.000	4989.203
WYF00003.asd	1431	1780.000	4951.638
WYF00003.asd	1432	1781.000	4912.222
WYF00003.asd	1433	1782.000	4875.819
WYF00003.asd	1434	1783.000	4843.117
WYF00003.asd	1435	1784.000	4809.184
WYF00003.asd	1436	1785.000	4775.140
WYF00003.asd	1437	1786.000	4737.425
WYF00003.asd	1438	1787.000	4693.220
WYF00003.asd	1439	1788.000	4649.101
WYF00003.asd	1440	1789.000	4607.104
WYF00003.asd	1441	1790.000	4561.146
WYF00003.asd	1442	1791.000	4514.187
WYF00003.asd	1443	1792.000	4465.626
WYF00003.asd	1444	1793.000	4410.020
WYF00003.asd	1445	1794.000	4351.888
WYF00003.asd	1446	1795.000	4290.073
WYF00003.asd	1447	1796.000	4221.239
WYF00003.asd	1448	1797.000	4151.628
WYF00003.asd	1449	1798.000	4076.878
WYF00003.asd	1450	1799.000	3996.396
WYF00003.asd	1451	1800.000	3915.549
WYF00003.asd	1452	1801.000	8791.111
WYF00003.asd	1453	1802.000	8873.907
WYF00003.asd	1454	1803.000	8973.080
WYF00003.asd	1455	1804.000	9060.971
WYF00003.asd	1456	1805.000	9150.637
WYF00003.asd	1457	1806.000	9234.357
WYF00003.asd	1458	1807.000	9313.686
WYF00003.asd	1459	1808.000	9390.431
WYF00003.asd	1460	1809.000	9465.765
WYF00003.asd	1461	1810.000	9543.540
WYF00003.asd	1462	1811.000	9603.261
WYF00003.asd	1463	1812.000	9657.865
WYF00003.asd	1464	1813.000	9700.541
WYF00003.asd	1465	1814.000	9716.669
WYF00003.asd	1466	1815.000	9745.060
WYF00003.asd	1467	1816.000	9771.189
WYF00003.asd	1468	1817.000	9801.487
WYF00003.asd	1469	1818.000	9825.725
WYF00003.asd	1470	1819.000	9849.451
WYF00003.asd	1471	1820.000	9872.611
WYF00003.asd	1472	1821.000	9886.015
WYF00003.asd	1473	1822.000	9910.638
WYF00003.asd	1474	1823.000	9953.152
WYF00003.asd	1475	1824.000	9978.177
WYF00003.asd	1476	1825.000	10000.064
WYF00003.asd	1477	1826.000	10012.801
WYF00003.asd	1478	1827.000	10032.597
WYF00003.asd	1479	1828.000	10046.550
WYF00003.asd	1480	1829.000	10059.200
WYF00003.asd	1481	1830.000	10088.202
WYF00003.asd	1482	1831.000	10091.457
WYF00003.asd	1483	1832.000	10075.178
WYF00003.asd	1484	1833.000	10058.881
WYF00003.asd	1485	1834.000	10024.504
WYF00003.asd	1486	1835.000	9999.176
WYF00003.asd	1487	1836.000	9975.019
WYF00003.asd	1488	1837.000	9943.035
WYF00003.asd	1489	1838.000	9933.632
WYF00003.asd	1490	1839.000	9924.140
WYF00003.asd	1491	1840.000	9942.922
WYF00003.asd	1492	1841.000	9984.416
WYF00003.asd	1493	1842.000	10031.138
WYF00003.asd	1494	1843.000	10116.320
WYF00003.asd	1495	1844.000	10175.533
WYF00003.asd	1496	1845.000	10235.259
WYF00003.asd	1497	1846.000	10288.846
WYF00003.asd	1498	1847.000	10325.978
WYF00003.asd	1499	1848.000	10343.095
WYF00003.asd	1500	1849.000	10365.990
WYF00003.asd	1501	1850.000	10380.560
WYF00003.asd	1502	1851.000	10395.400
WYF00003.asd	1503	1852.000	10418.125
WYF00003.asd	1504	1853.000	10421.183
WYF00003.asd	1505	1854.000	10412.468
WYF00003.asd	1506	1855.000	10399.854
WYF00003.asd	1507	1856.000	10379.077
WYF00003.asd	1508	1857.000	10337.258
WYF00003.asd	1509	1858.000	10315.949
WYF00003.asd	1510	1859.000	10313.461
WYF00003.asd	1511	1860.000	10275.160
WYF00003.asd	1512	1861.000	10244.871
WYF00003.asd	1513	1862.000	10175.881
WYF00003.asd	1514	1863.000	10086.380
WYF00003.asd	1515	1864.000	9960.943
WYF00003.asd	1516	1865.000	9808.943
WYF00003.asd	1517	1866.000	9630.312
WYF00003.asd	1518	1867.000	9421.938
WYF00003.asd	1519	1868.000	9150.445
WYF00003.asd	1520	1869.000	8927.928
WYF00003.asd	1521	1870.000	8678.622
WYF00003.asd	1522	1871.000	8478.691
WYF00003.asd	1523	1872.000	8289.287
WYF00003.asd	1524	1873.000	8146.316
WYF00003.asd	1525	1874.000	8045.724
WYF00003.asd	1526	1875.000	7954.236
WYF00003.asd	1527	1876.000	7902.867
WYF00003.asd	1528	1877.000	7876.605
WYF00003.asd	1529	1878.000	7813.434
WYF00003.asd	1530	1879.000	7758.005
WYF00003.asd	1531	1880.000	7669.890
WYF00003.asd	1532	1881.000	7569.105
WYF00003.asd	1533	1882.000	7436.303
WYF00003.asd	1534	1883.000	7272.769
WYF00003.asd	1535	1884.000	7102.667
WYF00003.asd	1536	1885.000	6900.768
WYF00003.asd	1537	1886.000	6700.799
WYF00003.asd	1538	1887.000	6485.493
WYF00003.asd	1539	1888.000	6275.035
WYF00003.asd	1540	1889.000	6069.981
WYF00003.asd	1541	1890.000	5849.896
WYF00003.asd	1542	1891.000	5662.649
WYF00003.asd	1543	1892.000	5499.565
WYF00003.asd	1544	1893.000	5328.428
WYF00003.asd	1545	1894.000	5171.222
WYF00003.asd	1546	1895.000	5008.694
WYF00003.asd	1547	1896.000	4834.016
WYF00003.asd	1548	1897.000	4677.617
WYF00003.asd	1549	1898.000	4525.621
WYF00003.asd	1550	1899.000	4395.996
WYF00003.asd	1551	1900.000	4257.544
WYF00003.asd	1552	1901.000	4110.790
WYF00003.asd	1553	1902.000	3999.947
WYF00003.asd	1554	1903.000	3903.575
WYF00003.asd	1555	1904.000	3812.958
WYF00003.asd	1556	1905.000	3752.289
WYF00003.asd	1557	1906.000	3691.471
WYF00003.asd	1558	1907.000	3635.393
WYF00003.asd	1559	1908.000	3570.465
WYF00003.asd	1560	1909.000	3535.203
WYF00003.asd	1561	1910.000	3513.141
WYF00003.asd	1562	1911.000	3484.415
WYF00003.asd	1563	1912.000	3463.237
WYF00003.asd	1564	1913.000	3434.404
WYF00003.asd	1565	1914.000	3395.173
WYF00003.asd	1566	1915.000	3370.775
WYF00003.asd	1567	1916.000	3350.185
WYF00003.asd	1568	1917.000	3335.219
WYF00003.asd	1569	1918.000	3330.011
WYF00003.asd	1570	1919.000	3330.711
WYF00003.asd	1571	1920.000	3325.363
WYF00003.asd	1572	1921.000	3310.733
WYF00003.asd	1573	1922.000	3309.613
WYF00003.asd	1574	1923.000	3314.987
WYF00003.asd	1575	1924.000	3315.959
WYF00003.asd	1576	1925.000	3322.261
WYF00003.asd	1577	1926.000	3326.848
WYF00003.asd	1578	1927.000	3327.385
WYF00003.asd	1579	1928.000	3330.230
WYF00003.asd	1580	1929.000	3335.510
WYF00003.asd	1581	1930.000	3342.331
WYF00003.asd	1582	1931.000	3346.756
WYF00003.asd	1583	1932.000	3343.930
WYF00003.asd	1584	1933.000	3360.177
WYF00003.asd	1585	1934.000	3378.259
WYF00003.asd	1586	1935.000	3393.704
WYF00003.asd	1587	1936.000	3420.392
WYF00003.asd	1588	1937.000	3437.986
WYF00003.asd	1589	1938.000	3442.930
WYF00003.asd	1590	1939.000	3457.710
WYF00003.asd	1591	1940.000	3484.801
WYF00003.asd	1592	1941.000	3488.288
WYF00003.asd	1593	1942.000	3497.188
WYF00003.asd	1594	1943.000	3523.539
WYF00003.asd	1595	1944.000	3540.185
WYF00003.asd	1596	1945.000	3563.427
WYF00003.asd	1597	1946.000	3591.926
WYF00003.asd	1598	1947.000	3628.961
WYF00003.asd	1599	1948.000	3656.574
WYF00003.asd	1600	1949.000	3689.315
WYF00003.asd	1601	1950.000	3718.274
WYF00003.asd	1602	1951.000	3738.480
WYF00003.asd	1603	1952.000	3764.282
WYF00003.asd	1604	1953.000	3797.153
WYF00003.asd	1605	1954.000	3817.560
WYF00003.asd	1606	1955.000	3832.872
WYF00003.asd	1607	1956.000	3853.750
WYF00003.asd	1608	1957.000	3886.982
WYF00003.asd	1609	1958.000	3910.147
WYF00003.asd	1610	1959.000	3932.764
WYF00003.asd	1611	1960.000	3958.453
WYF00003.asd	1612	1961.000	3985.326
WYF00003.asd	1613	1962.000	4005.376
WYF00003.asd	1614	1963.000	4032.564
WYF00003.asd	1615	1964.000	4066.996
WYF00003.asd	1616	1965.000	4104.568
WYF00003.asd	1617	1966.000	4133.407
WYF00003.asd	1618	1967.000	4161.030
WYF00003.asd	1619	1968.000	4196.174
WYF00003.asd	1620	1969.000	4222.666
WYF00003.asd	1621	1970.000	4247.443
WYF00003.asd	1622	1971.000	4267.146
WYF00003.asd	1623	1972.000	4291.743
WYF00003.asd	1624	1973.000	4310.360
WYF00003.asd	1625	1974.000	4341.297
WYF00003.asd	1626	1975.000	4391.310
WYF00003.asd	1627	1976.000	4425.042
WYF00003.asd	1628	1977.000	4456.025
WYF00003.asd	1629	1978.000	4483.007
WYF00003.asd	1630	1979.000	4505.539
WYF00003.asd	1631	1980.000	4518.359
WYF00003.asd	1632	1981.000	4546.951
WYF00003.asd	1633	1982.000	4574.390
WYF00003.asd	1634	1983.000	4592.802
WYF00003.asd	1635	1984.000	4604.790
WYF00003.asd	1636	1985.000	4623.169
WYF00003.asd	1637	1986.000	4628.424
WYF00003.asd	1638	1987.000	4656.099
WYF00003.asd	1639	1988.000	4700.028
WYF00003.asd	1640	1989.000	4744.323
WYF00003.asd	1641	1990.000	4779.053
WYF00003.asd	1642	1991.000	4810.500
WYF00003.asd	1643	1992.000	4841.303
WYF00003.asd	1644	1993.000	4854.334
WYF00003.asd	1645	1994.000	4871.444
WYF00003.asd	1646	1995.000	4888.478
WYF00003.asd	1647	1996.000	4911.584
WYF00003.asd	1648	1997.000	4930.272
WYF00003.asd	1649	1998.000	4958.971
WYF00003.asd	1650	1999.000	5007.031
WYF00003.asd	1651	2000.000	5039.977
WYF00003.asd	1652	2001.000	5067.664
WYF00003.asd	1653	2002.000	5091.769
WYF00003.asd	1654	2003.000	5113.300
WYF00003.asd	1655	2004.000	5134.618
WYF00003.asd	1656	2005.000	5161.583
WYF00003.asd	1657	2006.000	5176.481
WYF00003.asd	1658	2007.000	5206.224
WYF00003.asd	1659	2008.000	5238.190
WYF00003.asd	1660	2009.000	5263.401
WYF00003.asd	1661	2010.000	5292.292
WYF00003.asd	1662	2011.000	5321.296
WYF00003.asd	1663	2012.000	5344.244
WYF00003.asd	1664	2013.000	5368.062
WYF00003.asd	1665	2014.000	5401.608
WYF00003.asd	1666	2015.000	5410.685
WYF00003.asd	1667	2016.000	5420.828
WYF00003.asd	1668	2017.000	5435.109
WYF00003.asd	1669	2018.000	5437.059
WYF00003.asd	1670	2019.000	5448.746
WYF00003.asd	1671	2020.000	5464.588
WYF00003.asd	1672	2021.000	5474.277
WYF00003.asd	1673	2022.000	5496.910
WYF00003.asd	1674	2023.000	5517.118
WYF00003.asd	1675	2024.000	5540.098
WYF00003.asd	1676	2025.000	5578.141
WYF00003.asd	1677	2026.000	5594.788
WYF00003.asd	1678	2027.000	5596.837
WYF00003.asd	1679	2028.000	5608.102
WYF00003.asd	1680	2029.000	5621.694
WYF00003.asd	1681	2030.000	5624.862
WYF00003.asd	1682	2031.000	5634.177
WYF00003.asd	1683	2032.000	5652.649
WYF00003.asd	1684	2033.000	5668.392
WYF00003.asd	1685	2034.000	5674.077
WYF00003.asd	1686	2035.000	5687.740
WYF00003.asd	1687	2036.000	5694.409
WYF00003.asd	1688	2037.000	5692.756
WYF00003.asd	1689	2038.000	5670.947
WYF00003.asd	1690	2039.000	5673.031
WYF00003.asd	1691	2040.000	5676.774
WYF00003.asd	1692	2041.000	5686.652
WYF00003.asd	1693	2042.000	5710.308
WYF00003.asd	1694	2043.000	5735.612
WYF00003.asd	1695	2044.000	5752.873
WYF00003.asd	1696	2045.000	5769.469
WYF00003.asd	1697	2046.000	5789.309
WYF00003.asd	1698	2047.000	5800.437
WYF00003.asd	1699	2048.000	5802.127
WYF00003.asd	1700	2049.000	5810.844
WYF00003.asd	1701	2050.000	5811.957
WYF00003.asd	1702	2051.000	5803.664
WYF00003.asd	1703	2052.000	5799.384
WYF00003.asd	1704	2053.000	5792.302
WYF00003.asd	1705	2054.000	5789.318
WYF00003.asd	1706	2055.000	5787.078
WYF00003.asd	1707	2056.000	5787.659
WYF00003.asd	1708	2057.000	5799.671
WYF00003.asd	1709	2058.000	5804.275
WYF00003.asd	1710	2059.000	5806.017
WYF00003.asd	1711	2060.000	5814.605
WYF00003.asd	1712	2061.000	5811.793
WYF00003.asd	1713	2062.000	5819.888
WYF00003.asd	1714	2063.000	5837.619
WYF00003.asd	1715	2064.000	5854.446
WYF00003.asd	1716	2065.000	5873.739
WYF00003.asd	1717	2066.000	5880.129
WYF00003.asd	1718	2067.000	5886.291
WYF00003.asd	1719	2068.000	5887.086
WYF00003.asd	1720	2069.000	5887.849
WYF00003.asd	1721	2070.000	5883.690
WYF00003.asd	1722	2071.000	5886.627
WYF00003.asd	1723	2072.000	5888.455
WYF00003.asd	1724	2073.000	5887.147
WYF00003.asd	1725	2074.000	5896.310
WYF00003.asd	1726	2075.000	5907.599
WYF00003.asd	1727	2076.000	5915.691
WYF00003.asd	1728	2077.000	5923.459
WYF00003.asd	1729	2078.000	5921.151
WYF00003.asd	1730	2079.000	5910.857
WYF00003.asd	1731	2080.000	5905.398
WYF00003.asd	1732	2081.000	5909.288
WYF00003.asd	1733	2082.000	5914.568
WYF00003.asd	1734	2083.000	5928.904
WYF00003.asd	1735	2084.000	5935.381
WYF00003.asd	1736	2085.000	5942.608
WYF00003.asd	1737	2086.000	5945.473
WYF00003.asd	1738	2087.000	5938.832
WYF00003.asd	1739	2088.000	5947.985
WYF00003.asd	1740	2089.000	5960.413
WYF00003.asd	1741	2090.000	5968.813
WYF00003.asd	1742	2091.000	5984.494
WYF00003.asd	1743	2092.000	5996.138
WYF00003.asd	1744	2093.000	5998.824
WYF00003.asd	1745	2094.000	5988.551
WYF00003.asd	1746	2095.000	5975.691
WYF00003.asd	1747	2096.000	5968.130
WYF00003.asd	1748	2097.000	5968.359
WYF00003.asd	1749	2098.000	5987.122
WYF00003.asd	1750	2099.000	5994.020
WYF00003.asd	1751	2100.000	5993.102
WYF00003.asd	1752	2101.000	6000.131
WYF00003.asd	1753	2102.000	6010.457
WYF00003.asd	1754	2103.000	6015.499
WYF00003.asd	1755	2104.000	6015.344
WYF00003.asd	1756	2105.000	6027.853
WYF00003.asd	1757	2106.000	6020.768
WYF00003.asd	1758	2107.000	6013.072
WYF00003.asd	1759	2108.000	6021.184
WYF00003.asd	1760	2109.000	6023.804
WYF00003.asd	1761	2110.000	6029.564
WYF00003.asd	1762	2111.000	6034.894
WYF00003.asd	1763	2112.000	6031.949
WYF00003.asd	1764	2113.000	6027.427
WYF00003.asd	1765	2114.000	6026.784
WYF00003.asd	1766	2115.000	6032.100
WYF00003.asd	1767	2116.000	6022.486
WYF00003.asd	1768	2117.000	6003.838
WYF00003.asd	1769	2118.000	5996.751
WYF00003.asd	1770	2119.000	5986.956
WYF00003.asd	1771	2120.000	5975.181
WYF00003.asd	1772	2121.000	5978.966
WYF00003.asd	1773	2122.000	5986.205
WYF00003.asd	1774	2123.000	5992.357
WYF00003.asd	1775	2124.000	6003.996
WYF00003.asd	1776	2125.000	6003.619
WYF00003.asd	1777	2126.000	5999.430
WYF00003.asd	1778	2127.000	5984.624
WYF00003.asd	1779	2128.000	5966.152
WYF00003.asd	1780	2129.000	5960.784
WYF00003.asd	1781	2130.000	5946.422
WYF00003.asd	1782	2131.000	5943.787
WYF00003.asd	1783	2132.000	5950.980
WYF00003.asd	1784	2133.000	5946.237
WYF00003.asd	1785	2134.000	5939.370
WYF00003.asd	1786	2135.000	5932.820
WYF00003.asd	1787	2136.000	5922.111
WYF00003.asd	1788	2137.000	5900.712
WYF00003.asd	1789	2138.000	5893.452
WYF00003.asd	1790	2139.000	5894.658
WYF00003.asd	1791	2140.000	5899.831
WYF00003.asd	1792	2141.000	5894.485
WYF00003.asd	1793	2142.000	5883.825
WYF00003.asd	1794	2143.000	5878.509
WYF00003.asd	1795	2144.000	5875.714
WYF00003.asd	1796	2145.000	5887.632
WYF00003.asd	1797	2146.000	5906.634
WYF00003.asd	1798	2147.000	5913.242
WYF00003.asd	1799	2148.000	5906.888
WYF00003.asd	1800	2149.000	5892.148
WYF00003.asd	1801	2150.000	5882.314
WYF00003.asd	1802	2151.000	5867.292
WYF00003.asd	1803	2152.000	5859.537
WYF00003.asd	1804	2153.000	5862.369
WYF00003.asd	1805	2154.000	5855.371
WYF00003.asd	1806	2155.000	5846.923
WYF00003.asd	1807	2156.000	5825.280
WYF00003.asd	1808	2157.000	5816.031
WYF00003.asd	1809	2158.000	5822.823
WYF00003.asd	1810	2159.000	5822.701
WYF00003.asd	1811	2160.000	5832.647
WYF00003.asd	1812	2161.000	5836.000
WYF00003.asd	1813	2162.000	5816.139
WYF00003.asd	1814	2163.000	5795.553
WYF00003.asd	1815	2164.000	5785.791
WYF00003.asd	1816	2165.000	5783.620
WYF00003.asd	1817	2166.000	5787.205
WYF00003.asd	1818	2167.000	5799.640
WYF00003.asd	1819	2168.000	5795.713
WYF00003.asd	1820	2169.000	5784.969
WYF00003.asd	1821	2170.000	5772.334
WYF00003.asd	1822	2171.000	5765.568
WYF00003.asd	1823	2172.000	5764.772
WYF00003.asd	1824	2173.000	5765.570
WYF00003.asd	1825	2174.000	5774.992
WYF00003.asd	1826	2175.000	5775.278
WYF00003.asd	1827	2176.000	5774.924
WYF00003.asd	1828	2177.000	5760.876
WYF00003.asd	1829	2178.000	5741.152
WYF00003.asd	1830	2179.000	5711.931
WYF00003.asd	1831	2180.000	5691.723
WYF00003.asd	1832	2181.000	5680.965
WYF00003.asd	1833	2182.000	5663.071
WYF00003.asd	1834	2183.000	5653.798
WYF00003.asd	1835	2184.000	5642.872
WYF00003.asd	1836	2185.000	5625.115
WYF00003.asd	1837	2186.000	5619.532
WYF00003.asd	1838	2187.000	5607.386
WYF00003.asd	1839	2188.000	5586.389
WYF00003.asd	1840	2189.000	5555.168
WYF00003.asd	1841	2190.000	5526.284
WYF00003.asd	1842	2191.000	5501.568
WYF00003.asd	1843	2192.000	5477.177
WYF00003.asd	1844	2193.000	5458.325
WYF00003.asd	1845	2194.000	5437.042
WYF00003.asd	1846	2195.000	5417.375
WYF00003.asd	1847	2196.000	5393.736
WYF00003.asd	1848	2197.000	5368.275
WYF00003.asd	1849	2198.000	5336.441
WYF00003.asd	1850	2199.000	5307.584
WYF00003.asd	1851	2200.000	5283.175
WYF00003.asd	1852	2201.000	5267.014
WYF00003.asd	1853	2202.000	5245.872
WYF00003.asd	1854	2203.000	5231.599
WYF00003.asd	1855	2204.000	5216.521
WYF00003.asd	1856	2205.000	5192.803
WYF00003.asd	1857	2206.000	5183.809
WYF00003.asd	1858	2207.000	5177.062
WYF00003.asd	1859	2208.000	5156.816
WYF00003.asd	1860	2209.000	5144.401
WYF00003.asd	1861	2210.000	5140.375
WYF00003.asd	1862	2211.000	5128.411
WYF00003.asd	1863	2212.000	5121.165
WYF00003.asd	1864	2213.000	5106.456
WYF00003.asd	1865	2214.000	5078.672
WYF00003.asd	1866	2215.000	5061.656
WYF00003.asd	1867	2216.000	5045.718
WYF00003.asd	1868	2217.000	5032.102
WYF00003.asd	1869	2218.000	5029.272
WYF00003.asd	1870	2219.000	5020.188
WYF00003.asd	1871	2220.000	5005.942
WYF00003.asd	1872	2221.000	4990.406
WYF00003.asd	1873	2222.000	4976.620
WYF00003.asd	1874	2223.000	4955.309
WYF00003.asd	1875	2224.000	4929.674
WYF00003.asd	1876	2225.000	4905.241
WYF00003.asd	1877	2226.000	4874.598
WYF00003.asd	1878	2227.000	4849.075
WYF00003.asd	1879	2228.000	4826.178
WYF00003.asd	1880	2229.000	4806.066
WYF00003.asd	1881	2230.000	4789.742
WYF00003.asd	1882	2231.000	4766.914
WYF00003.asd	1883	2232.000	4733.326
WYF00003.asd	1884	2233.000	4698.819
WYF00003.asd	1885	2234.000	4667.802
WYF00003.asd	1886	2235.000	4631.072
WYF00003.asd	1887	2236.000	4592.372
WYF00003.asd	1888	2237.000	4562.793
WYF00003.asd	1889	2238.000	4526.332
WYF00003.asd	1890	2239.000	4489.583
WYF00003.asd	1891	2240.000	4458.899
WYF00003.asd	1892	2241.000	4417.222
WYF00003.asd	1893	2242.000	4382.186
WYF00003.asd	1894	2243.000	4347.135
WYF00003.asd	1895	2244.000	4311.491
WYF00003.asd	1896	2245.000	4279.825
WYF00003.asd	1897	2246.000	4252.315
WYF00003.asd	1898	2247.000	4225.662
WYF00003.asd	1899	2248.000	4200.437
WYF00003.asd	1900	2249.000	4183.093
WYF00003.asd	1901	2250.000	4152.000
WYF00003.asd	1902	2251.000	4114.506
WYF00003.asd	1903	2252.000	4073.464
WYF00003.asd	1904	2253.000	4029.428
WYF00003.asd	1905	2254.000	3991.180
WYF00003.asd	1906	2255.000	3971.436
WYF00003.asd	1907	2256.000	3955.447
WYF00003.asd	1908	2257.000	3923.894
WYF00003.asd	1909	2258.000	3907.755
WYF00003.asd	1910	2259.000	3882.923
WYF00003.asd	1911	2260.000	3838.028
WYF00003.asd	1912	2261.000	3814.029
WYF00003.asd	1913	2262.000	3783.439
WYF00003.asd	1914	2263.000	3748.046
WYF00003.asd	1915	2264.000	3712.546
WYF00003.asd	1916	2265.000	3666.299
WYF00003.asd	1917	2266.000	3631.868
WYF00003.asd	1918	2267.000	3599.242
WYF00003.asd	1919	2268.000	3576.479
WYF00003.asd	1920	2269.000	3565.310
WYF00003.asd	1921	2270.000	3555.219
WYF00003.asd	1922	2271.000	3541.752
WYF00003.asd	1923	2272.000	3531.223
WYF00003.asd	1924	2273.000	3508.491
WYF00003.asd	1925	2274.000	3478.959
WYF00003.asd	1926	2275.000	3448.966
WYF00003.asd	1927	2276.000	3405.064
WYF00003.asd	1928	2277.000	3376.137
WYF00003.asd	1929	2278.000	3353.803
WYF00003.asd	1930	2279.000	3332.295
WYF00003.asd	1931	2280.000	3319.606
WYF00003.asd	1932	2281.000	3304.173
WYF00003.asd	1933	2282.000	3292.652
WYF00003.asd	1934	2283.000	3269.004
WYF00003.asd	1935	2284.000	3239.863
WYF00003.asd	1936	2285.000	3208.769
WYF00003.asd	1937	2286.000	3167.402
WYF00003.asd	1938	2287.000	3148.400
WYF00003.asd	1939	2288.000	3136.985
WYF00003.asd	1940	2289.000	3117.513
WYF00003.asd	1941	2290.000	3110.124
WYF00003.asd	1942	2291.000	3097.378
WYF00003.asd	1943	2292.000	3075.580
WYF00003.asd	1944	2293.000	3054.692
WYF00003.asd	1945	2294.000	3021.322
WYF00003.asd	1946	2295.000	2982.730
WYF00003.asd	1947	2296.000	2947.403
WYF00003.asd	1948	2297.000	2911.383
WYF00003.asd	1949	2298.000	2886.277
WYF00003.asd	1950	2299.000	2870.115
WYF00003.asd	1951	2300.000	2851.026
WYF00003.asd	1952	2301.000	2825.964
WYF00003.asd	1953	2302.000	2806.349
WYF00003.asd	1954	2303.000	2781.459
WYF00003.asd	1955	2304.000	2744.053
WYF00003.asd	1956	2305.000	2725.460
WYF00003.asd	1957	2306.000	2702.164
WYF00003.asd	1958	2307.000	2660.077
WYF00003.asd	1959	2308.000	2630.730
WYF00003.asd	1960	2309.000	2606.988
WYF00003.asd	1961	2310.000	2582.910
WYF00003.asd	1962	2311.000	2562.258
WYF00003.asd	1963	2312.000	2542.372
WYF00003.asd	1964	2313.000	2522.409
WYF00003.asd	1965	2314.000	2502.695
WYF00003.asd	1966	2315.000	2486.422
WYF00003.asd	1967	2316.000	2470.239
WYF00003.asd	1968	2317.000	2452.495
WYF00003.asd	1969	2318.000	2441.027
WYF00003.asd	1970	2319.000	2426.884
WYF00003.asd	1971	2320.000	2417.042
WYF00003.asd	1972	2321.000	2426.182
WYF00003.asd	1973	2322.000	2414.830
WYF00003.asd	1974	2323.000	2400.289
WYF00003.asd	1975	2324.000	2375.270
WYF00003.asd	1976	2325.000	2321.468
WYF00003.asd	1977	2326.000	2287.274
WYF00003.asd	1978	2327.000	2260.153
WYF00003.asd	1979	2328.000	2234.964
WYF00003.asd	1980	2329.000	2218.372
WYF00003.asd	1981	2330.000	2201.226
WYF00003.asd	1982	2331.000	2183.753
WYF00003.asd	1983	2332.000	2162.443
WYF00003.asd	1984	2333.000	2145.782
WYF00003.asd	1985	2334.000	2124.312
WYF00003.asd	1986	2335.000	2094.807
WYF00003.asd	1987	2336.000	2068.684
WYF00003.asd	1988	2337.000	2048.932
WYF00003.asd	1989	2338.000	2030.224
WYF00003.asd	1990	2339.000	2009.329
WYF00003.asd	1991	2340.000	1990.620
WYF00003.asd	1992	2341.000	1965.893
WYF00003.asd	1993	2342.000	1934.976
WYF00003.asd	1994	2343.000	1915.092
WYF00003.asd	1995	2344.000	1890.287
WYF00003.asd	1996	2345.000	1866.299
WYF00003.asd	1997	2346.000	1851.487
WYF00003.asd	1998	2347.000	1826.591
WYF00003.asd	1999	2348.000	1802.254
WYF00003.asd	2000	2349.000	1777.601
WYF00003.asd	2001	2350.000	1746.160
WYF00003.asd	2002	2351.000	1720.881
WYF00003.asd	2003	2352.000	1706.251
WYF00003.asd	2004	2353.000	1688.577
WYF00003.asd	2005	2354.000	1674.798
WYF00003.asd	2006	2355.000	1683.494
WYF00003.asd	2007	2356.000	1684.774
WYF00003.asd	2008	2357.000	1681.213
WYF00003.asd	2009	2358.000	1679.731
WYF00003.asd	2010	2359.000	1648.138
WYF00003.asd	2011	2360.000	1614.697
WYF00003.asd	2012	2361.000	1604.661
WYF00003.asd	2013	2362.000	1594.637
WYF00003.asd	2014	2363.000	1578.292
WYF00003.asd	2015	2364.000	1554.845
WYF00003.asd	2016	2365.000	1520.665
WYF00003.asd	2017	2366.000	1491.700
WYF00003.asd	2018	2367.000	1478.366
WYF00003.asd	2019	2368.000	1473.889
WYF00003.asd	2020	2369.000	1469.280
WYF00003.asd	2021	2370.000	1456.949
WYF00003.asd	2022	2371.000	1438.731
WYF00003.asd	2023	2372.000	1411.000
WYF00003.asd	2024	2373.000	1392.214
WYF00003.asd	2025	2374.000	1372.702
WYF00003.asd	2026	2375.000	1353.841
WYF00003.asd	2027	2376.000	1339.588
WYF00003.asd	2028	2377.000	1325.726
WYF00003.asd	2029	2378.000	1308.352
WYF00003.asd	2030	2379.000	1293.144
WYF00003.asd	2031	2380.000	1285.371
WYF00003.asd	2032	2381.000	1266.189
WYF00003.asd	2033	2382.000	1238.598
WYF00003.asd	2034	2383.000	1218.256
WYF00003.asd	2035	2384.000	1197.346
WYF00003.asd	2036	2385.000	1178.535
WYF00003.asd	2037	2386.000	1164.388
WYF00003.asd	2038	2387.000	1145.223
WYF00003.asd	2039	2388.000	1121.995
WYF00003.asd	2040	2389.000	1103.400
WYF00003.asd	2041	2390.000	1087.856
WYF00003.asd	2042	2391.000	1073.021
WYF00003.asd	2043	2392.000	1054.608
WYF00003.asd	2044	2393.000	1045.095
WYF00003.asd	2045	2394.000	1039.342
WYF00003.asd	2046	2395.000	1033.517
WYF00003.asd	2047	2396.000	1041.250
WYF00003.asd	2048	2397.000	1032.056
WYF00003.asd	2049	2398.000	1011.973
WYF00003.asd	2050	2399.000	1001.400
WYF00003.asd	2051	2400.000	985.856
WYF00003.asd	2052	2401.000	975.176
WYF00003.asd	2053	2402.000	977.391
WYF00003.asd	2054	2403.000	961.821
WYF00003.asd	2055	2404.000	937.203
WYF00003.asd	2056	2405.000	915.355
WYF00003.asd	2057	2406.000	884.320
WYF00003.asd	2058	2407.000	860.973
WYF00003.asd	2059	2408.000	840.493
WYF00003.asd	2060	2409.000	823.834
WYF00003.asd	2061	2410.000	809.989
WYF00003.asd	2062	2411.000	798.206
WYF00003.asd	2063	2412.000	791.838
WYF00003.asd	2064	2413.000	781.516
WYF00003.asd	2065	2414.000	768.219
WYF00003.asd	2066	2415.000	762.417
WYF00003.asd	2067	2416.000	759.292
WYF00003.asd	2068	2417.000	756.843
WYF00003.asd	2069	2418.000	766.063
WYF00003.asd	2070	2419.000	757.217
WYF00003.asd	2071	2420.000	739.822
WYF00003.asd	2072	2421.000	721.416
WYF00003.asd	2073	2422.000	687.467
WYF00003.asd	2074	2423.000	673.805
WYF00003.asd	2075	2424.000	668.733
WYF00003.asd	2076	2425.000	661.612
WYF00003.asd	2077	2426.000	665.119
WYF00003.asd	2078	2427.000	656.699
WYF00003.asd	2079	2428.000	641.473
WYF00003.asd	2080	2429.000	631.837
WYF00003.asd	2081	2430.000	618.392
WYF00003.asd	2082	2431.000	612.969
WYF00003.asd	2083	2432.000	616.003
WYF00003.asd	2084	2433.000	607.190
WYF00003.asd	2085	2434.000	599.100
WYF00003.asd	2086	2435.000	583.740
WYF00003.asd	2087	2436.000	552.539
WYF00003.asd	2088	2437.000	545.490
WYF00003.asd	2089	2438.000	551.801
WYF00003.asd	2090	2439.000	543.335
WYF00003.asd	2091	2440.000	539.488
WYF00003.asd	2092	2441.000	529.040
WYF00003.asd	2093	2442.000	503.381
WYF00003.asd	2094	2443.000	489.271
WYF00003.asd	2095	2444.000	483.549
WYF00003.asd	2096	2445.000	474.174
WYF00003.asd	2097	2446.000	462.770
WYF00003.asd	2098	2447.000	453.565
WYF00003.asd	2099	2448.000	446.774
WYF00003.asd	2100	2449.000	446.314
WYF00003.asd	2101	2450.000	433.162
WYF00003.asd	2102	2451.000	435.816
WYF00003.asd	2103	2452.000	439.724
WYF00003.asd	2104	2453.000	431.688
WYF00003.asd	2105	2454.000	432.145
WYF00003.asd	2106	2455.000	428.646
WYF00003.asd	2107	2456.000	417.388
WYF00003.asd	2108	2457.000	418.592
WYF00003.asd	2109	2458.000	413.238
WYF00003.asd	2110	2459.000	388.026
WYF00003.asd	2111	2460.000	375.929
WYF00003.asd	2112	2461.000	365.317
WYF00003.asd	2113	2462.000	355.147
WYF00003.asd	2114	2463.000	355.030
WYF00003.asd	2115	2464.000	353.340
WYF00003.asd	2116	2465.000	347.161
WYF00003.asd	2117	2466.000	343.328
WYF00003.asd	2118	2467.000	347.331
WYF00003.asd	2119	2468.000	345.277
WYF00003.asd	2120	2469.000	337.066
WYF00003.asd	2121	2470.000	331.831
WYF00003.asd	2122	2471.000	324.737
WYF00003.asd	2123	2472.000	319.157
WYF00003.asd	2124	2473.000	319.504
WYF00003.asd	2125	2474.000	313.675
WYF00003.asd	2126	2475.000	304.055
WYF00003.asd	2127	2476.000	295.079
WYF00003.asd	2128	2477.000	281.447
WYF00003.asd	2129	2478.000	271.622
WYF00003.asd	2130	2479.000	263.312
WYF00003.asd	2131	2480.000	256.775
WYF00003.asd	2132	2481.000	249.544
WYF00003.asd	2133	2482.000	248.342
WYF00003.asd	2134	2483.000	256.955
WYF00003.asd	2135	2484.000	255.021
WYF00003.asd	2136	2485.000	251.447
WYF00003.asd	2137	2486.000	247.612
WYF00003.asd	2138	2487.000	234.949
WYF00003.asd	2139	2488.000	229.412
WYF00003.asd	2140	2489.000	231.667
WYF00003.asd	2141	2490.000	226.720
WYF00003.asd	2142	2491.000	217.671
WYF00003.asd	2143	2492.000	212.944
WYF00003.asd	2144	2493.000	205.879
WYF00003.asd	2145	2494.000	204.319
WYF00003.asd	2146	2495.000	212.490
WYF00003.asd	2147	2496.000	206.917
WYF00003.asd	2148	2497.000	193.823
WYF00003.asd	2149	2498.000	190.587
WYF00003.asd	2150	2499.000	183.273
WYF00003.asd	2151	2500.000	182.570
