WYF00004.asd	1	350.000	8.738
WYF00004.asd	2	351.000	10.108
WYF00004.asd	3	352.000	9.359
WYF00004.asd	4	353.000	10.306
WYF00004.asd	5	354.000	9.834
WYF00004.asd	6	355.000	9.941
WYF00004.asd	7	356.000	10.775
WYF00004.asd	8	357.000	10.325
WYF00004.asd	9	358.000	11.652
WYF00004.asd	10	359.000	13.169
WYF00004.asd	11	360.000	14.031
WYF00004.asd	12	361.000	16.094
WYF00004.asd	13	362.000	15.724
WYF00004.asd	14	363.000	15.640
WYF00004.asd	15	364.000	17.973
WYF00004.asd	16	365.000	17.899
WYF00004.asd	17	366.000	18.478
WYF00004.asd	18	367.000	20.046
WYF00004.asd	19	368.000	21.749
WYF00004.asd	20	369.000	23.050
WYF00004.asd	21	370.000	24.957
WYF00004.asd	22	371.000	27.031
WYF00004.asd	23	372.000	27.950
WYF00004.asd	24	373.000	29.334
WYF00004.asd	25	374.000	31.401
WYF00004.asd	26	375.000	33.365
WYF00004.asd	27	376.000	33.522
WYF00004.asd	28	377.000	35.047
WYF00004.asd	29	378.000	37.225
WYF00004.asd	30	379.000	38.926
WYF00004.asd	31	380.000	40.141
WYF00004.asd	32	381.000	42.023
WYF00004.asd	33	382.000	43.499
WYF00004.asd	34	383.000	43.668
WYF00004.asd	35	384.000	46.064
WYF00004.asd	36	385.000	47.735
WYF00004.asd	37	386.000	48.649
WYF00004.asd	38	387.000	50.591
WYF00004.asd	39	388.000	51.804
WYF00004.asd	40	389.000	53.745
WYF00004.asd	41	390.000	56.533
WYF00004.asd	42	391.000	58.283
WYF00004.asd	43	392.000	58.921
WYF00004.asd	44	393.000	60.858
WYF00004.asd	45	394.000	64.624
WYF00004.asd	46	395.000	64.902
WYF00004.asd	47	396.000	66.036
WYF00004.asd	48	397.000	68.039
WYF00004.asd	49	398.000	69.977
WYF00004.asd	50	399.000	74.234
WYF00004.asd	51	400.000	76.973
WYF00004.asd	52	401.000	78.156
WYF00004.asd	53	402.000	80.566
WYF00004.asd	54	403.000	83.831
WYF00004.asd	55	404.000	88.004
WYF00004.asd	56	405.000	91.353
WYF00004.asd	57	406.000	89.812
WYF00004.asd	58	407.000	93.964
WYF00004.asd	59	408.000	99.102
WYF00004.asd	60	409.000	100.196
WYF00004.asd	61	410.000	102.364
WYF00004.asd	62	411.000	106.788
WYF00004.asd	63	412.000	111.091
WYF00004.asd	64	413.000	112.416
WYF00004.asd	65	414.000	115.774
WYF00004.asd	66	415.000	120.470
WYF00004.asd	67	416.000	125.770
WYF00004.asd	68	417.000	131.182
WYF00004.asd	69	418.000	134.674
WYF00004.asd	70	419.000	139.146
WYF00004.asd	71	420.000	145.521
WYF00004.asd	72	421.000	148.985
WYF00004.asd	73	422.000	155.554
WYF00004.asd	74	423.000	163.164
WYF00004.asd	75	424.000	168.251
WYF00004.asd	76	425.000	172.434
WYF00004.asd	77	426.000	177.978
WYF00004.asd	78	427.000	184.957
WYF00004.asd	79	428.000	191.837
WYF00004.asd	80	429.000	197.824
WYF00004.asd	81	430.000	205.121
WYF00004.asd	82	431.000	214.147
WYF00004.asd	83	432.000	222.173
WYF00004.asd	84	433.000	232.545
WYF00004.asd	85	434.000	242.207
WYF00004.asd	86	435.000	248.892
WYF00004.asd	87	436.000	258.485
WYF00004.asd	88	437.000	265.103
WYF00004.asd	89	438.000	270.223
WYF00004.asd	90	439.000	278.225
WYF00004.asd	91	440.000	282.881
WYF00004.asd	92	441.000	288.856
WYF00004.asd	93	442.000	297.286
WYF00004.asd	94	443.000	303.982
WYF00004.asd	95	444.000	310.936
WYF00004.asd	96	445.000	319.023
WYF00004.asd	97	446.000	328.017
WYF00004.asd	98	447.000	335.444
WYF00004.asd	99	448.000	342.079
WYF00004.asd	100	449.000	347.925
WYF00004.asd	101	450.000	352.979
WYF00004.asd	102	451.000	358.761
WYF00004.asd	103	452.000	365.849
WYF00004.asd	104	453.000	373.110
WYF00004.asd	105	454.000	377.923
WYF00004.asd	106	455.000	384.122
WYF00004.asd	107	456.000	391.117
WYF00004.asd	108	457.000	397.553
WYF00004.asd	109	458.000	402.651
WYF00004.asd	110	459.000	405.852
WYF00004.asd	111	460.000	408.696
WYF00004.asd	112	461.000	412.903
WYF00004.asd	113	462.000	415.269
WYF00004.asd	114	463.000	418.396
WYF00004.asd	115	464.000	422.767
WYF00004.asd	116	465.000	426.355
WYF00004.asd	117	466.000	429.631
WYF00004.asd	118	467.000	432.270
WYF00004.asd	119	468.000	434.887
WYF00004.asd	120	469.000	441.212
WYF00004.asd	121	470.000	443.709
WYF00004.asd	122	471.000	444.806
WYF00004.asd	123	472.000	449.469
WYF00004.asd	124	473.000	450.291
WYF00004.asd	125	474.000	453.260
WYF00004.asd	126	475.000	459.208
WYF00004.asd	127	476.000	462.826
WYF00004.asd	128	477.000	465.725
WYF00004.asd	129	478.000	468.343
WYF00004.asd	130	479.000	471.070
WYF00004.asd	131	480.000	474.795
WYF00004.asd	132	481.000	476.379
WYF00004.asd	133	482.000	477.955
WYF00004.asd	134	483.000	482.895
WYF00004.asd	135	484.000	486.137
WYF00004.asd	136	485.000	489.487
WYF00004.asd	137	486.000	493.577
WYF00004.asd	138	487.000	497.167
WYF00004.asd	139	488.000	501.309
WYF00004.asd	140	489.000	506.607
WYF00004.asd	141	490.000	512.730
WYF00004.asd	142	491.000	516.990
WYF00004.asd	143	492.000	521.795
WYF00004.asd	144	493.000	527.985
WYF00004.asd	145	494.000	535.363
WYF00004.asd	146	495.000	542.507
WYF00004.asd	147	496.000	550.393
WYF00004.asd	148	497.000	558.773
WYF00004.asd	149	498.000	565.555
WYF00004.asd	150	499.000	572.692
WYF00004.asd	151	500.000	583.364
WYF00004.asd	152	501.000	598.117
WYF00004.asd	153	502.000	608.324
WYF00004.asd	154	503.000	618.634
WYF00004.asd	155	504.000	630.513
WYF00004.asd	156	505.000	643.360
WYF00004.asd	157	506.000	656.734
WYF00004.asd	158	507.000	670.990
WYF00004.asd	159	508.000	686.298
WYF00004.asd	160	509.000	702.401
WYF00004.asd	161	510.000	718.647
WYF00004.asd	162	511.000	736.300
WYF00004.asd	163	512.000	756.167
WYF00004.asd	164	513.000	774.825
WYF00004.asd	165	514.000	794.304
WYF00004.asd	166	515.000	815.099
WYF00004.asd	167	516.000	836.538
WYF00004.asd	168	517.000	860.370
WYF00004.asd	169	518.000	885.085
WYF00004.asd	170	519.000	908.931
WYF00004.asd	171	520.000	930.340
WYF00004.asd	172	521.000	954.354
WYF00004.asd	173	522.000	980.861
WYF00004.asd	174	523.000	1007.475
WYF00004.asd	175	524.000	1031.498
WYF00004.asd	176	525.000	1055.981
WYF00004.asd	177	526.000	1081.445
WYF00004.asd	178	527.000	1105.569
WYF00004.asd	179	528.000	1128.540
WYF00004.asd	180	529.000	1151.994
WYF00004.asd	181	530.000	1176.391
WYF00004.asd	182	531.000	1198.016
WYF00004.asd	183	532.000	1220.957
WYF00004.asd	184	533.000	1244.825
WYF00004.asd	185	534.000	1267.183
WYF00004.asd	186	535.000	1287.813
WYF00004.asd	187	536.000	1310.052
WYF00004.asd	188	537.000	1334.311
WYF00004.asd	189	538.000	1356.658
WYF00004.asd	190	539.000	1380.794
WYF00004.asd	191	540.000	1405.642
WYF00004.asd	192	541.000	1429.923
WYF00004.asd	193	542.000	1455.841
WYF00004.asd	194	543.000	1485.785
WYF00004.asd	195	544.000	1519.402
WYF00004.asd	196	545.000	1554.262
WYF00004.asd	197	546.000	1590.363
WYF00004.asd	198	547.000	1617.726
WYF00004.asd	199	548.000	1634.442
WYF00004.asd	200	549.000	1655.286
WYF00004.asd	201	550.000	1681.444
WYF00004.asd	202	551.000	1712.213
WYF00004.asd	203	552.000	1745.243
WYF00004.asd	204	553.000	1777.555
WYF00004.asd	205	554.000	1812.530
WYF00004.asd	206	555.000	1849.378
WYF00004.asd	207	556.000	1883.122
WYF00004.asd	208	557.000	1918.302
WYF00004.asd	209	558.000	1953.433
WYF00004.asd	210	559.000	1987.021
WYF00004.asd	211	560.000	2021.135
WYF00004.asd	212	561.000	2052.266
WYF00004.asd	213	562.000	2080.336
WYF00004.asd	214	563.000	2106.435
WYF00004.asd	215	564.000	2125.746
WYF00004.asd	216	565.000	2143.851
WYF00004.asd	217	566.000	2160.840
WYF00004.asd	218	567.000	2167.510
WYF00004.asd	219	568.000	2173.342
WYF00004.asd	220	569.000	2174.920
WYF00004.asd	221	570.000	2168.544
WYF00004.asd	222	571.000	2163.320
WYF00004.asd	223	572.000	2158.180
WYF00004.asd	224	573.000	2152.907
WYF00004.asd	225	574.000	2148.165
WYF00004.asd	226	575.000	2145.627
WYF00004.asd	227	576.000	2146.955
WYF00004.asd	228	577.000	2151.236
WYF00004.asd	229	578.000	2152.952
WYF00004.asd	230	579.000	2148.398
WYF00004.asd	231	580.000	2140.121
WYF00004.asd	232	581.000	2132.457
WYF00004.asd	233	582.000	2121.224
WYF00004.asd	234	583.000	2112.178
WYF00004.asd	235	584.000	2106.156
WYF00004.asd	236	585.000	2097.838
WYF00004.asd	237	586.000	2092.038
WYF00004.asd	238	587.000	2087.020
WYF00004.asd	239	588.000	2081.012
WYF00004.asd	240	589.000	2076.922
WYF00004.asd	241	590.000	2072.580
WYF00004.asd	242	591.000	2071.096
WYF00004.asd	243	592.000	2077.951
WYF00004.asd	244	593.000	2089.136
WYF00004.asd	245	594.000	2100.983
WYF00004.asd	246	595.000	2113.445
WYF00004.asd	247	596.000	2132.764
WYF00004.asd	248	597.000	2150.831
WYF00004.asd	249	598.000	2167.889
WYF00004.asd	250	599.000	2185.761
WYF00004.asd	251	600.000	2200.416
WYF00004.asd	252	601.000	2210.120
WYF00004.asd	253	602.000	2216.407
WYF00004.asd	254	603.000	2223.332
WYF00004.asd	255	604.000	2223.658
WYF00004.asd	256	605.000	2224.181
WYF00004.asd	257	606.000	2228.654
WYF00004.asd	258	607.000	2226.073
WYF00004.asd	259	608.000	2223.090
WYF00004.asd	260	609.000	2220.548
WYF00004.asd	261	610.000	2217.218
WYF00004.asd	262	611.000	2216.835
WYF00004.asd	263	612.000	2219.073
WYF00004.asd	264	613.000	2222.200
WYF00004.asd	265	614.000	2223.153
WYF00004.asd	266	615.000	2226.793
WYF00004.asd	267	616.000	2229.369
WYF00004.asd	268	617.000	2227.146
WYF00004.asd	269	618.000	2225.857
WYF00004.asd	270	619.000	2221.550
WYF00004.asd	271	620.000	2214.918
WYF00004.asd	272	621.000	2209.860
WYF00004.asd	273	622.000	2203.153
WYF00004.asd	274	623.000	2195.643
WYF00004.asd	275	624.000	2188.249
WYF00004.asd	276	625.000	2180.616
WYF00004.asd	277	626.000	2174.675
WYF00004.asd	278	627.000	2169.708
WYF00004.asd	279	628.000	2164.116
WYF00004.asd	280	629.000	2158.035
WYF00004.asd	281	630.000	2152.185
WYF00004.asd	282	631.000	2145.779
WYF00004.asd	283	632.000	2136.456
WYF00004.asd	284	633.000	2127.587
WYF00004.asd	285	634.000	2118.947
WYF00004.asd	286	635.000	2109.574
WYF00004.asd	287	636.000	2099.299
WYF00004.asd	288	637.000	2085.311
WYF00004.asd	289	638.000	2069.071
WYF00004.asd	290	639.000	2054.016
WYF00004.asd	291	640.000	2036.922
WYF00004.asd	292	641.000	2018.439
WYF00004.asd	293	642.000	1999.411
WYF00004.asd	294	643.000	1980.110
WYF00004.asd	295	644.000	1965.157
WYF00004.asd	296	645.000	1948.870
WYF00004.asd	297	646.000	1926.252
WYF00004.asd	298	647.000	1909.481
WYF00004.asd	299	648.000	1895.022
WYF00004.asd	300	649.000	1881.472
WYF00004.asd	301	650.000	1869.521
WYF00004.asd	302	651.000	1857.597
WYF00004.asd	303	652.000	1846.429
WYF00004.asd	304	653.000	1836.759
WYF00004.asd	305	654.000	1828.786
WYF00004.asd	306	655.000	1818.967
WYF00004.asd	307	656.000	1807.215
WYF00004.asd	308	657.000	1795.088
WYF00004.asd	309	658.000	1783.982
WYF00004.asd	310	659.000	1770.786
WYF00004.asd	311	660.000	1755.162
WYF00004.asd	312	661.000	1740.343
WYF00004.asd	313	662.000	1724.965
WYF00004.asd	314	663.000	1709.353
WYF00004.asd	315	664.000	1694.519
WYF00004.asd	316	665.000	1682.426
WYF00004.asd	317	666.000	1672.108
WYF00004.asd	318	667.000	1662.907
WYF00004.asd	319	668.000	1654.479
WYF00004.asd	320	669.000	1647.435
WYF00004.asd	321	670.000	1643.623
WYF00004.asd	322	671.000	1642.578
WYF00004.asd	323	672.000	1639.914
WYF00004.asd	324	673.000	1641.240
WYF00004.asd	325	674.000	1645.444
WYF00004.asd	326	675.000	1650.196
WYF00004.asd	327	676.000	1657.152
WYF00004.asd	328	677.000	1666.220
WYF00004.asd	329	678.000	1676.104
WYF00004.asd	330	679.000	1685.313
WYF00004.asd	331	680.000	1702.638
WYF00004.asd	332	681.000	1722.986
WYF00004.asd	333	682.000	1743.771
WYF00004.asd	334	683.000	1772.260
WYF00004.asd	335	684.000	1807.323
WYF00004.asd	336	685.000	1850.473
WYF00004.asd	337	686.000	1902.943
WYF00004.asd	338	687.000	1960.202
WYF00004.asd	339	688.000	2026.748
WYF00004.asd	340	689.000	2104.173
WYF00004.asd	341	690.000	2190.486
WYF00004.asd	342	691.000	2282.567
WYF00004.asd	343	692.000	2384.106
WYF00004.asd	344	693.000	2496.890
WYF00004.asd	345	694.000	2613.606
WYF00004.asd	346	695.000	2740.972
WYF00004.asd	347	696.000	2881.058
WYF00004.asd	348	697.000	3032.846
WYF00004.asd	349	698.000	3190.518
WYF00004.asd	350	699.000	3359.194
WYF00004.asd	351	700.000	3539.549
WYF00004.asd	352	701.000	3725.789
WYF00004.asd	353	702.000	3921.159
WYF00004.asd	354	703.000	4124.148
WYF00004.asd	355	704.000	4332.406
WYF00004.asd	356	705.000	4544.441
WYF00004.asd	357	706.000	4761.566
WYF00004.asd	358	707.000	4981.956
WYF00004.asd	359	708.000	5202.941
WYF00004.asd	360	709.000	5430.600
WYF00004.asd	361	710.000	5658.037
WYF00004.asd	362	711.000	5882.547
WYF00004.asd	363	712.000	6109.119
WYF00004.asd	364	713.000	6342.008
WYF00004.asd	365	714.000	6575.381
WYF00004.asd	366	715.000	6803.879
WYF00004.asd	367	716.000	7034.238
WYF00004.asd	368	717.000	7264.083
WYF00004.asd	369	718.000	7493.609
WYF00004.asd	370	719.000	7724.238
WYF00004.asd	371	720.000	7953.138
WYF00004.asd	372	721.000	8179.552
WYF00004.asd	373	722.000	8402.996
WYF00004.asd	374	723.000	8622.954
WYF00004.asd	375	724.000	8840.655
WYF00004.asd	376	725.000	9053.730
WYF00004.asd	377	726.000	9260.105
WYF00004.asd	378	727.000	9462.443
WYF00004.asd	379	728.000	9661.315
WYF00004.asd	380	729.000	9856.861
WYF00004.asd	381	730.000	10048.604
WYF00004.asd	382	731.000	10233.787
WYF00004.asd	383	732.000	10413.716
WYF00004.asd	384	733.000	10589.404
WYF00004.asd	385	734.000	10760.593
WYF00004.asd	386	735.000	10924.359
WYF00004.asd	387	736.000	11080.982
WYF00004.asd	388	737.000	11231.437
WYF00004.asd	389	738.000	11374.895
WYF00004.asd	390	739.000	11513.839
WYF00004.asd	391	740.000	11649.052
WYF00004.asd	392	741.000	11779.863
WYF00004.asd	393	742.000	11904.235
WYF00004.asd	394	743.000	12023.374
WYF00004.asd	395	744.000	12138.849
WYF00004.asd	396	745.000	12252.112
WYF00004.asd	397	746.000	12359.494
WYF00004.asd	398	747.000	12461.756
WYF00004.asd	399	748.000	12560.658
WYF00004.asd	400	749.000	12657.136
WYF00004.asd	401	750.000	12746.411
WYF00004.asd	402	751.000	12829.445
WYF00004.asd	403	752.000	12910.082
WYF00004.asd	404	753.000	12983.500
WYF00004.asd	405	754.000	13056.330
WYF00004.asd	406	755.000	13129.342
WYF00004.asd	407	756.000	13194.009
WYF00004.asd	408	757.000	13256.259
WYF00004.asd	409	758.000	13316.838
WYF00004.asd	410	759.000	13373.964
WYF00004.asd	411	760.000	13420.976
WYF00004.asd	412	761.000	13473.263
WYF00004.asd	413	762.000	13530.539
WYF00004.asd	414	763.000	13584.321
WYF00004.asd	415	764.000	13632.336
WYF00004.asd	416	765.000	13677.637
WYF00004.asd	417	766.000	13722.311
WYF00004.asd	418	767.000	13766.537
WYF00004.asd	419	768.000	13807.358
WYF00004.asd	420	769.000	13845.715
WYF00004.asd	421	770.000	13882.263
WYF00004.asd	422	771.000	13914.438
WYF00004.asd	423	772.000	13947.481
WYF00004.asd	424	773.000	13979.400
WYF00004.asd	425	774.000	14005.694
WYF00004.asd	426	775.000	14025.092
WYF00004.asd	427	776.000	14043.532
WYF00004.asd	428	777.000	14061.844
WYF00004.asd	429	778.000	14076.523
WYF00004.asd	430	779.000	14092.701
WYF00004.asd	431	780.000	14107.796
WYF00004.asd	432	781.000	14119.327
WYF00004.asd	433	782.000	14127.198
WYF00004.asd	434	783.000	14131.529
WYF00004.asd	435	784.000	14132.697
WYF00004.asd	436	785.000	14132.634
WYF00004.asd	437	786.000	14139.205
WYF00004.asd	438	787.000	14138.348
WYF00004.asd	439	788.000	14128.658
WYF00004.asd	440	789.000	14117.369
WYF00004.asd	441	790.000	14111.606
WYF00004.asd	442	791.000	14104.216
WYF00004.asd	443	792.000	14093.422
WYF00004.asd	444	793.000	14085.284
WYF00004.asd	445	794.000	14071.467
WYF00004.asd	446	795.000	14053.323
WYF00004.asd	447	796.000	14032.961
WYF00004.asd	448	797.000	14009.566
WYF00004.asd	449	798.000	13978.299
WYF00004.asd	450	799.000	13945.949
WYF00004.asd	451	800.000	13919.618
WYF00004.asd	452	801.000	13886.022
WYF00004.asd	453	802.000	13855.677
WYF00004.asd	454	803.000	13829.698
WYF00004.asd	455	804.000	13802.100
WYF00004.asd	456	805.000	13776.088
WYF00004.asd	457	806.000	13746.501
WYF00004.asd	458	807.000	13713.215
WYF00004.asd	459	808.000	13683.948
WYF00004.asd	460	809.000	13655.424
WYF00004.asd	461	810.000	13625.411
WYF00004.asd	462	811.000	13591.156
WYF00004.asd	463	812.000	13547.779
WYF00004.asd	464	813.000	13502.657
WYF00004.asd	465	814.000	13455.275
WYF00004.asd	466	815.000	13403.747
WYF00004.asd	467	816.000	13354.997
WYF00004.asd	468	817.000	13307.768
WYF00004.asd	469	818.000	13262.441
WYF00004.asd	470	819.000	13219.895
WYF00004.asd	471	820.000	13172.939
WYF00004.asd	472	821.000	13122.569
WYF00004.asd	473	822.000	13071.154
WYF00004.asd	474	823.000	13021.225
WYF00004.asd	475	824.000	12974.997
WYF00004.asd	476	825.000	12924.519
WYF00004.asd	477	826.000	12866.230
WYF00004.asd	478	827.000	12811.730
WYF00004.asd	479	828.000	12757.477
WYF00004.asd	480	829.000	12700.474
WYF00004.asd	481	830.000	12639.094
WYF00004.asd	482	831.000	12577.016
WYF00004.asd	483	832.000	12515.697
WYF00004.asd	484	833.000	12452.692
WYF00004.asd	485	834.000	12385.205
WYF00004.asd	486	835.000	12324.848
WYF00004.asd	487	836.000	12265.148
WYF00004.asd	488	837.000	12203.364
WYF00004.asd	489	838.000	12142.048
WYF00004.asd	490	839.000	12076.965
WYF00004.asd	491	840.000	12012.644
WYF00004.asd	492	841.000	11950.622
WYF00004.asd	493	842.000	11885.065
WYF00004.asd	494	843.000	11823.807
WYF00004.asd	495	844.000	11761.462
WYF00004.asd	496	845.000	11693.919
WYF00004.asd	497	846.000	11630.065
WYF00004.asd	498	847.000	11568.038
WYF00004.asd	499	848.000	11505.558
WYF00004.asd	500	849.000	11440.806
WYF00004.asd	501	850.000	11375.083
WYF00004.asd	502	851.000	11313.215
WYF00004.asd	503	852.000	11251.396
WYF00004.asd	504	853.000	11182.422
WYF00004.asd	505	854.000	11116.418
WYF00004.asd	506	855.000	11050.926
WYF00004.asd	507	856.000	10985.053
WYF00004.asd	508	857.000	10920.302
WYF00004.asd	509	858.000	10854.280
WYF00004.asd	510	859.000	10784.306
WYF00004.asd	511	860.000	10712.121
WYF00004.asd	512	861.000	10645.473
WYF00004.asd	513	862.000	10577.795
WYF00004.asd	514	863.000	10507.752
WYF00004.asd	515	864.000	10435.890
WYF00004.asd	516	865.000	10364.036
WYF00004.asd	517	866.000	10291.899
WYF00004.asd	518	867.000	10221.166
WYF00004.asd	519	868.000	10152.279
WYF00004.asd	520	869.000	10079.762
WYF00004.asd	521	870.000	10008.611
WYF00004.asd	522	871.000	9937.549
WYF00004.asd	523	872.000	9864.021
WYF00004.asd	524	873.000	9794.170
WYF00004.asd	525	874.000	9721.574
WYF00004.asd	526	875.000	9647.381
WYF00004.asd	527	876.000	9576.492
WYF00004.asd	528	877.000	9501.069
WYF00004.asd	529	878.000	9426.940
WYF00004.asd	530	879.000	9355.023
WYF00004.asd	531	880.000	9281.147
WYF00004.asd	532	881.000	9208.365
WYF00004.asd	533	882.000	9132.607
WYF00004.asd	534	883.000	9055.722
WYF00004.asd	535	884.000	8986.716
WYF00004.asd	536	885.000	8913.066
WYF00004.asd	537	886.000	8838.575
WYF00004.asd	538	887.000	8765.609
WYF00004.asd	539	888.000	8689.257
WYF00004.asd	540	889.000	8617.841
WYF00004.asd	541	890.000	8546.364
WYF00004.asd	542	891.000	8471.387
WYF00004.asd	543	892.000	8399.906
WYF00004.asd	544	893.000	8326.836
WYF00004.asd	545	894.000	8255.774
WYF00004.asd	546	895.000	8188.648
WYF00004.asd	547	896.000	8115.286
WYF00004.asd	548	897.000	8045.680
WYF00004.asd	549	898.000	7976.501
WYF00004.asd	550	899.000	7903.427
WYF00004.asd	551	900.000	7836.306
WYF00004.asd	552	901.000	7770.728
WYF00004.asd	553	902.000	7705.583
WYF00004.asd	554	903.000	7640.629
WYF00004.asd	555	904.000	7572.479
WYF00004.asd	556	905.000	7503.507
WYF00004.asd	557	906.000	7435.187
WYF00004.asd	558	907.000	7367.976
WYF00004.asd	559	908.000	7301.036
WYF00004.asd	560	909.000	7232.315
WYF00004.asd	561	910.000	7163.553
WYF00004.asd	562	911.000	7097.467
WYF00004.asd	563	912.000	7026.301
WYF00004.asd	564	913.000	6955.694
WYF00004.asd	565	914.000	6886.141
WYF00004.asd	566	915.000	6814.530
WYF00004.asd	567	916.000	6748.686
WYF00004.asd	568	917.000	6679.742
WYF00004.asd	569	918.000	6607.545
WYF00004.asd	570	919.000	6539.854
WYF00004.asd	571	920.000	6471.213
WYF00004.asd	572	921.000	6400.517
WYF00004.asd	573	922.000	6328.995
WYF00004.asd	574	923.000	6259.400
WYF00004.asd	575	924.000	6192.011
WYF00004.asd	576	925.000	6119.454
WYF00004.asd	577	926.000	6042.526
WYF00004.asd	578	927.000	5970.427
WYF00004.asd	579	928.000	5894.858
WYF00004.asd	580	929.000	5817.819
WYF00004.asd	581	930.000	5740.247
WYF00004.asd	582	931.000	5660.920
WYF00004.asd	583	932.000	5588.925
WYF00004.asd	584	933.000	5514.726
WYF00004.asd	585	934.000	5437.740
WYF00004.asd	586	935.000	5369.903
WYF00004.asd	587	936.000	5299.514
WYF00004.asd	588	937.000	5232.158
WYF00004.asd	589	938.000	5167.856
WYF00004.asd	590	939.000	5098.059
WYF00004.asd	591	940.000	5034.954
WYF00004.asd	592	941.000	4970.360
WYF00004.asd	593	942.000	4901.483
WYF00004.asd	594	943.000	4835.513
WYF00004.asd	595	944.000	4769.366
WYF00004.asd	596	945.000	4703.592
WYF00004.asd	597	946.000	4639.662
WYF00004.asd	598	947.000	4578.906
WYF00004.asd	599	948.000	4515.653
WYF00004.asd	600	949.000	4453.879
WYF00004.asd	601	950.000	4395.652
WYF00004.asd	602	951.000	4338.920
WYF00004.asd	603	952.000	4281.148
WYF00004.asd	604	953.000	4224.987
WYF00004.asd	605	954.000	4170.337
WYF00004.asd	606	955.000	4113.901
WYF00004.asd	607	956.000	4058.332
WYF00004.asd	608	957.000	4004.654
WYF00004.asd	609	958.000	3952.239
WYF00004.asd	610	959.000	3899.140
WYF00004.asd	611	960.000	3843.933
WYF00004.asd	612	961.000	3791.894
WYF00004.asd	613	962.000	3741.496
WYF00004.asd	614	963.000	3686.709
WYF00004.asd	615	964.000	3637.541
WYF00004.asd	616	965.000	3587.137
WYF00004.asd	617	966.000	3535.540
WYF00004.asd	618	967.000	3487.524
WYF00004.asd	619	968.000	3435.800
WYF00004.asd	620	969.000	3386.561
WYF00004.asd	621	970.000	3338.855
WYF00004.asd	622	971.000	3288.270
WYF00004.asd	623	972.000	3240.542
WYF00004.asd	624	973.000	3192.811
WYF00004.asd	625	974.000	3143.946
WYF00004.asd	626	975.000	3094.848
WYF00004.asd	627	976.000	3049.358
WYF00004.asd	628	977.000	3003.440
WYF00004.asd	629	978.000	2955.870
WYF00004.asd	630	979.000	2907.891
WYF00004.asd	631	980.000	2863.831
WYF00004.asd	632	981.000	2818.118
WYF00004.asd	633	982.000	2771.713
WYF00004.asd	634	983.000	2726.526
WYF00004.asd	635	984.000	2680.519
WYF00004.asd	636	985.000	2636.557
WYF00004.asd	637	986.000	2592.659
WYF00004.asd	638	987.000	2547.554
WYF00004.asd	639	988.000	2503.827
WYF00004.asd	640	989.000	2457.349
WYF00004.asd	641	990.000	2411.069
WYF00004.asd	642	991.000	2367.535
WYF00004.asd	643	992.000	2326.094
WYF00004.asd	644	993.000	2284.016
WYF00004.asd	645	994.000	2240.592
WYF00004.asd	646	995.000	2197.750
WYF00004.asd	647	996.000	2158.624
WYF00004.asd	648	997.000	2118.361
WYF00004.asd	649	998.000	2078.782
WYF00004.asd	650	999.000	2038.529
WYF00004.asd	651	1000.000	1995.422
WYF00004.asd	652	1001.000	8066.954
WYF00004.asd	653	1002.000	8118.935
WYF00004.asd	654	1003.000	8166.983
WYF00004.asd	655	1004.000	8221.958
WYF00004.asd	656	1005.000	8285.352
WYF00004.asd	657	1006.000	8339.750
WYF00004.asd	658	1007.000	8392.976
WYF00004.asd	659	1008.000	8447.772
WYF00004.asd	660	1009.000	8498.678
WYF00004.asd	661	1010.000	8548.060
WYF00004.asd	662	1011.000	8606.913
WYF00004.asd	663	1012.000	8667.112
WYF00004.asd	664	1013.000	8727.218
WYF00004.asd	665	1014.000	8790.651
WYF00004.asd	666	1015.000	8853.288
WYF00004.asd	667	1016.000	8920.416
WYF00004.asd	668	1017.000	8985.481
WYF00004.asd	669	1018.000	9048.122
WYF00004.asd	670	1019.000	9115.713
WYF00004.asd	671	1020.000	9186.882
WYF00004.asd	672	1021.000	9254.296
WYF00004.asd	673	1022.000	9326.520
WYF00004.asd	674	1023.000	9394.818
WYF00004.asd	675	1024.000	9459.315
WYF00004.asd	676	1025.000	9521.136
WYF00004.asd	677	1026.000	9584.976
WYF00004.asd	678	1027.000	9644.400
WYF00004.asd	679	1028.000	9704.732
WYF00004.asd	680	1029.000	9762.665
WYF00004.asd	681	1030.000	9821.592
WYF00004.asd	682	1031.000	9881.094
WYF00004.asd	683	1032.000	9933.994
WYF00004.asd	684	1033.000	9983.680
WYF00004.asd	685	1034.000	10031.194
WYF00004.asd	686	1035.000	10072.463
WYF00004.asd	687	1036.000	10113.310
WYF00004.asd	688	1037.000	10153.440
WYF00004.asd	689	1038.000	10189.591
WYF00004.asd	690	1039.000	10222.696
WYF00004.asd	691	1040.000	10256.744
WYF00004.asd	692	1041.000	10288.830
WYF00004.asd	693	1042.000	10320.165
WYF00004.asd	694	1043.000	10352.446
WYF00004.asd	695	1044.000	10389.423
WYF00004.asd	696	1045.000	10423.283
WYF00004.asd	697	1046.000	10452.028
WYF00004.asd	698	1047.000	10482.475
WYF00004.asd	699	1048.000	10509.716
WYF00004.asd	700	1049.000	10541.147
WYF00004.asd	701	1050.000	10578.146
WYF00004.asd	702	1051.000	10611.564
WYF00004.asd	703	1052.000	10645.387
WYF00004.asd	704	1053.000	10678.325
WYF00004.asd	705	1054.000	10708.136
WYF00004.asd	706	1055.000	10739.760
WYF00004.asd	707	1056.000	10778.667
WYF00004.asd	708	1057.000	10821.593
WYF00004.asd	709	1058.000	10866.602
WYF00004.asd	710	1059.000	10910.808
WYF00004.asd	711	1060.000	10955.403
WYF00004.asd	712	1061.000	11001.375
WYF00004.asd	713	1062.000	11047.750
WYF00004.asd	714	1063.000	11094.584
WYF00004.asd	715	1064.000	11146.724
WYF00004.asd	716	1065.000	11201.916
WYF00004.asd	717	1066.000	11260.989
WYF00004.asd	718	1067.000	11324.721
WYF00004.asd	719	1068.000	11391.922
WYF00004.asd	720	1069.000	11460.614
WYF00004.asd	721	1070.000	11534.027
WYF00004.asd	722	1071.000	11605.886
WYF00004.asd	723	1072.000	11681.746
WYF00004.asd	724	1073.000	11767.527
WYF00004.asd	725	1074.000	11851.254
WYF00004.asd	726	1075.000	11939.488
WYF00004.asd	727	1076.000	12034.320
WYF00004.asd	728	1077.000	12121.727
WYF00004.asd	729	1078.000	12213.691
WYF00004.asd	730	1079.000	12312.278
WYF00004.asd	731	1080.000	12413.811
WYF00004.asd	732	1081.000	12518.172
WYF00004.asd	733	1082.000	12638.915
WYF00004.asd	734	1083.000	12762.511
WYF00004.asd	735	1084.000	12884.909
WYF00004.asd	736	1085.000	13012.544
WYF00004.asd	737	1086.000	13135.542
WYF00004.asd	738	1087.000	13263.032
WYF00004.asd	739	1088.000	13395.582
WYF00004.asd	740	1089.000	13528.058
WYF00004.asd	741	1090.000	13671.626
WYF00004.asd	742	1091.000	13812.357
WYF00004.asd	743	1092.000	13952.484
WYF00004.asd	744	1093.000	14101.903
WYF00004.asd	745	1094.000	14243.311
WYF00004.asd	746	1095.000	14387.948
WYF00004.asd	747	1096.000	14535.651
WYF00004.asd	748	1097.000	14682.014
WYF00004.asd	749	1098.000	14818.677
WYF00004.asd	750	1099.000	14963.452
WYF00004.asd	751	1100.000	15100.095
WYF00004.asd	752	1101.000	15234.175
WYF00004.asd	753	1102.000	15377.063
WYF00004.asd	754	1103.000	15507.046
WYF00004.asd	755	1104.000	15637.487
WYF00004.asd	756	1105.000	15772.216
WYF00004.asd	757	1106.000	15891.477
WYF00004.asd	758	1107.000	16012.647
WYF00004.asd	759	1108.000	16130.282
WYF00004.asd	760	1109.000	16233.089
WYF00004.asd	761	1110.000	16334.247
WYF00004.asd	762	1111.000	16431.462
WYF00004.asd	763	1112.000	16523.181
WYF00004.asd	764	1113.000	16609.666
WYF00004.asd	765	1114.000	16693.833
WYF00004.asd	766	1115.000	16765.309
WYF00004.asd	767	1116.000	16834.904
WYF00004.asd	768	1117.000	16894.605
WYF00004.asd	769	1118.000	16947.073
WYF00004.asd	770	1119.000	16998.928
WYF00004.asd	771	1120.000	17040.742
WYF00004.asd	772	1121.000	17080.397
WYF00004.asd	773	1122.000	17118.149
WYF00004.asd	774	1123.000	17152.179
WYF00004.asd	775	1124.000	17187.560
WYF00004.asd	776	1125.000	17224.280
WYF00004.asd	777	1126.000	17257.412
WYF00004.asd	778	1127.000	17286.664
WYF00004.asd	779	1128.000	17316.885
WYF00004.asd	780	1129.000	17339.766
WYF00004.asd	781	1130.000	17356.129
WYF00004.asd	782	1131.000	17367.969
WYF00004.asd	783	1132.000	17378.412
WYF00004.asd	784	1133.000	17387.619
WYF00004.asd	785	1134.000	17397.058
WYF00004.asd	786	1135.000	17409.815
WYF00004.asd	787	1136.000	17428.215
WYF00004.asd	788	1137.000	17446.860
WYF00004.asd	789	1138.000	17477.077
WYF00004.asd	790	1139.000	17509.052
WYF00004.asd	791	1140.000	17536.964
WYF00004.asd	792	1141.000	17573.142
WYF00004.asd	793	1142.000	17603.602
WYF00004.asd	794	1143.000	17629.110
WYF00004.asd	795	1144.000	17656.080
WYF00004.asd	796	1145.000	17680.560
WYF00004.asd	797	1146.000	17706.271
WYF00004.asd	798	1147.000	17730.938
WYF00004.asd	799	1148.000	17762.820
WYF00004.asd	800	1149.000	17788.625
WYF00004.asd	801	1150.000	17814.403
WYF00004.asd	802	1151.000	17839.254
WYF00004.asd	803	1152.000	17857.559
WYF00004.asd	804	1153.000	17877.555
WYF00004.asd	805	1154.000	17897.735
WYF00004.asd	806	1155.000	17919.159
WYF00004.asd	807	1156.000	17940.446
WYF00004.asd	808	1157.000	17960.933
WYF00004.asd	809	1158.000	17986.113
WYF00004.asd	810	1159.000	18007.992
WYF00004.asd	811	1160.000	18027.872
WYF00004.asd	812	1161.000	18048.758
WYF00004.asd	813	1162.000	18069.155
WYF00004.asd	814	1163.000	18087.381
WYF00004.asd	815	1164.000	18106.711
WYF00004.asd	816	1165.000	18120.849
WYF00004.asd	817	1166.000	18132.056
WYF00004.asd	818	1167.000	18152.042
WYF00004.asd	819	1168.000	18166.177
WYF00004.asd	820	1169.000	18183.073
WYF00004.asd	821	1170.000	18206.136
WYF00004.asd	822	1171.000	18220.808
WYF00004.asd	823	1172.000	18242.312
WYF00004.asd	824	1173.000	18266.685
WYF00004.asd	825	1174.000	18287.293
WYF00004.asd	826	1175.000	18311.265
WYF00004.asd	827	1176.000	18331.915
WYF00004.asd	828	1177.000	18350.827
WYF00004.asd	829	1178.000	18369.572
WYF00004.asd	830	1179.000	18388.608
WYF00004.asd	831	1180.000	18402.774
WYF00004.asd	832	1181.000	18413.456
WYF00004.asd	833	1182.000	18425.587
WYF00004.asd	834	1183.000	18433.133
WYF00004.asd	835	1184.000	18444.359
WYF00004.asd	836	1185.000	18459.785
WYF00004.asd	837	1186.000	18474.829
WYF00004.asd	838	1187.000	18495.364
WYF00004.asd	839	1188.000	18518.708
WYF00004.asd	840	1189.000	18544.950
WYF00004.asd	841	1190.000	18573.428
WYF00004.asd	842	1191.000	18598.789
WYF00004.asd	843	1192.000	18623.234
WYF00004.asd	844	1193.000	18649.055
WYF00004.asd	845	1194.000	18674.050
WYF00004.asd	846	1195.000	18701.222
WYF00004.asd	847	1196.000	18729.891
WYF00004.asd	848	1197.000	18758.697
WYF00004.asd	849	1198.000	18790.065
WYF00004.asd	850	1199.000	18818.646
WYF00004.asd	851	1200.000	18844.806
WYF00004.asd	852	1201.000	18875.635
WYF00004.asd	853	1202.000	18908.437
WYF00004.asd	854	1203.000	18937.830
WYF00004.asd	855	1204.000	18973.247
WYF00004.asd	856	1205.000	19003.991
WYF00004.asd	857	1206.000	19033.014
WYF00004.asd	858	1207.000	19065.822
WYF00004.asd	859	1208.000	19094.846
WYF00004.asd	860	1209.000	19124.999
WYF00004.asd	861	1210.000	19158.132
WYF00004.asd	862	1211.000	19189.659
WYF00004.asd	863	1212.000	19228.121
WYF00004.asd	864	1213.000	19271.682
WYF00004.asd	865	1214.000	19316.853
WYF00004.asd	866	1215.000	19365.858
WYF00004.asd	867	1216.000	19414.219
WYF00004.asd	868	1217.000	19465.178
WYF00004.asd	869	1218.000	19518.063
WYF00004.asd	870	1219.000	19573.489
WYF00004.asd	871	1220.000	19627.647
WYF00004.asd	872	1221.000	19684.209
WYF00004.asd	873	1222.000	19736.429
WYF00004.asd	874	1223.000	19791.718
WYF00004.asd	875	1224.000	19847.338
WYF00004.asd	876	1225.000	19899.459
WYF00004.asd	877	1226.000	19953.027
WYF00004.asd	878	1227.000	20005.249
WYF00004.asd	879	1228.000	20053.666
WYF00004.asd	880	1229.000	20102.829
WYF00004.asd	881	1230.000	20153.599
WYF00004.asd	882	1231.000	20201.650
WYF00004.asd	883	1232.000	20248.253
WYF00004.asd	884	1233.000	20292.610
WYF00004.asd	885	1234.000	20336.248
WYF00004.asd	886	1235.000	20378.566
WYF00004.asd	887	1236.000	20417.389
WYF00004.asd	888	1237.000	20455.340
WYF00004.asd	889	1238.000	20491.944
WYF00004.asd	890	1239.000	20527.951
WYF00004.asd	891	1240.000	20562.857
WYF00004.asd	892	1241.000	20597.660
WYF00004.asd	893	1242.000	20629.151
WYF00004.asd	894	1243.000	20665.810
WYF00004.asd	895	1244.000	20709.318
WYF00004.asd	896	1245.000	20743.870
WYF00004.asd	897	1246.000	20781.401
WYF00004.asd	898	1247.000	20817.670
WYF00004.asd	899	1248.000	20847.824
WYF00004.asd	900	1249.000	20871.700
WYF00004.asd	901	1250.000	20894.469
WYF00004.asd	902	1251.000	20916.614
WYF00004.asd	903	1252.000	20931.694
WYF00004.asd	904	1253.000	20941.925
WYF00004.asd	905	1254.000	20947.398
WYF00004.asd	906	1255.000	20947.686
WYF00004.asd	907	1256.000	20943.915
WYF00004.asd	908	1257.000	20933.616
WYF00004.asd	909	1258.000	20922.461
WYF00004.asd	910	1259.000	20908.925
WYF00004.asd	911	1260.000	20891.053
WYF00004.asd	912	1261.000	20870.805
WYF00004.asd	913	1262.000	20846.809
WYF00004.asd	914	1263.000	20816.127
WYF00004.asd	915	1264.000	20785.943
WYF00004.asd	916	1265.000	20755.160
WYF00004.asd	917	1266.000	20719.968
WYF00004.asd	918	1267.000	20689.502
WYF00004.asd	919	1268.000	20657.931
WYF00004.asd	920	1269.000	20629.756
WYF00004.asd	921	1270.000	20603.768
WYF00004.asd	922	1271.000	20580.588
WYF00004.asd	923	1272.000	20558.596
WYF00004.asd	924	1273.000	20540.284
WYF00004.asd	925	1274.000	20525.731
WYF00004.asd	926	1275.000	20511.276
WYF00004.asd	927	1276.000	20496.011
WYF00004.asd	928	1277.000	20489.759
WYF00004.asd	929	1278.000	20486.095
WYF00004.asd	930	1279.000	20488.176
WYF00004.asd	931	1280.000	20499.405
WYF00004.asd	932	1281.000	20511.487
WYF00004.asd	933	1282.000	20526.614
WYF00004.asd	934	1283.000	20545.013
WYF00004.asd	935	1284.000	20567.220
WYF00004.asd	936	1285.000	20592.167
WYF00004.asd	937	1286.000	20620.388
WYF00004.asd	938	1287.000	20649.601
WYF00004.asd	939	1288.000	20681.526
WYF00004.asd	940	1289.000	20716.583
WYF00004.asd	941	1290.000	20752.692
WYF00004.asd	942	1291.000	20792.068
WYF00004.asd	943	1292.000	20829.688
WYF00004.asd	944	1293.000	20867.006
WYF00004.asd	945	1294.000	20907.519
WYF00004.asd	946	1295.000	20949.240
WYF00004.asd	947	1296.000	20990.714
WYF00004.asd	948	1297.000	21033.604
WYF00004.asd	949	1298.000	21078.111
WYF00004.asd	950	1299.000	21123.696
WYF00004.asd	951	1300.000	21168.106
WYF00004.asd	952	1301.000	21216.002
WYF00004.asd	953	1302.000	21260.629
WYF00004.asd	954	1303.000	21301.112
WYF00004.asd	955	1304.000	21343.261
WYF00004.asd	956	1305.000	21384.341
WYF00004.asd	957	1306.000	21426.982
WYF00004.asd	958	1307.000	21470.767
WYF00004.asd	959	1308.000	21515.357
WYF00004.asd	960	1309.000	21558.382
WYF00004.asd	961	1310.000	21602.369
WYF00004.asd	962	1311.000	21640.245
WYF00004.asd	963	1312.000	21673.420
WYF00004.asd	964	1313.000	21704.734
WYF00004.asd	965	1314.000	21728.343
WYF00004.asd	966	1315.000	21760.626
WYF00004.asd	967	1316.000	21795.583
WYF00004.asd	968	1317.000	21828.523
WYF00004.asd	969	1318.000	21865.695
WYF00004.asd	970	1319.000	21898.559
WYF00004.asd	971	1320.000	21927.007
WYF00004.asd	972	1321.000	21956.430
WYF00004.asd	973	1322.000	21985.843
WYF00004.asd	974	1323.000	22014.574
WYF00004.asd	975	1324.000	22045.255
WYF00004.asd	976	1325.000	22070.026
WYF00004.asd	977	1326.000	22093.736
WYF00004.asd	978	1327.000	22112.715
WYF00004.asd	979	1328.000	22125.452
WYF00004.asd	980	1329.000	22136.936
WYF00004.asd	981	1330.000	22143.775
WYF00004.asd	982	1331.000	22151.777
WYF00004.asd	983	1332.000	22159.996
WYF00004.asd	984	1333.000	22164.327
WYF00004.asd	985	1334.000	22169.258
WYF00004.asd	986	1335.000	22172.556
WYF00004.asd	987	1336.000	22173.541
WYF00004.asd	988	1337.000	22174.189
WYF00004.asd	989	1338.000	22165.369
WYF00004.asd	990	1339.000	22154.074
WYF00004.asd	991	1340.000	22134.844
WYF00004.asd	992	1341.000	22109.709
WYF00004.asd	993	1342.000	22074.005
WYF00004.asd	994	1343.000	22034.247
WYF00004.asd	995	1344.000	21978.869
WYF00004.asd	996	1345.000	21913.383
WYF00004.asd	997	1346.000	21832.378
WYF00004.asd	998	1347.000	21744.301
WYF00004.asd	999	1348.000	21632.320
WYF00004.asd	1000	1349.000	21497.918
WYF00004.asd	1001	1350.000	21354.456
WYF00004.asd	1002	1351.000	21189.300
WYF00004.asd	1003	1352.000	21019.593
WYF00004.asd	1004	1353.000	20835.392
WYF00004.asd	1005	1354.000	20652.732
WYF00004.asd	1006	1355.000	20453.422
WYF00004.asd	1007	1356.000	20268.633
WYF00004.asd	1008	1357.000	20078.704
WYF00004.asd	1009	1358.000	19908.829
WYF00004.asd	1010	1359.000	19747.640
WYF00004.asd	1011	1360.000	19600.599
WYF00004.asd	1012	1361.000	19481.685
WYF00004.asd	1013	1362.000	19391.512
WYF00004.asd	1014	1363.000	19337.706
WYF00004.asd	1015	1364.000	19318.440
WYF00004.asd	1016	1365.000	19323.176
WYF00004.asd	1017	1366.000	19364.144
WYF00004.asd	1018	1367.000	19417.071
WYF00004.asd	1019	1368.000	19500.750
WYF00004.asd	1020	1369.000	19584.686
WYF00004.asd	1021	1370.000	19697.944
WYF00004.asd	1022	1371.000	19785.876
WYF00004.asd	1023	1372.000	19893.872
WYF00004.asd	1024	1373.000	19949.005
WYF00004.asd	1025	1374.000	19999.031
WYF00004.asd	1026	1375.000	19984.977
WYF00004.asd	1027	1376.000	19924.507
WYF00004.asd	1028	1377.000	19828.223
WYF00004.asd	1029	1378.000	19656.072
WYF00004.asd	1030	1379.000	19503.828
WYF00004.asd	1031	1380.000	19294.979
WYF00004.asd	1032	1381.000	19143.708
WYF00004.asd	1033	1382.000	18987.080
WYF00004.asd	1034	1383.000	18893.644
WYF00004.asd	1035	1384.000	18862.300
WYF00004.asd	1036	1385.000	18842.317
WYF00004.asd	1037	1386.000	18875.324
WYF00004.asd	1038	1387.000	18916.417
WYF00004.asd	1039	1388.000	18944.970
WYF00004.asd	1040	1389.000	18969.389
WYF00004.asd	1041	1390.000	18961.382
WYF00004.asd	1042	1391.000	18933.279
WYF00004.asd	1043	1392.000	18896.392
WYF00004.asd	1044	1393.000	18833.244
WYF00004.asd	1045	1394.000	18779.984
WYF00004.asd	1046	1395.000	18714.340
WYF00004.asd	1047	1396.000	18666.994
WYF00004.asd	1048	1397.000	18621.450
WYF00004.asd	1049	1398.000	18585.089
WYF00004.asd	1050	1399.000	18566.152
WYF00004.asd	1051	1400.000	18536.520
WYF00004.asd	1052	1401.000	18509.916
WYF00004.asd	1053	1402.000	18475.281
WYF00004.asd	1054	1403.000	18437.302
WYF00004.asd	1055	1404.000	18394.287
WYF00004.asd	1056	1405.000	18340.437
WYF00004.asd	1057	1406.000	18294.740
WYF00004.asd	1058	1407.000	18243.583
WYF00004.asd	1059	1408.000	18203.551
WYF00004.asd	1060	1409.000	18173.357
WYF00004.asd	1061	1410.000	18142.583
WYF00004.asd	1062	1411.000	18121.102
WYF00004.asd	1063	1412.000	18093.183
WYF00004.asd	1064	1413.000	18064.574
WYF00004.asd	1065	1414.000	18033.148
WYF00004.asd	1066	1415.000	17998.381
WYF00004.asd	1067	1416.000	17961.949
WYF00004.asd	1068	1417.000	17920.094
WYF00004.asd	1069	1418.000	17882.193
WYF00004.asd	1070	1419.000	17842.656
WYF00004.asd	1071	1420.000	17806.925
WYF00004.asd	1072	1421.000	17773.125
WYF00004.asd	1073	1422.000	17745.314
WYF00004.asd	1074	1423.000	17709.384
WYF00004.asd	1075	1424.000	17670.443
WYF00004.asd	1076	1425.000	17635.286
WYF00004.asd	1077	1426.000	17597.401
WYF00004.asd	1078	1427.000	17563.269
WYF00004.asd	1079	1428.000	17533.419
WYF00004.asd	1080	1429.000	17503.114
WYF00004.asd	1081	1430.000	17471.677
WYF00004.asd	1082	1431.000	17443.567
WYF00004.asd	1083	1432.000	17416.897
WYF00004.asd	1084	1433.000	17394.562
WYF00004.asd	1085	1434.000	17374.549
WYF00004.asd	1086	1435.000	17357.600
WYF00004.asd	1087	1436.000	17345.001
WYF00004.asd	1088	1437.000	17334.333
WYF00004.asd	1089	1438.000	17327.480
WYF00004.asd	1090	1439.000	17319.162
WYF00004.asd	1091	1440.000	17313.205
WYF00004.asd	1092	1441.000	17306.868
WYF00004.asd	1093	1442.000	17298.873
WYF00004.asd	1094	1443.000	17292.723
WYF00004.asd	1095	1444.000	17286.621
WYF00004.asd	1096	1445.000	17284.059
WYF00004.asd	1097	1446.000	17280.859
WYF00004.asd	1098	1447.000	17283.869
WYF00004.asd	1099	1448.000	17296.859
WYF00004.asd	1100	1449.000	17303.978
WYF00004.asd	1101	1450.000	17312.250
WYF00004.asd	1102	1451.000	17319.425
WYF00004.asd	1103	1452.000	17321.309
WYF00004.asd	1104	1453.000	17325.816
WYF00004.asd	1105	1454.000	17331.949
WYF00004.asd	1106	1455.000	17340.279
WYF00004.asd	1107	1456.000	17346.360
WYF00004.asd	1108	1457.000	17349.292
WYF00004.asd	1109	1458.000	17347.995
WYF00004.asd	1110	1459.000	17343.443
WYF00004.asd	1111	1460.000	17335.669
WYF00004.asd	1112	1461.000	17322.737
WYF00004.asd	1113	1462.000	17312.158
WYF00004.asd	1114	1463.000	17300.243
WYF00004.asd	1115	1464.000	17287.151
WYF00004.asd	1116	1465.000	17272.990
WYF00004.asd	1117	1466.000	17259.865
WYF00004.asd	1118	1467.000	17245.101
WYF00004.asd	1119	1468.000	17231.871
WYF00004.asd	1120	1469.000	17219.596
WYF00004.asd	1121	1470.000	17209.061
WYF00004.asd	1122	1471.000	17195.843
WYF00004.asd	1123	1472.000	17191.227
WYF00004.asd	1124	1473.000	17191.796
WYF00004.asd	1125	1474.000	17194.561
WYF00004.asd	1126	1475.000	17206.910
WYF00004.asd	1127	1476.000	17210.697
WYF00004.asd	1128	1477.000	17212.600
WYF00004.asd	1129	1478.000	17214.325
WYF00004.asd	1130	1479.000	17209.848
WYF00004.asd	1131	1480.000	17211.515
WYF00004.asd	1132	1481.000	17216.805
WYF00004.asd	1133	1482.000	17221.920
WYF00004.asd	1134	1483.000	17231.020
WYF00004.asd	1135	1484.000	17236.516
WYF00004.asd	1136	1485.000	17241.060
WYF00004.asd	1137	1486.000	17244.598
WYF00004.asd	1138	1487.000	17243.450
WYF00004.asd	1139	1488.000	17246.704
WYF00004.asd	1140	1489.000	17252.330
WYF00004.asd	1141	1490.000	17257.432
WYF00004.asd	1142	1491.000	17267.207
WYF00004.asd	1143	1492.000	17272.417
WYF00004.asd	1144	1493.000	17273.399
WYF00004.asd	1145	1494.000	17275.846
WYF00004.asd	1146	1495.000	17275.961
WYF00004.asd	1147	1496.000	17277.561
WYF00004.asd	1148	1497.000	17283.405
WYF00004.asd	1149	1498.000	17285.016
WYF00004.asd	1150	1499.000	17282.738
WYF00004.asd	1151	1500.000	17282.484
WYF00004.asd	1152	1501.000	17281.919
WYF00004.asd	1153	1502.000	17283.720
WYF00004.asd	1154	1503.000	17289.255
WYF00004.asd	1155	1504.000	17292.899
WYF00004.asd	1156	1505.000	17295.896
WYF00004.asd	1157	1506.000	17297.585
WYF00004.asd	1158	1507.000	17298.277
WYF00004.asd	1159	1508.000	17297.990
WYF00004.asd	1160	1509.000	17299.349
WYF00004.asd	1161	1510.000	17299.229
WYF00004.asd	1162	1511.000	17302.302
WYF00004.asd	1163	1512.000	17308.918
WYF00004.asd	1164	1513.000	17311.691
WYF00004.asd	1165	1514.000	17314.671
WYF00004.asd	1166	1515.000	17315.319
WYF00004.asd	1167	1516.000	17311.768
WYF00004.asd	1168	1517.000	17313.687
WYF00004.asd	1169	1518.000	17317.894
WYF00004.asd	1170	1519.000	17319.550
WYF00004.asd	1171	1520.000	17324.786
WYF00004.asd	1172	1521.000	17323.848
WYF00004.asd	1173	1522.000	17316.551
WYF00004.asd	1174	1523.000	17313.320
WYF00004.asd	1175	1524.000	17307.171
WYF00004.asd	1176	1525.000	17307.073
WYF00004.asd	1177	1526.000	17311.594
WYF00004.asd	1178	1527.000	17314.735
WYF00004.asd	1179	1528.000	17323.318
WYF00004.asd	1180	1529.000	17324.836
WYF00004.asd	1181	1530.000	17324.210
WYF00004.asd	1182	1531.000	17320.455
WYF00004.asd	1183	1532.000	17312.316
WYF00004.asd	1184	1533.000	17303.157
WYF00004.asd	1185	1534.000	17289.443
WYF00004.asd	1186	1535.000	17278.726
WYF00004.asd	1187	1536.000	17266.731
WYF00004.asd	1188	1537.000	17257.218
WYF00004.asd	1189	1538.000	17251.017
WYF00004.asd	1190	1539.000	17243.019
WYF00004.asd	1191	1540.000	17234.354
WYF00004.asd	1192	1541.000	17226.799
WYF00004.asd	1193	1542.000	17220.924
WYF00004.asd	1194	1543.000	17212.514
WYF00004.asd	1195	1544.000	17203.633
WYF00004.asd	1196	1545.000	17194.581
WYF00004.asd	1197	1546.000	17183.290
WYF00004.asd	1198	1547.000	17172.296
WYF00004.asd	1199	1548.000	17161.457
WYF00004.asd	1200	1549.000	17151.367
WYF00004.asd	1201	1550.000	17141.470
WYF00004.asd	1202	1551.000	17130.950
WYF00004.asd	1203	1552.000	17122.633
WYF00004.asd	1204	1553.000	17111.044
WYF00004.asd	1205	1554.000	17095.506
WYF00004.asd	1206	1555.000	17081.709
WYF00004.asd	1207	1556.000	17067.831
WYF00004.asd	1208	1557.000	17053.508
WYF00004.asd	1209	1558.000	17040.002
WYF00004.asd	1210	1559.000	17025.987
WYF00004.asd	1211	1560.000	17012.861
WYF00004.asd	1212	1561.000	16996.172
WYF00004.asd	1213	1562.000	16979.503
WYF00004.asd	1214	1563.000	16956.852
WYF00004.asd	1215	1564.000	16935.834
WYF00004.asd	1216	1565.000	16914.249
WYF00004.asd	1217	1566.000	16894.330
WYF00004.asd	1218	1567.000	16879.361
WYF00004.asd	1219	1568.000	16858.291
WYF00004.asd	1220	1569.000	16836.844
WYF00004.asd	1221	1570.000	16817.968
WYF00004.asd	1222	1571.000	16795.478
WYF00004.asd	1223	1572.000	16777.147
WYF00004.asd	1224	1573.000	16759.129
WYF00004.asd	1225	1574.000	16737.686
WYF00004.asd	1226	1575.000	16720.721
WYF00004.asd	1227	1576.000	16702.789
WYF00004.asd	1228	1577.000	16681.369
WYF00004.asd	1229	1578.000	16658.597
WYF00004.asd	1230	1579.000	16635.790
WYF00004.asd	1231	1580.000	16615.246
WYF00004.asd	1232	1581.000	16593.854
WYF00004.asd	1233	1582.000	16572.214
WYF00004.asd	1234	1583.000	16551.778
WYF00004.asd	1235	1584.000	16529.152
WYF00004.asd	1236	1585.000	16508.931
WYF00004.asd	1237	1586.000	16488.013
WYF00004.asd	1238	1587.000	16468.115
WYF00004.asd	1239	1588.000	16447.462
WYF00004.asd	1240	1589.000	16425.571
WYF00004.asd	1241	1590.000	16405.158
WYF00004.asd	1242	1591.000	16386.264
WYF00004.asd	1243	1592.000	16365.840
WYF00004.asd	1244	1593.000	16345.199
WYF00004.asd	1245	1594.000	16324.695
WYF00004.asd	1246	1595.000	16304.011
WYF00004.asd	1247	1596.000	16282.417
WYF00004.asd	1248	1597.000	16261.174
WYF00004.asd	1249	1598.000	16237.992
WYF00004.asd	1250	1599.000	16213.431
WYF00004.asd	1251	1600.000	16187.943
WYF00004.asd	1252	1601.000	16160.686
WYF00004.asd	1253	1602.000	16135.154
WYF00004.asd	1254	1603.000	16108.925
WYF00004.asd	1255	1604.000	16083.666
WYF00004.asd	1256	1605.000	16059.741
WYF00004.asd	1257	1606.000	16035.282
WYF00004.asd	1258	1607.000	16011.926
WYF00004.asd	1259	1608.000	15984.707
WYF00004.asd	1260	1609.000	15957.406
WYF00004.asd	1261	1610.000	15927.024
WYF00004.asd	1262	1611.000	15892.886
WYF00004.asd	1263	1612.000	15858.118
WYF00004.asd	1264	1613.000	15821.602
WYF00004.asd	1265	1614.000	15784.221
WYF00004.asd	1266	1615.000	15745.193
WYF00004.asd	1267	1616.000	15705.158
WYF00004.asd	1268	1617.000	15665.632
WYF00004.asd	1269	1618.000	15621.117
WYF00004.asd	1270	1619.000	15572.508
WYF00004.asd	1271	1620.000	15525.728
WYF00004.asd	1272	1621.000	15475.987
WYF00004.asd	1273	1622.000	15428.156
WYF00004.asd	1274	1623.000	15382.678
WYF00004.asd	1275	1624.000	15333.936
WYF00004.asd	1276	1625.000	15284.639
WYF00004.asd	1277	1626.000	15233.931
WYF00004.asd	1278	1627.000	15180.612
WYF00004.asd	1279	1628.000	15128.462
WYF00004.asd	1280	1629.000	15075.118
WYF00004.asd	1281	1630.000	15023.537
WYF00004.asd	1282	1631.000	14972.429
WYF00004.asd	1283	1632.000	14921.979
WYF00004.asd	1284	1633.000	14874.419
WYF00004.asd	1285	1634.000	14822.845
WYF00004.asd	1286	1635.000	14769.797
WYF00004.asd	1287	1636.000	14716.783
WYF00004.asd	1288	1637.000	14663.210
WYF00004.asd	1289	1638.000	14603.966
WYF00004.asd	1290	1639.000	14542.444
WYF00004.asd	1291	1640.000	14481.540
WYF00004.asd	1292	1641.000	14416.557
WYF00004.asd	1293	1642.000	14353.858
WYF00004.asd	1294	1643.000	14293.852
WYF00004.asd	1295	1644.000	14229.063
WYF00004.asd	1296	1645.000	14163.422
WYF00004.asd	1297	1646.000	14090.952
WYF00004.asd	1298	1647.000	14013.552
WYF00004.asd	1299	1648.000	13936.994
WYF00004.asd	1300	1649.000	13856.879
WYF00004.asd	1301	1650.000	13775.165
WYF00004.asd	1302	1651.000	13693.077
WYF00004.asd	1303	1652.000	13610.000
WYF00004.asd	1304	1653.000	13522.475
WYF00004.asd	1305	1654.000	13437.126
WYF00004.asd	1306	1655.000	13352.515
WYF00004.asd	1307	1656.000	13269.029
WYF00004.asd	1308	1657.000	13185.571
WYF00004.asd	1309	1658.000	13102.682
WYF00004.asd	1310	1659.000	13021.762
WYF00004.asd	1311	1660.000	12941.209
WYF00004.asd	1312	1661.000	12859.295
WYF00004.asd	1313	1662.000	12780.342
WYF00004.asd	1314	1663.000	12700.805
WYF00004.asd	1315	1664.000	12621.373
WYF00004.asd	1316	1665.000	12549.110
WYF00004.asd	1317	1666.000	12477.130
WYF00004.asd	1318	1667.000	12402.097
WYF00004.asd	1319	1668.000	12331.930
WYF00004.asd	1320	1669.000	12262.680
WYF00004.asd	1321	1670.000	12197.062
WYF00004.asd	1322	1671.000	12141.141
WYF00004.asd	1323	1672.000	12086.406
WYF00004.asd	1324	1673.000	12032.806
WYF00004.asd	1325	1674.000	11980.526
WYF00004.asd	1326	1675.000	11926.444
WYF00004.asd	1327	1676.000	11875.886
WYF00004.asd	1328	1677.000	11824.455
WYF00004.asd	1329	1678.000	11772.174
WYF00004.asd	1330	1679.000	11723.434
WYF00004.asd	1331	1680.000	11671.617
WYF00004.asd	1332	1681.000	11616.357
WYF00004.asd	1333	1682.000	11560.281
WYF00004.asd	1334	1683.000	11502.475
WYF00004.asd	1335	1684.000	11443.691
WYF00004.asd	1336	1685.000	11386.885
WYF00004.asd	1337	1686.000	11330.513
WYF00004.asd	1338	1687.000	11272.736
WYF00004.asd	1339	1688.000	11216.932
WYF00004.asd	1340	1689.000	11163.540
WYF00004.asd	1341	1690.000	11111.773
WYF00004.asd	1342	1691.000	11062.224
WYF00004.asd	1343	1692.000	11008.332
WYF00004.asd	1344	1693.000	10948.560
WYF00004.asd	1345	1694.000	10888.757
WYF00004.asd	1346	1695.000	10829.097
WYF00004.asd	1347	1696.000	10768.618
WYF00004.asd	1348	1697.000	10712.105
WYF00004.asd	1349	1698.000	10655.670
WYF00004.asd	1350	1699.000	10594.807
WYF00004.asd	1351	1700.000	10534.103
WYF00004.asd	1352	1701.000	10473.079
WYF00004.asd	1353	1702.000	10412.454
WYF00004.asd	1354	1703.000	10354.294
WYF00004.asd	1355	1704.000	10303.257
WYF00004.asd	1356	1705.000	10257.012
WYF00004.asd	1357	1706.000	10205.657
WYF00004.asd	1358	1707.000	10153.992
WYF00004.asd	1359	1708.000	10102.070
WYF00004.asd	1360	1709.000	10041.233
WYF00004.asd	1361	1710.000	9981.661
WYF00004.asd	1362	1711.000	9924.452
WYF00004.asd	1363	1712.000	9863.406
WYF00004.asd	1364	1713.000	9806.797
WYF00004.asd	1365	1714.000	9754.740
WYF00004.asd	1366	1715.000	9703.473
WYF00004.asd	1367	1716.000	9651.658
WYF00004.asd	1368	1717.000	9598.611
WYF00004.asd	1369	1718.000	9547.113
WYF00004.asd	1370	1719.000	9493.006
WYF00004.asd	1371	1720.000	9440.225
WYF00004.asd	1372	1721.000	9391.134
WYF00004.asd	1373	1722.000	9343.518
WYF00004.asd	1374	1723.000	9296.008
WYF00004.asd	1375	1724.000	9248.810
WYF00004.asd	1376	1725.000	9204.407
WYF00004.asd	1377	1726.000	9159.207
WYF00004.asd	1378	1727.000	9118.833
WYF00004.asd	1379	1728.000	9085.113
WYF00004.asd	1380	1729.000	9050.040
WYF00004.asd	1381	1730.000	9016.260
WYF00004.asd	1382	1731.000	8984.303
WYF00004.asd	1383	1732.000	8954.699
WYF00004.asd	1384	1733.000	8923.873
WYF00004.asd	1385	1734.000	8892.612
WYF00004.asd	1386	1735.000	8862.715
WYF00004.asd	1387	1736.000	8831.148
WYF00004.asd	1388	1737.000	8805.029
WYF00004.asd	1389	1738.000	8785.152
WYF00004.asd	1390	1739.000	8762.485
WYF00004.asd	1391	1740.000	8736.725
WYF00004.asd	1392	1741.000	8705.454
WYF00004.asd	1393	1742.000	8670.304
WYF00004.asd	1394	1743.000	8633.566
WYF00004.asd	1395	1744.000	8601.150
WYF00004.asd	1396	1745.000	8564.607
WYF00004.asd	1397	1746.000	8525.230
WYF00004.asd	1398	1747.000	8489.438
WYF00004.asd	1399	1748.000	8444.880
WYF00004.asd	1400	1749.000	8400.960
WYF00004.asd	1401	1750.000	8364.818
WYF00004.asd	1402	1751.000	8323.645
WYF00004.asd	1403	1752.000	8282.894
WYF00004.asd	1404	1753.000	8244.474
WYF00004.asd	1405	1754.000	8200.021
WYF00004.asd	1406	1755.000	8157.008
WYF00004.asd	1407	1756.000	8116.609
WYF00004.asd	1408	1757.000	8072.650
WYF00004.asd	1409	1758.000	8031.534
WYF00004.asd	1410	1759.000	7992.271
WYF00004.asd	1411	1760.000	7952.397
WYF00004.asd	1412	1761.000	7914.291
WYF00004.asd	1413	1762.000	7875.322
WYF00004.asd	1414	1763.000	7838.351
WYF00004.asd	1415	1764.000	7803.337
WYF00004.asd	1416	1765.000	7770.001
WYF00004.asd	1417	1766.000	7735.477
WYF00004.asd	1418	1767.000	7700.281
WYF00004.asd	1419	1768.000	7666.583
WYF00004.asd	1420	1769.000	7628.304
WYF00004.asd	1421	1770.000	7592.931
WYF00004.asd	1422	1771.000	7554.579
WYF00004.asd	1423	1772.000	7511.574
WYF00004.asd	1424	1773.000	7474.698
WYF00004.asd	1425	1774.000	7439.815
WYF00004.asd	1426	1775.000	7408.388
WYF00004.asd	1427	1776.000	7373.331
WYF00004.asd	1428	1777.000	7330.660
WYF00004.asd	1429	1778.000	7289.837
WYF00004.asd	1430	1779.000	7244.777
WYF00004.asd	1431	1780.000	7201.942
WYF00004.asd	1432	1781.000	7161.157
WYF00004.asd	1433	1782.000	7114.338
WYF00004.asd	1434	1783.000	7067.835
WYF00004.asd	1435	1784.000	7021.810
WYF00004.asd	1436	1785.000	6973.906
WYF00004.asd	1437	1786.000	6925.808
WYF00004.asd	1438	1787.000	6870.748
WYF00004.asd	1439	1788.000	6813.695
WYF00004.asd	1440	1789.000	6752.561
WYF00004.asd	1441	1790.000	6685.003
WYF00004.asd	1442	1791.000	6619.552
WYF00004.asd	1443	1792.000	6543.028
WYF00004.asd	1444	1793.000	6458.478
WYF00004.asd	1445	1794.000	6373.926
WYF00004.asd	1446	1795.000	6276.066
WYF00004.asd	1447	1796.000	6175.962
WYF00004.asd	1448	1797.000	6076.964
WYF00004.asd	1449	1798.000	5966.171
WYF00004.asd	1450	1799.000	5852.355
WYF00004.asd	1451	1800.000	5734.948
WYF00004.asd	1452	1801.000	12969.578
WYF00004.asd	1453	1802.000	13093.261
WYF00004.asd	1454	1803.000	13227.314
WYF00004.asd	1455	1804.000	13354.147
WYF00004.asd	1456	1805.000	13473.365
WYF00004.asd	1457	1806.000	13598.361
WYF00004.asd	1458	1807.000	13718.522
WYF00004.asd	1459	1808.000	13845.685
WYF00004.asd	1460	1809.000	13954.514
WYF00004.asd	1461	1810.000	14060.061
WYF00004.asd	1462	1811.000	14147.229
WYF00004.asd	1463	1812.000	14223.509
WYF00004.asd	1464	1813.000	14284.339
WYF00004.asd	1465	1814.000	14318.933
WYF00004.asd	1466	1815.000	14361.091
WYF00004.asd	1467	1816.000	14396.252
WYF00004.asd	1468	1817.000	14421.394
WYF00004.asd	1469	1818.000	14454.419
WYF00004.asd	1470	1819.000	14486.332
WYF00004.asd	1471	1820.000	14527.493
WYF00004.asd	1472	1821.000	14573.228
WYF00004.asd	1473	1822.000	14618.584
WYF00004.asd	1474	1823.000	14679.649
WYF00004.asd	1475	1824.000	14725.517
WYF00004.asd	1476	1825.000	14756.400
WYF00004.asd	1477	1826.000	14799.275
WYF00004.asd	1478	1827.000	14836.114
WYF00004.asd	1479	1828.000	14870.999
WYF00004.asd	1480	1829.000	14900.192
WYF00004.asd	1481	1830.000	14935.399
WYF00004.asd	1482	1831.000	14952.094
WYF00004.asd	1483	1832.000	14956.728
WYF00004.asd	1484	1833.000	14954.892
WYF00004.asd	1485	1834.000	14928.958
WYF00004.asd	1486	1835.000	14918.084
WYF00004.asd	1487	1836.000	14909.577
WYF00004.asd	1488	1837.000	14884.615
WYF00004.asd	1489	1838.000	14905.079
WYF00004.asd	1490	1839.000	14940.342
WYF00004.asd	1491	1840.000	14999.202
WYF00004.asd	1492	1841.000	15093.413
WYF00004.asd	1493	1842.000	15187.716
WYF00004.asd	1494	1843.000	15322.841
WYF00004.asd	1495	1844.000	15424.659
WYF00004.asd	1496	1845.000	15521.143
WYF00004.asd	1497	1846.000	15612.025
WYF00004.asd	1498	1847.000	15699.479
WYF00004.asd	1499	1848.000	15764.171
WYF00004.asd	1500	1849.000	15844.417
WYF00004.asd	1501	1850.000	15933.718
WYF00004.asd	1502	1851.000	16018.438
WYF00004.asd	1503	1852.000	16097.795
WYF00004.asd	1504	1853.000	16181.907
WYF00004.asd	1505	1854.000	16286.550
WYF00004.asd	1506	1855.000	16364.630
WYF00004.asd	1507	1856.000	16431.958
WYF00004.asd	1508	1857.000	16492.081
WYF00004.asd	1509	1858.000	16544.591
WYF00004.asd	1510	1859.000	16572.427
WYF00004.asd	1511	1860.000	16614.417
WYF00004.asd	1512	1861.000	16691.626
WYF00004.asd	1513	1862.000	16702.604
WYF00004.asd	1514	1863.000	16717.624
WYF00004.asd	1515	1864.000	16666.366
WYF00004.asd	1516	1865.000	16555.966
WYF00004.asd	1517	1866.000	16414.427
WYF00004.asd	1518	1867.000	16233.848
WYF00004.asd	1519	1868.000	15979.688
WYF00004.asd	1520	1869.000	15775.025
WYF00004.asd	1521	1870.000	15501.009
WYF00004.asd	1522	1871.000	15343.446
WYF00004.asd	1523	1872.000	15192.930
WYF00004.asd	1524	1873.000	15154.510
WYF00004.asd	1525	1874.000	15225.710
WYF00004.asd	1526	1875.000	15311.462
WYF00004.asd	1527	1876.000	15489.056
WYF00004.asd	1528	1877.000	15694.764
WYF00004.asd	1529	1878.000	15851.006
WYF00004.asd	1530	1879.000	16044.275
WYF00004.asd	1531	1880.000	16141.377
WYF00004.asd	1532	1881.000	16208.722
WYF00004.asd	1533	1882.000	16215.175
WYF00004.asd	1534	1883.000	16156.614
WYF00004.asd	1535	1884.000	16066.755
WYF00004.asd	1536	1885.000	15910.449
WYF00004.asd	1537	1886.000	15750.043
WYF00004.asd	1538	1887.000	15548.516
WYF00004.asd	1539	1888.000	15336.483
WYF00004.asd	1540	1889.000	15120.085
WYF00004.asd	1541	1890.000	14889.654
WYF00004.asd	1542	1891.000	14655.060
WYF00004.asd	1543	1892.000	14420.010
WYF00004.asd	1544	1893.000	14158.916
WYF00004.asd	1545	1894.000	13874.311
WYF00004.asd	1546	1895.000	13597.492
WYF00004.asd	1547	1896.000	13311.911
WYF00004.asd	1548	1897.000	13016.251
WYF00004.asd	1549	1898.000	12710.476
WYF00004.asd	1550	1899.000	12406.514
WYF00004.asd	1551	1900.000	12115.012
WYF00004.asd	1552	1901.000	11794.513
WYF00004.asd	1553	1902.000	11529.376
WYF00004.asd	1554	1903.000	11289.417
WYF00004.asd	1555	1904.000	11077.735
WYF00004.asd	1556	1905.000	10893.157
WYF00004.asd	1557	1906.000	10734.504
WYF00004.asd	1558	1907.000	10608.530
WYF00004.asd	1559	1908.000	10506.429
WYF00004.asd	1560	1909.000	10412.982
WYF00004.asd	1561	1910.000	10327.402
WYF00004.asd	1562	1911.000	10238.399
WYF00004.asd	1563	1912.000	10149.299
WYF00004.asd	1564	1913.000	10069.217
WYF00004.asd	1565	1914.000	10001.241
WYF00004.asd	1566	1915.000	9921.302
WYF00004.asd	1567	1916.000	9838.584
WYF00004.asd	1568	1917.000	9763.232
WYF00004.asd	1569	1918.000	9675.424
WYF00004.asd	1570	1919.000	9599.941
WYF00004.asd	1571	1920.000	9562.169
WYF00004.asd	1572	1921.000	9535.779
WYF00004.asd	1573	1922.000	9516.253
WYF00004.asd	1574	1923.000	9519.640
WYF00004.asd	1575	1924.000	9521.080
WYF00004.asd	1576	1925.000	9523.725
WYF00004.asd	1577	1926.000	9535.342
WYF00004.asd	1578	1927.000	9561.900
WYF00004.asd	1579	1928.000	9587.035
WYF00004.asd	1580	1929.000	9616.594
WYF00004.asd	1581	1930.000	9648.387
WYF00004.asd	1582	1931.000	9677.665
WYF00004.asd	1583	1932.000	9700.593
WYF00004.asd	1584	1933.000	9727.501
WYF00004.asd	1585	1934.000	9752.410
WYF00004.asd	1586	1935.000	9780.387
WYF00004.asd	1587	1936.000	9812.356
WYF00004.asd	1588	1937.000	9845.561
WYF00004.asd	1589	1938.000	9870.555
WYF00004.asd	1590	1939.000	9915.646
WYF00004.asd	1591	1940.000	9974.502
WYF00004.asd	1592	1941.000	10034.064
WYF00004.asd	1593	1942.000	10098.084
WYF00004.asd	1594	1943.000	10158.127
WYF00004.asd	1595	1944.000	10220.218
WYF00004.asd	1596	1945.000	10277.254
WYF00004.asd	1597	1946.000	10335.659
WYF00004.asd	1598	1947.000	10398.365
WYF00004.asd	1599	1948.000	10460.554
WYF00004.asd	1600	1949.000	10517.806
WYF00004.asd	1601	1950.000	10578.689
WYF00004.asd	1602	1951.000	10651.406
WYF00004.asd	1603	1952.000	10711.561
WYF00004.asd	1604	1953.000	10760.647
WYF00004.asd	1605	1954.000	10815.307
WYF00004.asd	1606	1955.000	10874.323
WYF00004.asd	1607	1956.000	10925.649
WYF00004.asd	1608	1957.000	10995.350
WYF00004.asd	1609	1958.000	11063.735
WYF00004.asd	1610	1959.000	11121.778
WYF00004.asd	1611	1960.000	11171.525
WYF00004.asd	1612	1961.000	11227.871
WYF00004.asd	1613	1962.000	11277.704
WYF00004.asd	1614	1963.000	11334.837
WYF00004.asd	1615	1964.000	11398.661
WYF00004.asd	1616	1965.000	11465.118
WYF00004.asd	1617	1966.000	11531.814
WYF00004.asd	1618	1967.000	11585.233
WYF00004.asd	1619	1968.000	11635.216
WYF00004.asd	1620	1969.000	11684.944
WYF00004.asd	1621	1970.000	11735.622
WYF00004.asd	1622	1971.000	11780.912
WYF00004.asd	1623	1972.000	11831.995
WYF00004.asd	1624	1973.000	11889.336
WYF00004.asd	1625	1974.000	11941.477
WYF00004.asd	1626	1975.000	11993.684
WYF00004.asd	1627	1976.000	12041.073
WYF00004.asd	1628	1977.000	12082.002
WYF00004.asd	1629	1978.000	12129.810
WYF00004.asd	1630	1979.000	12170.893
WYF00004.asd	1631	1980.000	12217.689
WYF00004.asd	1632	1981.000	12285.227
WYF00004.asd	1633	1982.000	12338.095
WYF00004.asd	1634	1983.000	12385.911
WYF00004.asd	1635	1984.000	12434.370
WYF00004.asd	1636	1985.000	12479.739
WYF00004.asd	1637	1986.000	12515.386
WYF00004.asd	1638	1987.000	12552.784
WYF00004.asd	1639	1988.000	12593.392
WYF00004.asd	1640	1989.000	12627.609
WYF00004.asd	1641	1990.000	12655.634
WYF00004.asd	1642	1991.000	12683.782
WYF00004.asd	1643	1992.000	12717.583
WYF00004.asd	1644	1993.000	12750.400
WYF00004.asd	1645	1994.000	12794.526
WYF00004.asd	1646	1995.000	12839.570
WYF00004.asd	1647	1996.000	12878.754
WYF00004.asd	1648	1997.000	12924.677
WYF00004.asd	1649	1998.000	12958.973
WYF00004.asd	1650	1999.000	12983.848
WYF00004.asd	1651	2000.000	13008.522
WYF00004.asd	1652	2001.000	13031.049
WYF00004.asd	1653	2002.000	13041.266
WYF00004.asd	1654	2003.000	13064.760
WYF00004.asd	1655	2004.000	13080.983
WYF00004.asd	1656	2005.000	13089.766
WYF00004.asd	1657	2006.000	13108.810
WYF00004.asd	1658	2007.000	13112.482
WYF00004.asd	1659	2008.000	13110.709
WYF00004.asd	1660	2009.000	13122.832
WYF00004.asd	1661	2010.000	13149.967
WYF00004.asd	1662	2011.000	13159.363
WYF00004.asd	1663	2012.000	13168.321
WYF00004.asd	1664	2013.000	13174.166
WYF00004.asd	1665	2014.000	13169.123
WYF00004.asd	1666	2015.000	13159.808
WYF00004.asd	1667	2016.000	13167.358
WYF00004.asd	1668	2017.000	13188.130
WYF00004.asd	1669	2018.000	13195.424
WYF00004.asd	1670	2019.000	13186.733
WYF00004.asd	1671	2020.000	13178.636
WYF00004.asd	1672	2021.000	13155.050
WYF00004.asd	1673	2022.000	13128.457
WYF00004.asd	1674	2023.000	13114.608
WYF00004.asd	1675	2024.000	13095.588
WYF00004.asd	1676	2025.000	13075.468
WYF00004.asd	1677	2026.000	13053.362
WYF00004.asd	1678	2027.000	13029.374
WYF00004.asd	1679	2028.000	13005.103
WYF00004.asd	1680	2029.000	12986.569
WYF00004.asd	1681	2030.000	12954.681
WYF00004.asd	1682	2031.000	12922.325
WYF00004.asd	1683	2032.000	12899.301
WYF00004.asd	1684	2033.000	12867.194
WYF00004.asd	1685	2034.000	12831.612
WYF00004.asd	1686	2035.000	12812.133
WYF00004.asd	1687	2036.000	12785.269
WYF00004.asd	1688	2037.000	12750.961
WYF00004.asd	1689	2038.000	12714.075
WYF00004.asd	1690	2039.000	12676.812
WYF00004.asd	1691	2040.000	12627.818
WYF00004.asd	1692	2041.000	12585.168
WYF00004.asd	1693	2042.000	12548.122
WYF00004.asd	1694	2043.000	12507.364
WYF00004.asd	1695	2044.000	12454.643
WYF00004.asd	1696	2045.000	12405.399
WYF00004.asd	1697	2046.000	12358.915
WYF00004.asd	1698	2047.000	12309.513
WYF00004.asd	1699	2048.000	12275.523
WYF00004.asd	1700	2049.000	12249.415
WYF00004.asd	1701	2050.000	12214.963
WYF00004.asd	1702	2051.000	12177.593
WYF00004.asd	1703	2052.000	12140.671
WYF00004.asd	1704	2053.000	12098.415
WYF00004.asd	1705	2054.000	12061.618
WYF00004.asd	1706	2055.000	12023.277
WYF00004.asd	1707	2056.000	11995.375
WYF00004.asd	1708	2057.000	11972.751
WYF00004.asd	1709	2058.000	11952.184
WYF00004.asd	1710	2059.000	11944.635
WYF00004.asd	1711	2060.000	11926.319
WYF00004.asd	1712	2061.000	11897.396
WYF00004.asd	1713	2062.000	11864.883
WYF00004.asd	1714	2063.000	11820.917
WYF00004.asd	1715	2064.000	11786.794
WYF00004.asd	1716	2065.000	11767.791
WYF00004.asd	1717	2066.000	11746.909
WYF00004.asd	1718	2067.000	11727.049
WYF00004.asd	1719	2068.000	11710.726
WYF00004.asd	1720	2069.000	11693.528
WYF00004.asd	1721	2070.000	11674.639
WYF00004.asd	1722	2071.000	11663.926
WYF00004.asd	1723	2072.000	11643.263
WYF00004.asd	1724	2073.000	11618.679
WYF00004.asd	1725	2074.000	11592.981
WYF00004.asd	1726	2075.000	11566.276
WYF00004.asd	1727	2076.000	11542.436
WYF00004.asd	1728	2077.000	11522.021
WYF00004.asd	1729	2078.000	11511.826
WYF00004.asd	1730	2079.000	11500.452
WYF00004.asd	1731	2080.000	11491.828
WYF00004.asd	1732	2081.000	11480.029
WYF00004.asd	1733	2082.000	11466.705
WYF00004.asd	1734	2083.000	11454.357
WYF00004.asd	1735	2084.000	11432.470
WYF00004.asd	1736	2085.000	11401.405
WYF00004.asd	1737	2086.000	11378.476
WYF00004.asd	1738	2087.000	11353.156
WYF00004.asd	1739	2088.000	11315.201
WYF00004.asd	1740	2089.000	11298.843
WYF00004.asd	1741	2090.000	11279.833
WYF00004.asd	1742	2091.000	11248.911
WYF00004.asd	1743	2092.000	11230.442
WYF00004.asd	1744	2093.000	11203.846
WYF00004.asd	1745	2094.000	11180.161
WYF00004.asd	1746	2095.000	11172.269
WYF00004.asd	1747	2096.000	11161.358
WYF00004.asd	1748	2097.000	11144.310
WYF00004.asd	1749	2098.000	11129.363
WYF00004.asd	1750	2099.000	11110.898
WYF00004.asd	1751	2100.000	11082.313
WYF00004.asd	1752	2101.000	11056.620
WYF00004.asd	1753	2102.000	11030.628
WYF00004.asd	1754	2103.000	11012.710
WYF00004.asd	1755	2104.000	10981.302
WYF00004.asd	1756	2105.000	10975.173
WYF00004.asd	1757	2106.000	10959.080
WYF00004.asd	1758	2107.000	10932.885
WYF00004.asd	1759	2108.000	10928.909
WYF00004.asd	1760	2109.000	10903.464
WYF00004.asd	1761	2110.000	10877.064
WYF00004.asd	1762	2111.000	10855.623
WYF00004.asd	1763	2112.000	10826.155
WYF00004.asd	1764	2113.000	10799.330
WYF00004.asd	1765	2114.000	10779.258
WYF00004.asd	1766	2115.000	10777.618
WYF00004.asd	1767	2116.000	10758.742
WYF00004.asd	1768	2117.000	10728.203
WYF00004.asd	1769	2118.000	10705.784
WYF00004.asd	1770	2119.000	10683.515
WYF00004.asd	1771	2120.000	10656.746
WYF00004.asd	1772	2121.000	10630.205
WYF00004.asd	1773	2122.000	10616.136
WYF00004.asd	1774	2123.000	10591.934
WYF00004.asd	1775	2124.000	10560.594
WYF00004.asd	1776	2125.000	10537.288
WYF00004.asd	1777	2126.000	10511.449
WYF00004.asd	1778	2127.000	10489.525
WYF00004.asd	1779	2128.000	10465.757
WYF00004.asd	1780	2129.000	10444.868
WYF00004.asd	1781	2130.000	10422.257
WYF00004.asd	1782	2131.000	10392.791
WYF00004.asd	1783	2132.000	10371.087
WYF00004.asd	1784	2133.000	10345.699
WYF00004.asd	1785	2134.000	10315.949
WYF00004.asd	1786	2135.000	10290.718
WYF00004.asd	1787	2136.000	10267.182
WYF00004.asd	1788	2137.000	10240.786
WYF00004.asd	1789	2138.000	10232.732
WYF00004.asd	1790	2139.000	10214.690
WYF00004.asd	1791	2140.000	10193.653
WYF00004.asd	1792	2141.000	10176.414
WYF00004.asd	1793	2142.000	10143.494
WYF00004.asd	1794	2143.000	10120.601
WYF00004.asd	1795	2144.000	10110.316
WYF00004.asd	1796	2145.000	10099.714
WYF00004.asd	1797	2146.000	10086.005
WYF00004.asd	1798	2147.000	10070.792
WYF00004.asd	1799	2148.000	10051.923
WYF00004.asd	1800	2149.000	10033.828
WYF00004.asd	1801	2150.000	10017.993
WYF00004.asd	1802	2151.000	10002.793
WYF00004.asd	1803	2152.000	9986.242
WYF00004.asd	1804	2153.000	9975.083
WYF00004.asd	1805	2154.000	9959.930
WYF00004.asd	1806	2155.000	9940.029
WYF00004.asd	1807	2156.000	9924.243
WYF00004.asd	1808	2157.000	9915.968
WYF00004.asd	1809	2158.000	9891.230
WYF00004.asd	1810	2159.000	9862.935
WYF00004.asd	1811	2160.000	9844.147
WYF00004.asd	1812	2161.000	9823.676
WYF00004.asd	1813	2162.000	9800.589
WYF00004.asd	1814	2163.000	9782.452
WYF00004.asd	1815	2164.000	9770.474
WYF00004.asd	1816	2165.000	9750.993
WYF00004.asd	1817	2166.000	9732.935
WYF00004.asd	1818	2167.000	9731.521
WYF00004.asd	1819	2168.000	9716.640
WYF00004.asd	1820	2169.000	9694.555
WYF00004.asd	1821	2170.000	9686.001
WYF00004.asd	1822	2171.000	9667.210
WYF00004.asd	1823	2172.000	9635.871
WYF00004.asd	1824	2173.000	9616.873
WYF00004.asd	1825	2174.000	9597.901
WYF00004.asd	1826	2175.000	9575.688
WYF00004.asd	1827	2176.000	9556.781
WYF00004.asd	1828	2177.000	9540.488
WYF00004.asd	1829	2178.000	9514.332
WYF00004.asd	1830	2179.000	9492.937
WYF00004.asd	1831	2180.000	9469.099
WYF00004.asd	1832	2181.000	9442.038
WYF00004.asd	1833	2182.000	9417.056
WYF00004.asd	1834	2183.000	9401.369
WYF00004.asd	1835	2184.000	9396.338
WYF00004.asd	1836	2185.000	9387.192
WYF00004.asd	1837	2186.000	9357.026
WYF00004.asd	1838	2187.000	9327.837
WYF00004.asd	1839	2188.000	9291.655
WYF00004.asd	1840	2189.000	9254.073
WYF00004.asd	1841	2190.000	9235.000
WYF00004.asd	1842	2191.000	9209.134
WYF00004.asd	1843	2192.000	9183.552
WYF00004.asd	1844	2193.000	9159.336
WYF00004.asd	1845	2194.000	9125.580
WYF00004.asd	1846	2195.000	9088.719
WYF00004.asd	1847	2196.000	9050.464
WYF00004.asd	1848	2197.000	9002.213
WYF00004.asd	1849	2198.000	8965.469
WYF00004.asd	1850	2199.000	8924.637
WYF00004.asd	1851	2200.000	8889.501
WYF00004.asd	1852	2201.000	8867.251
WYF00004.asd	1853	2202.000	8835.580
WYF00004.asd	1854	2203.000	8804.519
WYF00004.asd	1855	2204.000	8771.028
WYF00004.asd	1856	2205.000	8735.258
WYF00004.asd	1857	2206.000	8706.642
WYF00004.asd	1858	2207.000	8690.545
WYF00004.asd	1859	2208.000	8675.491
WYF00004.asd	1860	2209.000	8658.863
WYF00004.asd	1861	2210.000	8642.293
WYF00004.asd	1862	2211.000	8613.515
WYF00004.asd	1863	2212.000	8591.458
WYF00004.asd	1864	2213.000	8569.420
WYF00004.asd	1865	2214.000	8538.538
WYF00004.asd	1866	2215.000	8515.141
WYF00004.asd	1867	2216.000	8493.684
WYF00004.asd	1868	2217.000	8475.726
WYF00004.asd	1869	2218.000	8468.094
WYF00004.asd	1870	2219.000	8447.460
WYF00004.asd	1871	2220.000	8424.287
WYF00004.asd	1872	2221.000	8402.754
WYF00004.asd	1873	2222.000	8375.646
WYF00004.asd	1874	2223.000	8345.808
WYF00004.asd	1875	2224.000	8318.774
WYF00004.asd	1876	2225.000	8282.289
WYF00004.asd	1877	2226.000	8248.339
WYF00004.asd	1878	2227.000	8213.892
WYF00004.asd	1879	2228.000	8180.105
WYF00004.asd	1880	2229.000	8135.116
WYF00004.asd	1881	2230.000	8074.349
WYF00004.asd	1882	2231.000	8022.684
WYF00004.asd	1883	2232.000	7973.377
WYF00004.asd	1884	2233.000	7915.318
WYF00004.asd	1885	2234.000	7862.293
WYF00004.asd	1886	2235.000	7798.393
WYF00004.asd	1887	2236.000	7726.681
WYF00004.asd	1888	2237.000	7667.700
WYF00004.asd	1889	2238.000	7602.679
WYF00004.asd	1890	2239.000	7546.902
WYF00004.asd	1891	2240.000	7499.650
WYF00004.asd	1892	2241.000	7448.635
WYF00004.asd	1893	2242.000	7395.185
WYF00004.asd	1894	2243.000	7343.471
WYF00004.asd	1895	2244.000	7285.605
WYF00004.asd	1896	2245.000	7218.836
WYF00004.asd	1897	2246.000	7157.729
WYF00004.asd	1898	2247.000	7096.086
WYF00004.asd	1899	2248.000	7039.085
WYF00004.asd	1900	2249.000	6991.994
WYF00004.asd	1901	2250.000	6931.871
WYF00004.asd	1902	2251.000	6864.341
WYF00004.asd	1903	2252.000	6805.548
WYF00004.asd	1904	2253.000	6742.575
WYF00004.asd	1905	2254.000	6682.465
WYF00004.asd	1906	2255.000	6637.987
WYF00004.asd	1907	2256.000	6593.532
WYF00004.asd	1908	2257.000	6530.706
WYF00004.asd	1909	2258.000	6470.151
WYF00004.asd	1910	2259.000	6417.195
WYF00004.asd	1911	2260.000	6348.074
WYF00004.asd	1912	2261.000	6289.075
WYF00004.asd	1913	2262.000	6243.557
WYF00004.asd	1914	2263.000	6184.248
WYF00004.asd	1915	2264.000	6128.748
WYF00004.asd	1916	2265.000	6078.476
WYF00004.asd	1917	2266.000	6015.893
WYF00004.asd	1918	2267.000	5964.059
WYF00004.asd	1919	2268.000	5924.975
WYF00004.asd	1920	2269.000	5891.326
WYF00004.asd	1921	2270.000	5864.175
WYF00004.asd	1922	2271.000	5830.690
WYF00004.asd	1923	2272.000	5794.673
WYF00004.asd	1924	2273.000	5757.646
WYF00004.asd	1925	2274.000	5718.492
WYF00004.asd	1926	2275.000	5680.944
WYF00004.asd	1927	2276.000	5644.250
WYF00004.asd	1928	2277.000	5608.257
WYF00004.asd	1929	2278.000	5570.855
WYF00004.asd	1930	2279.000	5535.253
WYF00004.asd	1931	2280.000	5501.019
WYF00004.asd	1932	2281.000	5466.538
WYF00004.asd	1933	2282.000	5433.552
WYF00004.asd	1934	2283.000	5400.686
WYF00004.asd	1935	2284.000	5369.136
WYF00004.asd	1936	2285.000	5332.299
WYF00004.asd	1937	2286.000	5298.965
WYF00004.asd	1938	2287.000	5268.224
WYF00004.asd	1939	2288.000	5238.739
WYF00004.asd	1940	2289.000	5216.806
WYF00004.asd	1941	2290.000	5193.523
WYF00004.asd	1942	2291.000	5158.420
WYF00004.asd	1943	2292.000	5101.646
WYF00004.asd	1944	2293.000	5040.130
WYF00004.asd	1945	2294.000	4986.955
WYF00004.asd	1946	2295.000	4931.525
WYF00004.asd	1947	2296.000	4886.848
WYF00004.asd	1948	2297.000	4856.987
WYF00004.asd	1949	2298.000	4820.811
WYF00004.asd	1950	2299.000	4782.551
WYF00004.asd	1951	2300.000	4753.412
WYF00004.asd	1952	2301.000	4720.656
WYF00004.asd	1953	2302.000	4688.799
WYF00004.asd	1954	2303.000	4666.351
WYF00004.asd	1955	2304.000	4635.153
WYF00004.asd	1956	2305.000	4598.306
WYF00004.asd	1957	2306.000	4550.909
WYF00004.asd	1958	2307.000	4500.322
WYF00004.asd	1959	2308.000	4457.662
WYF00004.asd	1960	2309.000	4414.902
WYF00004.asd	1961	2310.000	4370.948
WYF00004.asd	1962	2311.000	4328.964
WYF00004.asd	1963	2312.000	4297.566
WYF00004.asd	1964	2313.000	4265.151
WYF00004.asd	1965	2314.000	4242.506
WYF00004.asd	1966	2315.000	4237.050
WYF00004.asd	1967	2316.000	4225.126
WYF00004.asd	1968	2317.000	4213.098
WYF00004.asd	1969	2318.000	4202.319
WYF00004.asd	1970	2319.000	4202.128
WYF00004.asd	1971	2320.000	4180.079
WYF00004.asd	1972	2321.000	4146.541
WYF00004.asd	1973	2322.000	4111.010
WYF00004.asd	1974	2323.000	4060.044
WYF00004.asd	1975	2324.000	4022.606
WYF00004.asd	1976	2325.000	3988.047
WYF00004.asd	1977	2326.000	3956.154
WYF00004.asd	1978	2327.000	3929.879
WYF00004.asd	1979	2328.000	3895.245
WYF00004.asd	1980	2329.000	3852.971
WYF00004.asd	1981	2330.000	3825.348
WYF00004.asd	1982	2331.000	3807.897
WYF00004.asd	1983	2332.000	3786.128
WYF00004.asd	1984	2333.000	3779.695
WYF00004.asd	1985	2334.000	3751.143
WYF00004.asd	1986	2335.000	3708.623
WYF00004.asd	1987	2336.000	3654.317
WYF00004.asd	1988	2337.000	3607.652
WYF00004.asd	1989	2338.000	3572.236
WYF00004.asd	1990	2339.000	3533.413
WYF00004.asd	1991	2340.000	3502.578
WYF00004.asd	1992	2341.000	3470.620
WYF00004.asd	1993	2342.000	3427.674
WYF00004.asd	1994	2343.000	3397.270
WYF00004.asd	1995	2344.000	3370.656
WYF00004.asd	1996	2345.000	3338.062
WYF00004.asd	1997	2346.000	3312.646
WYF00004.asd	1998	2347.000	3282.232
WYF00004.asd	1999	2348.000	3241.036
WYF00004.asd	2000	2349.000	3210.151
WYF00004.asd	2001	2350.000	3176.975
WYF00004.asd	2002	2351.000	3143.969
WYF00004.asd	2003	2352.000	3129.283
WYF00004.asd	2004	2353.000	3114.100
WYF00004.asd	2005	2354.000	3103.403
WYF00004.asd	2006	2355.000	3087.810
WYF00004.asd	2007	2356.000	3056.127
WYF00004.asd	2008	2357.000	3026.612
WYF00004.asd	2009	2358.000	2989.159
WYF00004.asd	2010	2359.000	2949.222
WYF00004.asd	2011	2360.000	2932.394
WYF00004.asd	2012	2361.000	2921.853
WYF00004.asd	2013	2362.000	2898.038
WYF00004.asd	2014	2363.000	2872.849
WYF00004.asd	2015	2364.000	2853.144
WYF00004.asd	2016	2365.000	2821.868
WYF00004.asd	2017	2366.000	2777.419
WYF00004.asd	2018	2367.000	2740.603
WYF00004.asd	2019	2368.000	2706.405
WYF00004.asd	2020	2369.000	2675.465
WYF00004.asd	2021	2370.000	2655.570
WYF00004.asd	2022	2371.000	2640.163
WYF00004.asd	2023	2372.000	2641.811
WYF00004.asd	2024	2373.000	2624.366
WYF00004.asd	2025	2374.000	2605.595
WYF00004.asd	2026	2375.000	2579.890
WYF00004.asd	2027	2376.000	2538.062
WYF00004.asd	2028	2377.000	2514.666
WYF00004.asd	2029	2378.000	2497.365
WYF00004.asd	2030	2379.000	2471.071
WYF00004.asd	2031	2380.000	2448.942
WYF00004.asd	2032	2381.000	2427.279
WYF00004.asd	2033	2382.000	2404.299
WYF00004.asd	2034	2383.000	2372.949
WYF00004.asd	2035	2384.000	2339.185
WYF00004.asd	2036	2385.000	2307.878
WYF00004.asd	2037	2386.000	2256.434
WYF00004.asd	2038	2387.000	2236.899
WYF00004.asd	2039	2388.000	2250.047
WYF00004.asd	2040	2389.000	2236.565
WYF00004.asd	2041	2390.000	2224.703
WYF00004.asd	2042	2391.000	2203.060
WYF00004.asd	2043	2392.000	2161.595
WYF00004.asd	2044	2393.000	2129.750
WYF00004.asd	2045	2394.000	2102.991
WYF00004.asd	2046	2395.000	2075.410
WYF00004.asd	2047	2396.000	2041.842
WYF00004.asd	2048	2397.000	2020.800
WYF00004.asd	2049	2398.000	2008.107
WYF00004.asd	2050	2399.000	1986.905
WYF00004.asd	2051	2400.000	1970.303
WYF00004.asd	2052	2401.000	1950.565
WYF00004.asd	2053	2402.000	1925.640
WYF00004.asd	2054	2403.000	1903.600
WYF00004.asd	2055	2404.000	1882.094
WYF00004.asd	2056	2405.000	1860.600
WYF00004.asd	2057	2406.000	1839.517
WYF00004.asd	2058	2407.000	1812.943
WYF00004.asd	2059	2408.000	1783.084
WYF00004.asd	2060	2409.000	1761.925
WYF00004.asd	2061	2410.000	1738.331
WYF00004.asd	2062	2411.000	1721.066
WYF00004.asd	2063	2412.000	1717.542
WYF00004.asd	2064	2413.000	1699.576
WYF00004.asd	2065	2414.000	1675.379
WYF00004.asd	2066	2415.000	1652.517
WYF00004.asd	2067	2416.000	1623.130
WYF00004.asd	2068	2417.000	1602.632
WYF00004.asd	2069	2418.000	1589.484
WYF00004.asd	2070	2419.000	1566.675
WYF00004.asd	2071	2420.000	1545.478
WYF00004.asd	2072	2421.000	1517.901
WYF00004.asd	2073	2422.000	1474.118
WYF00004.asd	2074	2423.000	1451.021
WYF00004.asd	2075	2424.000	1434.381
WYF00004.asd	2076	2425.000	1420.310
WYF00004.asd	2077	2426.000	1424.054
WYF00004.asd	2078	2427.000	1409.359
WYF00004.asd	2079	2428.000	1387.680
WYF00004.asd	2080	2429.000	1361.864
WYF00004.asd	2081	2430.000	1322.724
WYF00004.asd	2082	2431.000	1300.296
WYF00004.asd	2083	2432.000	1285.301
WYF00004.asd	2084	2433.000	1262.639
WYF00004.asd	2085	2434.000	1243.772
WYF00004.asd	2086	2435.000	1222.943
WYF00004.asd	2087	2436.000	1190.814
WYF00004.asd	2088	2437.000	1171.913
WYF00004.asd	2089	2438.000	1162.499
WYF00004.asd	2090	2439.000	1153.195
WYF00004.asd	2091	2440.000	1151.179
WYF00004.asd	2092	2441.000	1135.845
WYF00004.asd	2093	2442.000	1117.364
WYF00004.asd	2094	2443.000	1100.738
WYF00004.asd	2095	2444.000	1075.611
WYF00004.asd	2096	2445.000	1056.616
WYF00004.asd	2097	2446.000	1046.343
WYF00004.asd	2098	2447.000	1026.233
WYF00004.asd	2099	2448.000	996.739
WYF00004.asd	2100	2449.000	986.225
WYF00004.asd	2101	2450.000	972.161
WYF00004.asd	2102	2451.000	964.446
WYF00004.asd	2103	2452.000	955.433
WYF00004.asd	2104	2453.000	932.196
WYF00004.asd	2105	2454.000	917.509
WYF00004.asd	2106	2455.000	910.108
WYF00004.asd	2107	2456.000	891.788
WYF00004.asd	2108	2457.000	886.426
WYF00004.asd	2109	2458.000	878.721
WYF00004.asd	2110	2459.000	866.236
WYF00004.asd	2111	2460.000	848.745
WYF00004.asd	2112	2461.000	812.561
WYF00004.asd	2113	2462.000	792.993
WYF00004.asd	2114	2463.000	784.012
WYF00004.asd	2115	2464.000	769.272
WYF00004.asd	2116	2465.000	767.293
WYF00004.asd	2117	2466.000	756.476
WYF00004.asd	2118	2467.000	723.118
WYF00004.asd	2119	2468.000	710.300
WYF00004.asd	2120	2469.000	712.251
WYF00004.asd	2121	2470.000	706.157
WYF00004.asd	2122	2471.000	711.103
WYF00004.asd	2123	2472.000	706.890
WYF00004.asd	2124	2473.000	684.921
WYF00004.asd	2125	2474.000	676.363
WYF00004.asd	2126	2475.000	677.882
WYF00004.asd	2127	2476.000	671.313
WYF00004.asd	2128	2477.000	669.379
WYF00004.asd	2129	2478.000	659.358
WYF00004.asd	2130	2479.000	633.040
WYF00004.asd	2131	2480.000	620.838
WYF00004.asd	2132	2481.000	619.961
WYF00004.asd	2133	2482.000	605.247
WYF00004.asd	2134	2483.000	587.256
WYF00004.asd	2135	2484.000	572.761
WYF00004.asd	2136	2485.000	543.070
WYF00004.asd	2137	2486.000	532.811
WYF00004.asd	2138	2487.000	544.981
WYF00004.asd	2139	2488.000	539.387
WYF00004.asd	2140	2489.000	532.050
WYF00004.asd	2141	2490.000	523.327
WYF00004.asd	2142	2491.000	506.876
WYF00004.asd	2143	2492.000	491.821
WYF00004.asd	2144	2493.000	478.004
WYF00004.asd	2145	2494.000	464.630
WYF00004.asd	2146	2495.000	445.693
WYF00004.asd	2147	2496.000	435.068
WYF00004.asd	2148	2497.000	430.081
WYF00004.asd	2149	2498.000	426.562
WYF00004.asd	2150	2499.000	431.056
WYF00004.asd	2151	2500.000	419.417
