WYF00005.asd	1	350.000	8.897
WYF00005.asd	2	351.000	10.025
WYF00005.asd	3	352.000	10.967
WYF00005.asd	4	353.000	10.242
WYF00005.asd	5	354.000	10.077
WYF00005.asd	6	355.000	10.503
WYF00005.asd	7	356.000	11.187
WYF00005.asd	8	357.000	11.694
WYF00005.asd	9	358.000	12.306
WYF00005.asd	10	359.000	13.395
WYF00005.asd	11	360.000	14.896
WYF00005.asd	12	361.000	16.030
WYF00005.asd	13	362.000	15.798
WYF00005.asd	14	363.000	16.339
WYF00005.asd	15	364.000	18.773
WYF00005.asd	16	365.000	18.611
WYF00005.asd	17	366.000	19.502
WYF00005.asd	18	367.000	20.696
WYF00005.asd	19	368.000	20.493
WYF00005.asd	20	369.000	22.236
WYF00005.asd	21	370.000	25.600
WYF00005.asd	22	371.000	27.981
WYF00005.asd	23	372.000	26.277
WYF00005.asd	24	373.000	27.572
WYF00005.asd	25	374.000	28.835
WYF00005.asd	26	375.000	29.556
WYF00005.asd	27	376.000	33.939
WYF00005.asd	28	377.000	35.743
WYF00005.asd	29	378.000	35.702
WYF00005.asd	30	379.000	35.824
WYF00005.asd	31	380.000	37.145
WYF00005.asd	32	381.000	39.629
WYF00005.asd	33	382.000	40.662
WYF00005.asd	34	383.000	38.955
WYF00005.asd	35	384.000	43.035
WYF00005.asd	36	385.000	45.473
WYF00005.asd	37	386.000	45.972
WYF00005.asd	38	387.000	48.701
WYF00005.asd	39	388.000	49.480
WYF00005.asd	40	389.000	50.197
WYF00005.asd	41	390.000	52.224
WYF00005.asd	42	391.000	55.356
WYF00005.asd	43	392.000	56.065
WYF00005.asd	44	393.000	56.760
WYF00005.asd	45	394.000	59.225
WYF00005.asd	46	395.000	60.527
WYF00005.asd	47	396.000	62.453
WYF00005.asd	48	397.000	64.601
WYF00005.asd	49	398.000	66.015
WYF00005.asd	50	399.000	66.679
WYF00005.asd	51	400.000	68.863
WYF00005.asd	52	401.000	72.366
WYF00005.asd	53	402.000	75.162
WYF00005.asd	54	403.000	76.887
WYF00005.asd	55	404.000	79.549
WYF00005.asd	56	405.000	83.143
WYF00005.asd	57	406.000	84.484
WYF00005.asd	58	407.000	88.474
WYF00005.asd	59	408.000	91.196
WYF00005.asd	60	409.000	90.414
WYF00005.asd	61	410.000	94.935
WYF00005.asd	62	411.000	99.175
WYF00005.asd	63	412.000	101.249
WYF00005.asd	64	413.000	101.974
WYF00005.asd	65	414.000	107.127
WYF00005.asd	66	415.000	112.189
WYF00005.asd	67	416.000	115.960
WYF00005.asd	68	417.000	120.910
WYF00005.asd	69	418.000	124.789
WYF00005.asd	70	419.000	127.721
WYF00005.asd	71	420.000	131.191
WYF00005.asd	72	421.000	138.650
WYF00005.asd	73	422.000	145.401
WYF00005.asd	74	423.000	149.879
WYF00005.asd	75	424.000	152.812
WYF00005.asd	76	425.000	159.535
WYF00005.asd	77	426.000	164.342
WYF00005.asd	78	427.000	168.264
WYF00005.asd	79	428.000	176.342
WYF00005.asd	80	429.000	182.816
WYF00005.asd	81	430.000	188.929
WYF00005.asd	82	431.000	196.307
WYF00005.asd	83	432.000	205.818
WYF00005.asd	84	433.000	215.356
WYF00005.asd	85	434.000	223.804
WYF00005.asd	86	435.000	230.989
WYF00005.asd	87	436.000	238.638
WYF00005.asd	88	437.000	245.570
WYF00005.asd	89	438.000	251.487
WYF00005.asd	90	439.000	256.638
WYF00005.asd	91	440.000	261.256
WYF00005.asd	92	441.000	265.986
WYF00005.asd	93	442.000	271.536
WYF00005.asd	94	443.000	278.582
WYF00005.asd	95	444.000	285.590
WYF00005.asd	96	445.000	292.724
WYF00005.asd	97	446.000	300.055
WYF00005.asd	98	447.000	306.188
WYF00005.asd	99	448.000	313.045
WYF00005.asd	100	449.000	319.592
WYF00005.asd	101	450.000	324.087
WYF00005.asd	102	451.000	329.299
WYF00005.asd	103	452.000	335.550
WYF00005.asd	104	453.000	341.958
WYF00005.asd	105	454.000	346.768
WYF00005.asd	106	455.000	354.668
WYF00005.asd	107	456.000	360.727
WYF00005.asd	108	457.000	362.299
WYF00005.asd	109	458.000	367.364
WYF00005.asd	110	459.000	370.998
WYF00005.asd	111	460.000	373.924
WYF00005.asd	112	461.000	378.431
WYF00005.asd	113	462.000	381.830
WYF00005.asd	114	463.000	385.413
WYF00005.asd	115	464.000	388.757
WYF00005.asd	116	465.000	389.742
WYF00005.asd	117	466.000	394.444
WYF00005.asd	118	467.000	398.622
WYF00005.asd	119	468.000	399.607
WYF00005.asd	120	469.000	403.675
WYF00005.asd	121	470.000	407.756
WYF00005.asd	122	471.000	410.684
WYF00005.asd	123	472.000	412.588
WYF00005.asd	124	473.000	416.924
WYF00005.asd	125	474.000	419.859
WYF00005.asd	126	475.000	420.791
WYF00005.asd	127	476.000	422.985
WYF00005.asd	128	477.000	427.447
WYF00005.asd	129	478.000	431.857
WYF00005.asd	130	479.000	434.097
WYF00005.asd	131	480.000	434.049
WYF00005.asd	132	481.000	436.242
WYF00005.asd	133	482.000	439.921
WYF00005.asd	134	483.000	442.417
WYF00005.asd	135	484.000	446.120
WYF00005.asd	136	485.000	449.654
WYF00005.asd	137	486.000	453.268
WYF00005.asd	138	487.000	459.184
WYF00005.asd	139	488.000	462.865
WYF00005.asd	140	489.000	466.412
WYF00005.asd	141	490.000	471.654
WYF00005.asd	142	491.000	475.098
WYF00005.asd	143	492.000	480.539
WYF00005.asd	144	493.000	487.208
WYF00005.asd	145	494.000	492.390
WYF00005.asd	146	495.000	497.249
WYF00005.asd	147	496.000	504.703
WYF00005.asd	148	497.000	514.440
WYF00005.asd	149	498.000	521.854
WYF00005.asd	150	499.000	529.436
WYF00005.asd	151	500.000	538.343
WYF00005.asd	152	501.000	549.068
WYF00005.asd	153	502.000	561.328
WYF00005.asd	154	503.000	571.826
WYF00005.asd	155	504.000	581.993
WYF00005.asd	156	505.000	595.402
WYF00005.asd	157	506.000	605.970
WYF00005.asd	158	507.000	617.604
WYF00005.asd	159	508.000	632.862
WYF00005.asd	160	509.000	650.478
WYF00005.asd	161	510.000	666.096
WYF00005.asd	162	511.000	681.938
WYF00005.asd	163	512.000	700.753
WYF00005.asd	164	513.000	718.476
WYF00005.asd	165	514.000	735.891
WYF00005.asd	166	515.000	753.964
WYF00005.asd	167	516.000	773.824
WYF00005.asd	168	517.000	797.936
WYF00005.asd	169	518.000	821.702
WYF00005.asd	170	519.000	842.734
WYF00005.asd	171	520.000	865.176
WYF00005.asd	172	521.000	888.970
WYF00005.asd	173	522.000	911.932
WYF00005.asd	174	523.000	932.233
WYF00005.asd	175	524.000	954.703
WYF00005.asd	176	525.000	978.974
WYF00005.asd	177	526.000	1003.447
WYF00005.asd	178	527.000	1025.768
WYF00005.asd	179	528.000	1048.322
WYF00005.asd	180	529.000	1070.764
WYF00005.asd	181	530.000	1092.361
WYF00005.asd	182	531.000	1112.614
WYF00005.asd	183	532.000	1133.908
WYF00005.asd	184	533.000	1155.916
WYF00005.asd	185	534.000	1176.918
WYF00005.asd	186	535.000	1195.898
WYF00005.asd	187	536.000	1215.961
WYF00005.asd	188	537.000	1237.747
WYF00005.asd	189	538.000	1258.052
WYF00005.asd	190	539.000	1281.351
WYF00005.asd	191	540.000	1304.279
WYF00005.asd	192	541.000	1324.788
WYF00005.asd	193	542.000	1353.293
WYF00005.asd	194	543.000	1381.186
WYF00005.asd	195	544.000	1410.425
WYF00005.asd	196	545.000	1448.835
WYF00005.asd	197	546.000	1483.189
WYF00005.asd	198	547.000	1506.739
WYF00005.asd	199	548.000	1521.005
WYF00005.asd	200	549.000	1540.217
WYF00005.asd	201	550.000	1563.264
WYF00005.asd	202	551.000	1590.456
WYF00005.asd	203	552.000	1621.552
WYF00005.asd	204	553.000	1654.951
WYF00005.asd	205	554.000	1686.853
WYF00005.asd	206	555.000	1717.629
WYF00005.asd	207	556.000	1751.659
WYF00005.asd	208	557.000	1785.590
WYF00005.asd	209	558.000	1816.525
WYF00005.asd	210	559.000	1844.554
WYF00005.asd	211	560.000	1877.608
WYF00005.asd	212	561.000	1909.223
WYF00005.asd	213	562.000	1936.087
WYF00005.asd	214	563.000	1957.400
WYF00005.asd	215	564.000	1978.917
WYF00005.asd	216	565.000	1996.196
WYF00005.asd	217	566.000	2007.317
WYF00005.asd	218	567.000	2015.382
WYF00005.asd	219	568.000	2020.843
WYF00005.asd	220	569.000	2021.900
WYF00005.asd	221	570.000	2017.269
WYF00005.asd	222	571.000	2009.528
WYF00005.asd	223	572.000	2004.890
WYF00005.asd	224	573.000	2002.627
WYF00005.asd	225	574.000	1997.210
WYF00005.asd	226	575.000	1996.027
WYF00005.asd	227	576.000	1997.365
WYF00005.asd	228	577.000	1998.420
WYF00005.asd	229	578.000	1997.357
WYF00005.asd	230	579.000	1994.457
WYF00005.asd	231	580.000	1987.752
WYF00005.asd	232	581.000	1976.208
WYF00005.asd	233	582.000	1968.557
WYF00005.asd	234	583.000	1959.609
WYF00005.asd	235	584.000	1949.003
WYF00005.asd	236	585.000	1942.809
WYF00005.asd	237	586.000	1937.401
WYF00005.asd	238	587.000	1931.737
WYF00005.asd	239	588.000	1925.728
WYF00005.asd	240	589.000	1919.949
WYF00005.asd	241	590.000	1917.841
WYF00005.asd	242	591.000	1919.211
WYF00005.asd	243	592.000	1922.105
WYF00005.asd	244	593.000	1931.208
WYF00005.asd	245	594.000	1944.305
WYF00005.asd	246	595.000	1958.922
WYF00005.asd	247	596.000	1973.562
WYF00005.asd	248	597.000	1991.629
WYF00005.asd	249	598.000	2010.948
WYF00005.asd	250	599.000	2027.453
WYF00005.asd	251	600.000	2037.801
WYF00005.asd	252	601.000	2047.351
WYF00005.asd	253	602.000	2056.177
WYF00005.asd	254	603.000	2059.384
WYF00005.asd	255	604.000	2061.491
WYF00005.asd	256	605.000	2061.978
WYF00005.asd	257	606.000	2060.460
WYF00005.asd	258	607.000	2059.415
WYF00005.asd	259	608.000	2057.177
WYF00005.asd	260	609.000	2054.561
WYF00005.asd	261	610.000	2053.160
WYF00005.asd	262	611.000	2050.687
WYF00005.asd	263	612.000	2050.918
WYF00005.asd	264	613.000	2054.781
WYF00005.asd	265	614.000	2058.650
WYF00005.asd	266	615.000	2061.357
WYF00005.asd	267	616.000	2062.222
WYF00005.asd	268	617.000	2061.165
WYF00005.asd	269	618.000	2059.089
WYF00005.asd	270	619.000	2055.001
WYF00005.asd	271	620.000	2050.110
WYF00005.asd	272	621.000	2046.836
WYF00005.asd	273	622.000	2040.973
WYF00005.asd	274	623.000	2032.892
WYF00005.asd	275	624.000	2024.571
WYF00005.asd	276	625.000	2020.062
WYF00005.asd	277	626.000	2014.098
WYF00005.asd	278	627.000	2007.382
WYF00005.asd	279	628.000	2002.166
WYF00005.asd	280	629.000	1995.331
WYF00005.asd	281	630.000	1990.080
WYF00005.asd	282	631.000	1986.113
WYF00005.asd	283	632.000	1979.016
WYF00005.asd	284	633.000	1971.590
WYF00005.asd	285	634.000	1964.034
WYF00005.asd	286	635.000	1955.204
WYF00005.asd	287	636.000	1941.191
WYF00005.asd	288	637.000	1929.147
WYF00005.asd	289	638.000	1917.090
WYF00005.asd	290	639.000	1898.948
WYF00005.asd	291	640.000	1882.848
WYF00005.asd	292	641.000	1866.842
WYF00005.asd	293	642.000	1849.422
WYF00005.asd	294	643.000	1831.688
WYF00005.asd	295	644.000	1812.324
WYF00005.asd	296	645.000	1793.502
WYF00005.asd	297	646.000	1777.136
WYF00005.asd	298	647.000	1758.799
WYF00005.asd	299	648.000	1744.121
WYF00005.asd	300	649.000	1733.289
WYF00005.asd	301	650.000	1721.840
WYF00005.asd	302	651.000	1711.994
WYF00005.asd	303	652.000	1703.255
WYF00005.asd	304	653.000	1695.054
WYF00005.asd	305	654.000	1687.909
WYF00005.asd	306	655.000	1679.066
WYF00005.asd	307	656.000	1668.093
WYF00005.asd	308	657.000	1655.785
WYF00005.asd	309	658.000	1643.207
WYF00005.asd	310	659.000	1630.690
WYF00005.asd	311	660.000	1617.748
WYF00005.asd	312	661.000	1603.077
WYF00005.asd	313	662.000	1587.205
WYF00005.asd	314	663.000	1571.428
WYF00005.asd	315	664.000	1557.358
WYF00005.asd	316	665.000	1547.362
WYF00005.asd	317	666.000	1535.774
WYF00005.asd	318	667.000	1524.779
WYF00005.asd	319	668.000	1520.043
WYF00005.asd	320	669.000	1513.202
WYF00005.asd	321	670.000	1507.532
WYF00005.asd	322	671.000	1505.628
WYF00005.asd	323	672.000	1506.934
WYF00005.asd	324	673.000	1508.263
WYF00005.asd	325	674.000	1510.201
WYF00005.asd	326	675.000	1514.567
WYF00005.asd	327	676.000	1522.897
WYF00005.asd	328	677.000	1531.358
WYF00005.asd	329	678.000	1539.683
WYF00005.asd	330	679.000	1550.757
WYF00005.asd	331	680.000	1567.501
WYF00005.asd	332	681.000	1586.521
WYF00005.asd	333	682.000	1606.864
WYF00005.asd	334	683.000	1634.687
WYF00005.asd	335	684.000	1669.806
WYF00005.asd	336	685.000	1710.628
WYF00005.asd	337	686.000	1756.039
WYF00005.asd	338	687.000	1811.268
WYF00005.asd	339	688.000	1876.589
WYF00005.asd	340	689.000	1950.810
WYF00005.asd	341	690.000	2031.682
WYF00005.asd	342	691.000	2119.996
WYF00005.asd	343	692.000	2217.682
WYF00005.asd	344	693.000	2325.483
WYF00005.asd	345	694.000	2440.477
WYF00005.asd	346	695.000	2563.802
WYF00005.asd	347	696.000	2697.191
WYF00005.asd	348	697.000	2842.039
WYF00005.asd	349	698.000	2994.919
WYF00005.asd	350	699.000	3159.129
WYF00005.asd	351	700.000	3334.279
WYF00005.asd	352	701.000	3514.949
WYF00005.asd	353	702.000	3704.909
WYF00005.asd	354	703.000	3900.783
WYF00005.asd	355	704.000	4099.714
WYF00005.asd	356	705.000	4305.511
WYF00005.asd	357	706.000	4516.588
WYF00005.asd	358	707.000	4730.158
WYF00005.asd	359	708.000	4943.664
WYF00005.asd	360	709.000	5162.503
WYF00005.asd	361	710.000	5382.801
WYF00005.asd	362	711.000	5602.988
WYF00005.asd	363	712.000	5826.162
WYF00005.asd	364	713.000	6046.053
WYF00005.asd	365	714.000	6267.748
WYF00005.asd	366	715.000	6494.842
WYF00005.asd	367	716.000	6714.970
WYF00005.asd	368	717.000	6934.357
WYF00005.asd	369	718.000	7155.330
WYF00005.asd	370	719.000	7377.121
WYF00005.asd	371	720.000	7596.340
WYF00005.asd	372	721.000	7810.616
WYF00005.asd	373	722.000	8021.414
WYF00005.asd	374	723.000	8235.803
WYF00005.asd	375	724.000	8443.063
WYF00005.asd	376	725.000	8645.699
WYF00005.asd	377	726.000	8847.290
WYF00005.asd	378	727.000	9040.115
WYF00005.asd	379	728.000	9231.280
WYF00005.asd	380	729.000	9420.811
WYF00005.asd	381	730.000	9603.761
WYF00005.asd	382	731.000	9777.749
WYF00005.asd	383	732.000	9949.504
WYF00005.asd	384	733.000	10120.337
WYF00005.asd	385	734.000	10281.241
WYF00005.asd	386	735.000	10435.899
WYF00005.asd	387	736.000	10584.321
WYF00005.asd	388	737.000	10726.784
WYF00005.asd	389	738.000	10867.530
WYF00005.asd	390	739.000	11005.710
WYF00005.asd	391	740.000	11137.506
WYF00005.asd	392	741.000	11258.755
WYF00005.asd	393	742.000	11380.807
WYF00005.asd	394	743.000	11496.937
WYF00005.asd	395	744.000	11605.829
WYF00005.asd	396	745.000	11717.810
WYF00005.asd	397	746.000	11818.781
WYF00005.asd	398	747.000	11915.209
WYF00005.asd	399	748.000	12014.290
WYF00005.asd	400	749.000	12105.294
WYF00005.asd	401	750.000	12192.498
WYF00005.asd	402	751.000	12275.843
WYF00005.asd	403	752.000	12352.866
WYF00005.asd	404	753.000	12423.664
WYF00005.asd	405	754.000	12494.495
WYF00005.asd	406	755.000	12566.040
WYF00005.asd	407	756.000	12630.783
WYF00005.asd	408	757.000	12690.678
WYF00005.asd	409	758.000	12747.484
WYF00005.asd	410	759.000	12802.007
WYF00005.asd	411	760.000	12851.308
WYF00005.asd	412	761.000	12902.128
WYF00005.asd	413	762.000	12954.390
WYF00005.asd	414	763.000	13004.873
WYF00005.asd	415	764.000	13056.230
WYF00005.asd	416	765.000	13103.201
WYF00005.asd	417	766.000	13145.970
WYF00005.asd	418	767.000	13191.057
WYF00005.asd	419	768.000	13229.773
WYF00005.asd	420	769.000	13267.652
WYF00005.asd	421	770.000	13307.058
WYF00005.asd	422	771.000	13334.792
WYF00005.asd	423	772.000	13364.494
WYF00005.asd	424	773.000	13394.833
WYF00005.asd	425	774.000	13419.870
WYF00005.asd	426	775.000	13442.411
WYF00005.asd	427	776.000	13463.081
WYF00005.asd	428	777.000	13483.236
WYF00005.asd	429	778.000	13504.286
WYF00005.asd	430	779.000	13520.153
WYF00005.asd	431	780.000	13532.328
WYF00005.asd	432	781.000	13542.870
WYF00005.asd	433	782.000	13552.640
WYF00005.asd	434	783.000	13558.661
WYF00005.asd	435	784.000	13560.786
WYF00005.asd	436	785.000	13560.880
WYF00005.asd	437	786.000	13564.668
WYF00005.asd	438	787.000	13564.789
WYF00005.asd	439	788.000	13558.835
WYF00005.asd	440	789.000	13549.076
WYF00005.asd	441	790.000	13546.505
WYF00005.asd	442	791.000	13542.366
WYF00005.asd	443	792.000	13533.309
WYF00005.asd	444	793.000	13524.681
WYF00005.asd	445	794.000	13513.045
WYF00005.asd	446	795.000	13496.721
WYF00005.asd	447	796.000	13475.660
WYF00005.asd	448	797.000	13452.708
WYF00005.asd	449	798.000	13425.957
WYF00005.asd	450	799.000	13397.224
WYF00005.asd	451	800.000	13368.686
WYF00005.asd	452	801.000	13336.873
WYF00005.asd	453	802.000	13310.646
WYF00005.asd	454	803.000	13287.970
WYF00005.asd	455	804.000	13259.869
WYF00005.asd	456	805.000	13235.438
WYF00005.asd	457	806.000	13208.994
WYF00005.asd	458	807.000	13179.311
WYF00005.asd	459	808.000	13153.422
WYF00005.asd	460	809.000	13127.267
WYF00005.asd	461	810.000	13098.763
WYF00005.asd	462	811.000	13065.745
WYF00005.asd	463	812.000	13024.442
WYF00005.asd	464	813.000	12979.833
WYF00005.asd	465	814.000	12933.820
WYF00005.asd	466	815.000	12887.178
WYF00005.asd	467	816.000	12841.329
WYF00005.asd	468	817.000	12796.415
WYF00005.asd	469	818.000	12752.499
WYF00005.asd	470	819.000	12709.675
WYF00005.asd	471	820.000	12669.670
WYF00005.asd	472	821.000	12623.754
WYF00005.asd	473	822.000	12572.186
WYF00005.asd	474	823.000	12527.841
WYF00005.asd	475	824.000	12482.055
WYF00005.asd	476	825.000	12433.636
WYF00005.asd	477	826.000	12382.960
WYF00005.asd	478	827.000	12330.187
WYF00005.asd	479	828.000	12276.615
WYF00005.asd	480	829.000	12221.420
WYF00005.asd	481	830.000	12163.708
WYF00005.asd	482	831.000	12105.356
WYF00005.asd	483	832.000	12047.360
WYF00005.asd	484	833.000	11988.017
WYF00005.asd	485	834.000	11925.310
WYF00005.asd	486	835.000	11866.844
WYF00005.asd	487	836.000	11807.622
WYF00005.asd	488	837.000	11747.050
WYF00005.asd	489	838.000	11689.620
WYF00005.asd	490	839.000	11629.079
WYF00005.asd	491	840.000	11568.705
WYF00005.asd	492	841.000	11509.155
WYF00005.asd	493	842.000	11444.046
WYF00005.asd	494	843.000	11386.795
WYF00005.asd	495	844.000	11329.491
WYF00005.asd	496	845.000	11264.499
WYF00005.asd	497	846.000	11200.497
WYF00005.asd	498	847.000	11141.217
WYF00005.asd	499	848.000	11082.210
WYF00005.asd	500	849.000	11018.594
WYF00005.asd	501	850.000	10960.309
WYF00005.asd	502	851.000	10900.221
WYF00005.asd	503	852.000	10837.494
WYF00005.asd	504	853.000	10775.519
WYF00005.asd	505	854.000	10714.448
WYF00005.asd	506	855.000	10650.610
WYF00005.asd	507	856.000	10585.840
WYF00005.asd	508	857.000	10526.414
WYF00005.asd	509	858.000	10460.047
WYF00005.asd	510	859.000	10391.768
WYF00005.asd	511	860.000	10325.289
WYF00005.asd	512	861.000	10258.175
WYF00005.asd	513	862.000	10192.699
WYF00005.asd	514	863.000	10127.923
WYF00005.asd	515	864.000	10061.064
WYF00005.asd	516	865.000	9986.464
WYF00005.asd	517	866.000	9917.124
WYF00005.asd	518	867.000	9852.632
WYF00005.asd	519	868.000	9787.761
WYF00005.asd	520	869.000	9717.337
WYF00005.asd	521	870.000	9648.600
WYF00005.asd	522	871.000	9581.173
WYF00005.asd	523	872.000	9511.603
WYF00005.asd	524	873.000	9439.947
WYF00005.asd	525	874.000	9370.423
WYF00005.asd	526	875.000	9302.420
WYF00005.asd	527	876.000	9232.296
WYF00005.asd	528	877.000	9159.481
WYF00005.asd	529	878.000	9090.904
WYF00005.asd	530	879.000	9023.908
WYF00005.asd	531	880.000	8948.606
WYF00005.asd	532	881.000	8879.117
WYF00005.asd	533	882.000	8807.852
WYF00005.asd	534	883.000	8734.383
WYF00005.asd	535	884.000	8669.377
WYF00005.asd	536	885.000	8598.622
WYF00005.asd	537	886.000	8524.480
WYF00005.asd	538	887.000	8450.956
WYF00005.asd	539	888.000	8379.237
WYF00005.asd	540	889.000	8309.182
WYF00005.asd	541	890.000	8239.530
WYF00005.asd	542	891.000	8170.158
WYF00005.asd	543	892.000	8104.207
WYF00005.asd	544	893.000	8034.769
WYF00005.asd	545	894.000	7964.945
WYF00005.asd	546	895.000	7898.529
WYF00005.asd	547	896.000	7832.855
WYF00005.asd	548	897.000	7762.288
WYF00005.asd	549	898.000	7692.258
WYF00005.asd	550	899.000	7628.485
WYF00005.asd	551	900.000	7562.119
WYF00005.asd	552	901.000	7496.775
WYF00005.asd	553	902.000	7433.163
WYF00005.asd	554	903.000	7370.399
WYF00005.asd	555	904.000	7307.085
WYF00005.asd	556	905.000	7244.290
WYF00005.asd	557	906.000	7179.627
WYF00005.asd	558	907.000	7110.730
WYF00005.asd	559	908.000	7044.951
WYF00005.asd	560	909.000	6981.995
WYF00005.asd	561	910.000	6918.030
WYF00005.asd	562	911.000	6849.070
WYF00005.asd	563	912.000	6782.633
WYF00005.asd	564	913.000	6717.790
WYF00005.asd	565	914.000	6651.629
WYF00005.asd	566	915.000	6581.759
WYF00005.asd	567	916.000	6516.711
WYF00005.asd	568	917.000	6449.699
WYF00005.asd	569	918.000	6381.430
WYF00005.asd	570	919.000	6318.833
WYF00005.asd	571	920.000	6252.414
WYF00005.asd	572	921.000	6183.983
WYF00005.asd	573	922.000	6115.032
WYF00005.asd	574	923.000	6045.605
WYF00005.asd	575	924.000	5978.596
WYF00005.asd	576	925.000	5909.446
WYF00005.asd	577	926.000	5837.060
WYF00005.asd	578	927.000	5764.893
WYF00005.asd	579	928.000	5692.078
WYF00005.asd	580	929.000	5618.245
WYF00005.asd	581	930.000	5543.995
WYF00005.asd	582	931.000	5470.827
WYF00005.asd	583	932.000	5398.099
WYF00005.asd	584	933.000	5327.617
WYF00005.asd	585	934.000	5258.895
WYF00005.asd	586	935.000	5188.770
WYF00005.asd	587	936.000	5119.584
WYF00005.asd	588	937.000	5053.510
WYF00005.asd	589	938.000	4990.122
WYF00005.asd	590	939.000	4926.196
WYF00005.asd	591	940.000	4862.990
WYF00005.asd	592	941.000	4798.948
WYF00005.asd	593	942.000	4734.592
WYF00005.asd	594	943.000	4672.741
WYF00005.asd	595	944.000	4606.876
WYF00005.asd	596	945.000	4542.000
WYF00005.asd	597	946.000	4480.153
WYF00005.asd	598	947.000	4418.175
WYF00005.asd	599	948.000	4362.598
WYF00005.asd	600	949.000	4306.089
WYF00005.asd	601	950.000	4246.551
WYF00005.asd	602	951.000	4189.937
WYF00005.asd	603	952.000	4136.320
WYF00005.asd	604	953.000	4082.068
WYF00005.asd	605	954.000	4027.170
WYF00005.asd	606	955.000	3975.381
WYF00005.asd	607	956.000	3922.751
WYF00005.asd	608	957.000	3868.986
WYF00005.asd	609	958.000	3816.441
WYF00005.asd	610	959.000	3768.099
WYF00005.asd	611	960.000	3715.352
WYF00005.asd	612	961.000	3664.398
WYF00005.asd	613	962.000	3615.333
WYF00005.asd	614	963.000	3563.009
WYF00005.asd	615	964.000	3514.844
WYF00005.asd	616	965.000	3466.604
WYF00005.asd	617	966.000	3417.626
WYF00005.asd	618	967.000	3370.129
WYF00005.asd	619	968.000	3321.155
WYF00005.asd	620	969.000	3273.056
WYF00005.asd	621	970.000	3225.329
WYF00005.asd	622	971.000	3176.413
WYF00005.asd	623	972.000	3130.286
WYF00005.asd	624	973.000	3084.154
WYF00005.asd	625	974.000	3037.302
WYF00005.asd	626	975.000	2990.995
WYF00005.asd	627	976.000	2948.910
WYF00005.asd	628	977.000	2903.887
WYF00005.asd	629	978.000	2856.732
WYF00005.asd	630	979.000	2810.969
WYF00005.asd	631	980.000	2765.604
WYF00005.asd	632	981.000	2723.086
WYF00005.asd	633	982.000	2680.743
WYF00005.asd	634	983.000	2636.301
WYF00005.asd	635	984.000	2593.247
WYF00005.asd	636	985.000	2548.537
WYF00005.asd	637	986.000	2504.072
WYF00005.asd	638	987.000	2461.456
WYF00005.asd	639	988.000	2419.051
WYF00005.asd	640	989.000	2374.669
WYF00005.asd	641	990.000	2332.079
WYF00005.asd	642	991.000	2291.893
WYF00005.asd	643	992.000	2249.026
WYF00005.asd	644	993.000	2208.445
WYF00005.asd	645	994.000	2168.029
WYF00005.asd	646	995.000	2127.215
WYF00005.asd	647	996.000	2087.933
WYF00005.asd	648	997.000	2048.912
WYF00005.asd	649	998.000	2010.439
WYF00005.asd	650	999.000	1971.623
WYF00005.asd	651	1000.000	1931.452
WYF00005.asd	652	1001.000	7829.447
WYF00005.asd	653	1002.000	7879.569
WYF00005.asd	654	1003.000	7930.732
WYF00005.asd	655	1004.000	7981.996
WYF00005.asd	656	1005.000	8031.964
WYF00005.asd	657	1006.000	8083.058
WYF00005.asd	658	1007.000	8135.722
WYF00005.asd	659	1008.000	8186.952
WYF00005.asd	660	1009.000	8234.810
WYF00005.asd	661	1010.000	8288.958
WYF00005.asd	662	1011.000	8347.654
WYF00005.asd	663	1012.000	8406.011
WYF00005.asd	664	1013.000	8470.292
WYF00005.asd	665	1014.000	8537.842
WYF00005.asd	666	1015.000	8600.897
WYF00005.asd	667	1016.000	8665.555
WYF00005.asd	668	1017.000	8728.902
WYF00005.asd	669	1018.000	8791.161
WYF00005.asd	670	1019.000	8854.295
WYF00005.asd	671	1020.000	8915.645
WYF00005.asd	672	1021.000	8980.569
WYF00005.asd	673	1022.000	9050.423
WYF00005.asd	674	1023.000	9114.252
WYF00005.asd	675	1024.000	9176.376
WYF00005.asd	676	1025.000	9240.345
WYF00005.asd	677	1026.000	9298.360
WYF00005.asd	678	1027.000	9357.905
WYF00005.asd	679	1028.000	9418.648
WYF00005.asd	680	1029.000	9475.810
WYF00005.asd	681	1030.000	9533.018
WYF00005.asd	682	1031.000	9587.863
WYF00005.asd	683	1032.000	9638.590
WYF00005.asd	684	1033.000	9686.214
WYF00005.asd	685	1034.000	9730.791
WYF00005.asd	686	1035.000	9772.742
WYF00005.asd	687	1036.000	9811.517
WYF00005.asd	688	1037.000	9845.306
WYF00005.asd	689	1038.000	9881.078
WYF00005.asd	690	1039.000	9916.656
WYF00005.asd	691	1040.000	9943.638
WYF00005.asd	692	1041.000	9976.962
WYF00005.asd	693	1042.000	10010.632
WYF00005.asd	694	1043.000	10036.918
WYF00005.asd	695	1044.000	10066.216
WYF00005.asd	696	1045.000	10094.042
WYF00005.asd	697	1046.000	10119.255
WYF00005.asd	698	1047.000	10151.227
WYF00005.asd	699	1048.000	10185.977
WYF00005.asd	700	1049.000	10217.273
WYF00005.asd	701	1050.000	10246.433
WYF00005.asd	702	1051.000	10278.987
WYF00005.asd	703	1052.000	10311.327
WYF00005.asd	704	1053.000	10343.439
WYF00005.asd	705	1054.000	10379.573
WYF00005.asd	706	1055.000	10415.763
WYF00005.asd	707	1056.000	10450.251
WYF00005.asd	708	1057.000	10488.786
WYF00005.asd	709	1058.000	10530.465
WYF00005.asd	710	1059.000	10569.711
WYF00005.asd	711	1060.000	10612.351
WYF00005.asd	712	1061.000	10658.845
WYF00005.asd	713	1062.000	10701.290
WYF00005.asd	714	1063.000	10750.723
WYF00005.asd	715	1064.000	10807.632
WYF00005.asd	716	1065.000	10873.288
WYF00005.asd	717	1066.000	10934.366
WYF00005.asd	718	1067.000	10998.112
WYF00005.asd	719	1068.000	11066.196
WYF00005.asd	720	1069.000	11128.836
WYF00005.asd	721	1070.000	11194.933
WYF00005.asd	722	1071.000	11267.742
WYF00005.asd	723	1072.000	11339.934
WYF00005.asd	724	1073.000	11419.741
WYF00005.asd	725	1074.000	11502.522
WYF00005.asd	726	1075.000	11586.720
WYF00005.asd	727	1076.000	11680.470
WYF00005.asd	728	1077.000	11769.882
WYF00005.asd	729	1078.000	11861.974
WYF00005.asd	730	1079.000	11961.159
WYF00005.asd	731	1080.000	12065.503
WYF00005.asd	732	1081.000	12169.852
WYF00005.asd	733	1082.000	12284.727
WYF00005.asd	734	1083.000	12401.733
WYF00005.asd	735	1084.000	12518.125
WYF00005.asd	736	1085.000	12640.086
WYF00005.asd	737	1086.000	12759.397
WYF00005.asd	738	1087.000	12886.764
WYF00005.asd	739	1088.000	13019.373
WYF00005.asd	740	1089.000	13145.514
WYF00005.asd	741	1090.000	13280.656
WYF00005.asd	742	1091.000	13417.470
WYF00005.asd	743	1092.000	13554.031
WYF00005.asd	744	1093.000	13700.124
WYF00005.asd	745	1094.000	13838.686
WYF00005.asd	746	1095.000	13978.653
WYF00005.asd	747	1096.000	14118.057
WYF00005.asd	748	1097.000	14257.451
WYF00005.asd	749	1098.000	14391.217
WYF00005.asd	750	1099.000	14532.951
WYF00005.asd	751	1100.000	14673.799
WYF00005.asd	752	1101.000	14808.985
WYF00005.asd	753	1102.000	14943.347
WYF00005.asd	754	1103.000	15072.188
WYF00005.asd	755	1104.000	15199.545
WYF00005.asd	756	1105.000	15323.654
WYF00005.asd	757	1106.000	15439.483
WYF00005.asd	758	1107.000	15558.547
WYF00005.asd	759	1108.000	15673.634
WYF00005.asd	760	1109.000	15778.196
WYF00005.asd	761	1110.000	15876.792
WYF00005.asd	762	1111.000	15969.666
WYF00005.asd	763	1112.000	16058.561
WYF00005.asd	764	1113.000	16141.134
WYF00005.asd	765	1114.000	16217.350
WYF00005.asd	766	1115.000	16287.667
WYF00005.asd	767	1116.000	16356.161
WYF00005.asd	768	1117.000	16409.489
WYF00005.asd	769	1118.000	16455.485
WYF00005.asd	770	1119.000	16501.708
WYF00005.asd	771	1120.000	16542.001
WYF00005.asd	772	1121.000	16581.255
WYF00005.asd	773	1122.000	16621.274
WYF00005.asd	774	1123.000	16660.294
WYF00005.asd	775	1124.000	16697.004
WYF00005.asd	776	1125.000	16731.322
WYF00005.asd	777	1126.000	16761.447
WYF00005.asd	778	1127.000	16788.376
WYF00005.asd	779	1128.000	16811.792
WYF00005.asd	780	1129.000	16832.630
WYF00005.asd	781	1130.000	16850.394
WYF00005.asd	782	1131.000	16865.438
WYF00005.asd	783	1132.000	16874.510
WYF00005.asd	784	1133.000	16881.093
WYF00005.asd	785	1134.000	16884.171
WYF00005.asd	786	1135.000	16891.004
WYF00005.asd	787	1136.000	16908.520
WYF00005.asd	788	1137.000	16930.476
WYF00005.asd	789	1138.000	16959.446
WYF00005.asd	790	1139.000	16988.630
WYF00005.asd	791	1140.000	17020.200
WYF00005.asd	792	1141.000	17054.905
WYF00005.asd	793	1142.000	17085.439
WYF00005.asd	794	1143.000	17117.251
WYF00005.asd	795	1144.000	17146.203
WYF00005.asd	796	1145.000	17168.374
WYF00005.asd	797	1146.000	17194.600
WYF00005.asd	798	1147.000	17222.634
WYF00005.asd	799	1148.000	17250.512
WYF00005.asd	800	1149.000	17274.740
WYF00005.asd	801	1150.000	17297.881
WYF00005.asd	802	1151.000	17320.936
WYF00005.asd	803	1152.000	17343.598
WYF00005.asd	804	1153.000	17367.384
WYF00005.asd	805	1154.000	17391.122
WYF00005.asd	806	1155.000	17411.932
WYF00005.asd	807	1156.000	17433.916
WYF00005.asd	808	1157.000	17455.254
WYF00005.asd	809	1158.000	17475.716
WYF00005.asd	810	1159.000	17492.373
WYF00005.asd	811	1160.000	17503.695
WYF00005.asd	812	1161.000	17515.991
WYF00005.asd	813	1162.000	17524.006
WYF00005.asd	814	1163.000	17537.263
WYF00005.asd	815	1164.000	17552.207
WYF00005.asd	816	1165.000	17570.057
WYF00005.asd	817	1166.000	17589.060
WYF00005.asd	818	1167.000	17609.882
WYF00005.asd	819	1168.000	17626.346
WYF00005.asd	820	1169.000	17642.128
WYF00005.asd	821	1170.000	17660.655
WYF00005.asd	822	1171.000	17676.097
WYF00005.asd	823	1172.000	17690.350
WYF00005.asd	824	1173.000	17708.324
WYF00005.asd	825	1174.000	17725.251
WYF00005.asd	826	1175.000	17742.503
WYF00005.asd	827	1176.000	17760.696
WYF00005.asd	828	1177.000	17783.740
WYF00005.asd	829	1178.000	17799.020
WYF00005.asd	830	1179.000	17810.152
WYF00005.asd	831	1180.000	17823.040
WYF00005.asd	832	1181.000	17832.189
WYF00005.asd	833	1182.000	17844.558
WYF00005.asd	834	1183.000	17859.343
WYF00005.asd	835	1184.000	17872.400
WYF00005.asd	836	1185.000	17887.867
WYF00005.asd	837	1186.000	17905.706
WYF00005.asd	838	1187.000	17925.216
WYF00005.asd	839	1188.000	17945.277
WYF00005.asd	840	1189.000	17969.985
WYF00005.asd	841	1190.000	17993.103
WYF00005.asd	842	1191.000	18015.010
WYF00005.asd	843	1192.000	18041.035
WYF00005.asd	844	1193.000	18067.131
WYF00005.asd	845	1194.000	18091.314
WYF00005.asd	846	1195.000	18120.636
WYF00005.asd	847	1196.000	18154.881
WYF00005.asd	848	1197.000	18185.829
WYF00005.asd	849	1198.000	18217.894
WYF00005.asd	850	1199.000	18248.902
WYF00005.asd	851	1200.000	18279.294
WYF00005.asd	852	1201.000	18310.052
WYF00005.asd	853	1202.000	18341.578
WYF00005.asd	854	1203.000	18371.719
WYF00005.asd	855	1204.000	18399.266
WYF00005.asd	856	1205.000	18424.459
WYF00005.asd	857	1206.000	18451.014
WYF00005.asd	858	1207.000	18476.502
WYF00005.asd	859	1208.000	18506.839
WYF00005.asd	860	1209.000	18542.476
WYF00005.asd	861	1210.000	18577.586
WYF00005.asd	862	1211.000	18615.869
WYF00005.asd	863	1212.000	18653.490
WYF00005.asd	864	1213.000	18689.259
WYF00005.asd	865	1214.000	18730.851
WYF00005.asd	866	1215.000	18775.182
WYF00005.asd	867	1216.000	18822.367
WYF00005.asd	868	1217.000	18873.804
WYF00005.asd	869	1218.000	18926.462
WYF00005.asd	870	1219.000	18982.814
WYF00005.asd	871	1220.000	19037.528
WYF00005.asd	872	1221.000	19095.106
WYF00005.asd	873	1222.000	19148.574
WYF00005.asd	874	1223.000	19203.692
WYF00005.asd	875	1224.000	19259.543
WYF00005.asd	876	1225.000	19311.994
WYF00005.asd	877	1226.000	19370.394
WYF00005.asd	878	1227.000	19424.921
WYF00005.asd	879	1228.000	19473.809
WYF00005.asd	880	1229.000	19521.936
WYF00005.asd	881	1230.000	19566.515
WYF00005.asd	882	1231.000	19613.282
WYF00005.asd	883	1232.000	19660.490
WYF00005.asd	884	1233.000	19704.048
WYF00005.asd	885	1234.000	19748.016
WYF00005.asd	886	1235.000	19789.740
WYF00005.asd	887	1236.000	19826.112
WYF00005.asd	888	1237.000	19864.532
WYF00005.asd	889	1238.000	19903.452
WYF00005.asd	890	1239.000	19941.690
WYF00005.asd	891	1240.000	19979.838
WYF00005.asd	892	1241.000	20016.803
WYF00005.asd	893	1242.000	20053.223
WYF00005.asd	894	1243.000	20089.778
WYF00005.asd	895	1244.000	20124.987
WYF00005.asd	896	1245.000	20155.596
WYF00005.asd	897	1246.000	20189.698
WYF00005.asd	898	1247.000	20222.009
WYF00005.asd	899	1248.000	20251.274
WYF00005.asd	900	1249.000	20281.039
WYF00005.asd	901	1250.000	20305.043
WYF00005.asd	902	1251.000	20325.895
WYF00005.asd	903	1252.000	20340.943
WYF00005.asd	904	1253.000	20351.759
WYF00005.asd	905	1254.000	20357.727
WYF00005.asd	906	1255.000	20358.165
WYF00005.asd	907	1256.000	20355.249
WYF00005.asd	908	1257.000	20348.692
WYF00005.asd	909	1258.000	20337.766
WYF00005.asd	910	1259.000	20321.877
WYF00005.asd	911	1260.000	20302.622
WYF00005.asd	912	1261.000	20277.456
WYF00005.asd	913	1262.000	20252.075
WYF00005.asd	914	1263.000	20225.758
WYF00005.asd	915	1264.000	20193.470
WYF00005.asd	916	1265.000	20160.267
WYF00005.asd	917	1266.000	20125.028
WYF00005.asd	918	1267.000	20088.656
WYF00005.asd	919	1268.000	20057.293
WYF00005.asd	920	1269.000	20028.723
WYF00005.asd	921	1270.000	20002.753
WYF00005.asd	922	1271.000	19981.417
WYF00005.asd	923	1272.000	19964.335
WYF00005.asd	924	1273.000	19947.751
WYF00005.asd	925	1274.000	19935.653
WYF00005.asd	926	1275.000	19924.195
WYF00005.asd	927	1276.000	19910.494
WYF00005.asd	928	1277.000	19904.431
WYF00005.asd	929	1278.000	19901.630
WYF00005.asd	930	1279.000	19903.490
WYF00005.asd	931	1280.000	19909.665
WYF00005.asd	932	1281.000	19922.142
WYF00005.asd	933	1282.000	19942.367
WYF00005.asd	934	1283.000	19963.652
WYF00005.asd	935	1284.000	19989.646
WYF00005.asd	936	1285.000	20019.099
WYF00005.asd	937	1286.000	20047.786
WYF00005.asd	938	1287.000	20075.915
WYF00005.asd	939	1288.000	20107.028
WYF00005.asd	940	1289.000	20137.963
WYF00005.asd	941	1290.000	20171.281
WYF00005.asd	942	1291.000	20205.300
WYF00005.asd	943	1292.000	20242.521
WYF00005.asd	944	1293.000	20283.213
WYF00005.asd	945	1294.000	20323.340
WYF00005.asd	946	1295.000	20366.230
WYF00005.asd	947	1296.000	20407.387
WYF00005.asd	948	1297.000	20445.418
WYF00005.asd	949	1298.000	20488.977
WYF00005.asd	950	1299.000	20536.539
WYF00005.asd	951	1300.000	20581.298
WYF00005.asd	952	1301.000	20630.366
WYF00005.asd	953	1302.000	20674.985
WYF00005.asd	954	1303.000	20713.797
WYF00005.asd	955	1304.000	20755.591
WYF00005.asd	956	1305.000	20797.457
WYF00005.asd	957	1306.000	20838.645
WYF00005.asd	958	1307.000	20879.130
WYF00005.asd	959	1308.000	20922.661
WYF00005.asd	960	1309.000	20962.660
WYF00005.asd	961	1310.000	21004.795
WYF00005.asd	962	1311.000	21047.305
WYF00005.asd	963	1312.000	21088.502
WYF00005.asd	964	1313.000	21125.379
WYF00005.asd	965	1314.000	21159.366
WYF00005.asd	966	1315.000	21193.274
WYF00005.asd	967	1316.000	21223.677
WYF00005.asd	968	1317.000	21254.882
WYF00005.asd	969	1318.000	21286.848
WYF00005.asd	970	1319.000	21317.774
WYF00005.asd	971	1320.000	21348.107
WYF00005.asd	972	1321.000	21376.001
WYF00005.asd	973	1322.000	21402.856
WYF00005.asd	974	1323.000	21428.618
WYF00005.asd	975	1324.000	21452.476
WYF00005.asd	976	1325.000	21474.196
WYF00005.asd	977	1326.000	21495.298
WYF00005.asd	978	1327.000	21514.480
WYF00005.asd	979	1328.000	21532.333
WYF00005.asd	980	1329.000	21546.922
WYF00005.asd	981	1330.000	21559.577
WYF00005.asd	982	1331.000	21569.763
WYF00005.asd	983	1332.000	21578.772
WYF00005.asd	984	1333.000	21581.245
WYF00005.asd	985	1334.000	21581.752
WYF00005.asd	986	1335.000	21578.032
WYF00005.asd	987	1336.000	21570.254
WYF00005.asd	988	1337.000	21555.521
WYF00005.asd	989	1338.000	21543.632
WYF00005.asd	990	1339.000	21532.425
WYF00005.asd	991	1340.000	21513.359
WYF00005.asd	992	1341.000	21497.382
WYF00005.asd	993	1342.000	21462.510
WYF00005.asd	994	1343.000	21418.923
WYF00005.asd	995	1344.000	21361.735
WYF00005.asd	996	1345.000	21294.393
WYF00005.asd	997	1346.000	21210.097
WYF00005.asd	998	1347.000	21114.286
WYF00005.asd	999	1348.000	21001.350
WYF00005.asd	1000	1349.000	20866.050
WYF00005.asd	1001	1350.000	20727.006
WYF00005.asd	1002	1351.000	20577.247
WYF00005.asd	1003	1352.000	20415.121
WYF00005.asd	1004	1353.000	20238.951
WYF00005.asd	1005	1354.000	20061.023
WYF00005.asd	1006	1355.000	19861.030
WYF00005.asd	1007	1356.000	19676.080
WYF00005.asd	1008	1357.000	19481.912
WYF00005.asd	1009	1358.000	19312.282
WYF00005.asd	1010	1359.000	19153.682
WYF00005.asd	1011	1360.000	19008.877
WYF00005.asd	1012	1361.000	18893.038
WYF00005.asd	1013	1362.000	18806.942
WYF00005.asd	1014	1363.000	18756.002
WYF00005.asd	1015	1364.000	18739.265
WYF00005.asd	1016	1365.000	18742.330
WYF00005.asd	1017	1366.000	18781.346
WYF00005.asd	1018	1367.000	18828.795
WYF00005.asd	1019	1368.000	18899.203
WYF00005.asd	1020	1369.000	18976.462
WYF00005.asd	1021	1370.000	19084.132
WYF00005.asd	1022	1371.000	19167.999
WYF00005.asd	1023	1372.000	19274.670
WYF00005.asd	1024	1373.000	19327.836
WYF00005.asd	1025	1374.000	19376.422
WYF00005.asd	1026	1375.000	19361.865
WYF00005.asd	1027	1376.000	19302.162
WYF00005.asd	1028	1377.000	19205.556
WYF00005.asd	1029	1378.000	19030.871
WYF00005.asd	1030	1379.000	18880.292
WYF00005.asd	1031	1380.000	18675.516
WYF00005.asd	1032	1381.000	18528.126
WYF00005.asd	1033	1382.000	18384.751
WYF00005.asd	1034	1383.000	18293.139
WYF00005.asd	1035	1384.000	18253.046
WYF00005.asd	1036	1385.000	18228.930
WYF00005.asd	1037	1386.000	18253.405
WYF00005.asd	1038	1387.000	18287.306
WYF00005.asd	1039	1388.000	18311.631
WYF00005.asd	1040	1389.000	18336.430
WYF00005.asd	1041	1390.000	18325.949
WYF00005.asd	1042	1391.000	18293.983
WYF00005.asd	1043	1392.000	18253.629
WYF00005.asd	1044	1393.000	18186.928
WYF00005.asd	1045	1394.000	18132.112
WYF00005.asd	1046	1395.000	18065.362
WYF00005.asd	1047	1396.000	18017.164
WYF00005.asd	1048	1397.000	17975.059
WYF00005.asd	1049	1398.000	17935.630
WYF00005.asd	1050	1399.000	17908.309
WYF00005.asd	1051	1400.000	17874.322
WYF00005.asd	1052	1401.000	17840.944
WYF00005.asd	1053	1402.000	17804.126
WYF00005.asd	1054	1403.000	17770.139
WYF00005.asd	1055	1404.000	17726.255
WYF00005.asd	1056	1405.000	17671.264
WYF00005.asd	1057	1406.000	17622.992
WYF00005.asd	1058	1407.000	17568.181
WYF00005.asd	1059	1408.000	17521.952
WYF00005.asd	1060	1409.000	17483.053
WYF00005.asd	1061	1410.000	17444.427
WYF00005.asd	1062	1411.000	17408.721
WYF00005.asd	1063	1412.000	17374.321
WYF00005.asd	1064	1413.000	17344.032
WYF00005.asd	1065	1414.000	17312.041
WYF00005.asd	1066	1415.000	17283.493
WYF00005.asd	1067	1416.000	17250.086
WYF00005.asd	1068	1417.000	17213.454
WYF00005.asd	1069	1418.000	17175.497
WYF00005.asd	1070	1419.000	17132.667
WYF00005.asd	1071	1420.000	17090.123
WYF00005.asd	1072	1421.000	17052.894
WYF00005.asd	1073	1422.000	17018.503
WYF00005.asd	1074	1423.000	16981.658
WYF00005.asd	1075	1424.000	16947.534
WYF00005.asd	1076	1425.000	16911.554
WYF00005.asd	1077	1426.000	16871.737
WYF00005.asd	1078	1427.000	16836.137
WYF00005.asd	1079	1428.000	16802.538
WYF00005.asd	1080	1429.000	16770.700
WYF00005.asd	1081	1430.000	16739.766
WYF00005.asd	1082	1431.000	16710.992
WYF00005.asd	1083	1432.000	16683.594
WYF00005.asd	1084	1433.000	16660.243
WYF00005.asd	1085	1434.000	16638.578
WYF00005.asd	1086	1435.000	16620.607
WYF00005.asd	1087	1436.000	16607.177
WYF00005.asd	1088	1437.000	16595.615
WYF00005.asd	1089	1438.000	16586.246
WYF00005.asd	1090	1439.000	16579.698
WYF00005.asd	1091	1440.000	16578.889
WYF00005.asd	1092	1441.000	16574.894
WYF00005.asd	1093	1442.000	16571.160
WYF00005.asd	1094	1443.000	16568.362
WYF00005.asd	1095	1444.000	16564.542
WYF00005.asd	1096	1445.000	16561.993
WYF00005.asd	1097	1446.000	16559.897
WYF00005.asd	1098	1447.000	16560.352
WYF00005.asd	1099	1448.000	16561.002
WYF00005.asd	1100	1449.000	16564.396
WYF00005.asd	1101	1450.000	16569.912
WYF00005.asd	1102	1451.000	16578.998
WYF00005.asd	1103	1452.000	16595.085
WYF00005.asd	1104	1453.000	16606.389
WYF00005.asd	1105	1454.000	16620.482
WYF00005.asd	1106	1455.000	16631.165
WYF00005.asd	1107	1456.000	16632.927
WYF00005.asd	1108	1457.000	16631.869
WYF00005.asd	1109	1458.000	16631.266
WYF00005.asd	1110	1459.000	16628.367
WYF00005.asd	1111	1460.000	16622.725
WYF00005.asd	1112	1461.000	16616.437
WYF00005.asd	1113	1462.000	16607.200
WYF00005.asd	1114	1463.000	16593.341
WYF00005.asd	1115	1464.000	16580.626
WYF00005.asd	1116	1465.000	16566.753
WYF00005.asd	1117	1466.000	16554.132
WYF00005.asd	1118	1467.000	16540.042
WYF00005.asd	1119	1468.000	16527.768
WYF00005.asd	1120	1469.000	16515.365
WYF00005.asd	1121	1470.000	16507.562
WYF00005.asd	1122	1471.000	16500.503
WYF00005.asd	1123	1472.000	16498.524
WYF00005.asd	1124	1473.000	16503.673
WYF00005.asd	1125	1474.000	16505.447
WYF00005.asd	1126	1475.000	16509.758
WYF00005.asd	1127	1476.000	16511.230
WYF00005.asd	1128	1477.000	16510.322
WYF00005.asd	1129	1478.000	16511.013
WYF00005.asd	1130	1479.000	16510.513
WYF00005.asd	1131	1480.000	16512.444
WYF00005.asd	1132	1481.000	16515.097
WYF00005.asd	1133	1482.000	16519.811
WYF00005.asd	1134	1483.000	16525.924
WYF00005.asd	1135	1484.000	16534.067
WYF00005.asd	1136	1485.000	16548.798
WYF00005.asd	1137	1486.000	16556.299
WYF00005.asd	1138	1487.000	16560.248
WYF00005.asd	1139	1488.000	16565.990
WYF00005.asd	1140	1489.000	16568.833
WYF00005.asd	1141	1490.000	16571.594
WYF00005.asd	1142	1491.000	16575.456
WYF00005.asd	1143	1492.000	16580.363
WYF00005.asd	1144	1493.000	16583.780
WYF00005.asd	1145	1494.000	16587.602
WYF00005.asd	1146	1495.000	16594.945
WYF00005.asd	1147	1496.000	16599.965
WYF00005.asd	1148	1497.000	16602.714
WYF00005.asd	1149	1498.000	16605.456
WYF00005.asd	1150	1499.000	16607.494
WYF00005.asd	1151	1500.000	16609.663
WYF00005.asd	1152	1501.000	16612.420
WYF00005.asd	1153	1502.000	16611.915
WYF00005.asd	1154	1503.000	16614.514
WYF00005.asd	1155	1504.000	16618.482
WYF00005.asd	1156	1505.000	16620.717
WYF00005.asd	1157	1506.000	16623.679
WYF00005.asd	1158	1507.000	16625.246
WYF00005.asd	1159	1508.000	16623.838
WYF00005.asd	1160	1509.000	16627.146
WYF00005.asd	1161	1510.000	16633.152
WYF00005.asd	1162	1511.000	16636.490
WYF00005.asd	1163	1512.000	16641.690
WYF00005.asd	1164	1513.000	16643.288
WYF00005.asd	1165	1514.000	16640.459
WYF00005.asd	1166	1515.000	16641.613
WYF00005.asd	1167	1516.000	16643.118
WYF00005.asd	1168	1517.000	16645.721
WYF00005.asd	1169	1518.000	16650.915
WYF00005.asd	1170	1519.000	16653.881
WYF00005.asd	1171	1520.000	16656.359
WYF00005.asd	1172	1521.000	16659.162
WYF00005.asd	1173	1522.000	16660.288
WYF00005.asd	1174	1523.000	16663.975
WYF00005.asd	1175	1524.000	16669.843
WYF00005.asd	1176	1525.000	16673.666
WYF00005.asd	1177	1526.000	16679.139
WYF00005.asd	1178	1527.000	16681.283
WYF00005.asd	1179	1528.000	16681.877
WYF00005.asd	1180	1529.000	16680.155
WYF00005.asd	1181	1530.000	16676.422
WYF00005.asd	1182	1531.000	16671.367
WYF00005.asd	1183	1532.000	16663.100
WYF00005.asd	1184	1533.000	16655.214
WYF00005.asd	1185	1534.000	16644.963
WYF00005.asd	1186	1535.000	16637.185
WYF00005.asd	1187	1536.000	16632.153
WYF00005.asd	1188	1537.000	16623.601
WYF00005.asd	1189	1538.000	16613.652
WYF00005.asd	1190	1539.000	16604.848
WYF00005.asd	1191	1540.000	16592.896
WYF00005.asd	1192	1541.000	16584.035
WYF00005.asd	1193	1542.000	16579.163
WYF00005.asd	1194	1543.000	16572.632
WYF00005.asd	1195	1544.000	16566.370
WYF00005.asd	1196	1545.000	16558.947
WYF00005.asd	1197	1546.000	16550.955
WYF00005.asd	1198	1547.000	16542.370
WYF00005.asd	1199	1548.000	16533.788
WYF00005.asd	1200	1549.000	16523.519
WYF00005.asd	1201	1550.000	16510.828
WYF00005.asd	1202	1551.000	16499.478
WYF00005.asd	1203	1552.000	16487.083
WYF00005.asd	1204	1553.000	16475.739
WYF00005.asd	1205	1554.000	16467.405
WYF00005.asd	1206	1555.000	16456.891
WYF00005.asd	1207	1556.000	16446.166
WYF00005.asd	1208	1557.000	16433.033
WYF00005.asd	1209	1558.000	16415.590
WYF00005.asd	1210	1559.000	16400.880
WYF00005.asd	1211	1560.000	16388.315
WYF00005.asd	1212	1561.000	16372.901
WYF00005.asd	1213	1562.000	16356.145
WYF00005.asd	1214	1563.000	16341.741
WYF00005.asd	1215	1564.000	16324.305
WYF00005.asd	1216	1565.000	16303.514
WYF00005.asd	1217	1566.000	16289.161
WYF00005.asd	1218	1567.000	16272.913
WYF00005.asd	1219	1568.000	16249.960
WYF00005.asd	1220	1569.000	16229.884
WYF00005.asd	1221	1570.000	16207.209
WYF00005.asd	1222	1571.000	16184.532
WYF00005.asd	1223	1572.000	16167.954
WYF00005.asd	1224	1573.000	16152.306
WYF00005.asd	1225	1574.000	16136.533
WYF00005.asd	1226	1575.000	16118.033
WYF00005.asd	1227	1576.000	16099.392
WYF00005.asd	1228	1577.000	16079.926
WYF00005.asd	1229	1578.000	16056.557
WYF00005.asd	1230	1579.000	16034.396
WYF00005.asd	1231	1580.000	16015.046
WYF00005.asd	1232	1581.000	15994.646
WYF00005.asd	1233	1582.000	15976.716
WYF00005.asd	1234	1583.000	15958.994
WYF00005.asd	1235	1584.000	15936.013
WYF00005.asd	1236	1585.000	15914.748
WYF00005.asd	1237	1586.000	15894.556
WYF00005.asd	1238	1587.000	15875.213
WYF00005.asd	1239	1588.000	15856.030
WYF00005.asd	1240	1589.000	15838.481
WYF00005.asd	1241	1590.000	15817.245
WYF00005.asd	1242	1591.000	15794.499
WYF00005.asd	1243	1592.000	15772.743
WYF00005.asd	1244	1593.000	15748.437
WYF00005.asd	1245	1594.000	15728.864
WYF00005.asd	1246	1595.000	15711.409
WYF00005.asd	1247	1596.000	15694.674
WYF00005.asd	1248	1597.000	15682.122
WYF00005.asd	1249	1598.000	15663.962
WYF00005.asd	1250	1599.000	15644.803
WYF00005.asd	1251	1600.000	15623.349
WYF00005.asd	1252	1601.000	15598.013
WYF00005.asd	1253	1602.000	15574.257
WYF00005.asd	1254	1603.000	15550.672
WYF00005.asd	1255	1604.000	15525.896
WYF00005.asd	1256	1605.000	15499.693
WYF00005.asd	1257	1606.000	15473.131
WYF00005.asd	1258	1607.000	15446.137
WYF00005.asd	1259	1608.000	15418.665
WYF00005.asd	1260	1609.000	15392.327
WYF00005.asd	1261	1610.000	15362.052
WYF00005.asd	1262	1611.000	15328.725
WYF00005.asd	1263	1612.000	15297.199
WYF00005.asd	1264	1613.000	15264.249
WYF00005.asd	1265	1614.000	15229.812
WYF00005.asd	1266	1615.000	15197.106
WYF00005.asd	1267	1616.000	15160.278
WYF00005.asd	1268	1617.000	15120.310
WYF00005.asd	1269	1618.000	15078.936
WYF00005.asd	1270	1619.000	15036.420
WYF00005.asd	1271	1620.000	14990.268
WYF00005.asd	1272	1621.000	14938.498
WYF00005.asd	1273	1622.000	14891.200
WYF00005.asd	1274	1623.000	14844.156
WYF00005.asd	1275	1624.000	14796.326
WYF00005.asd	1276	1625.000	14750.547
WYF00005.asd	1277	1626.000	14703.091
WYF00005.asd	1278	1627.000	14652.606
WYF00005.asd	1279	1628.000	14605.187
WYF00005.asd	1280	1629.000	14561.490
WYF00005.asd	1281	1630.000	14510.536
WYF00005.asd	1282	1631.000	14456.492
WYF00005.asd	1283	1632.000	14404.312
WYF00005.asd	1284	1633.000	14348.501
WYF00005.asd	1285	1634.000	14295.086
WYF00005.asd	1286	1635.000	14244.902
WYF00005.asd	1287	1636.000	14191.613
WYF00005.asd	1288	1637.000	14136.858
WYF00005.asd	1289	1638.000	14080.935
WYF00005.asd	1290	1639.000	14024.363
WYF00005.asd	1291	1640.000	13966.582
WYF00005.asd	1292	1641.000	13907.925
WYF00005.asd	1293	1642.000	13846.080
WYF00005.asd	1294	1643.000	13783.124
WYF00005.asd	1295	1644.000	13718.206
WYF00005.asd	1296	1645.000	13649.563
WYF00005.asd	1297	1646.000	13581.499
WYF00005.asd	1298	1647.000	13513.697
WYF00005.asd	1299	1648.000	13441.829
WYF00005.asd	1300	1649.000	13368.326
WYF00005.asd	1301	1650.000	13291.436
WYF00005.asd	1302	1651.000	13209.904
WYF00005.asd	1303	1652.000	13131.504
WYF00005.asd	1304	1653.000	13052.168
WYF00005.asd	1305	1654.000	12970.494
WYF00005.asd	1306	1655.000	12889.884
WYF00005.asd	1307	1656.000	12806.530
WYF00005.asd	1308	1657.000	12718.706
WYF00005.asd	1309	1658.000	12636.158
WYF00005.asd	1310	1659.000	12553.926
WYF00005.asd	1311	1660.000	12473.694
WYF00005.asd	1312	1661.000	12395.966
WYF00005.asd	1313	1662.000	12315.640
WYF00005.asd	1314	1663.000	12238.798
WYF00005.asd	1315	1664.000	12165.539
WYF00005.asd	1316	1665.000	12092.914
WYF00005.asd	1317	1666.000	12023.021
WYF00005.asd	1318	1667.000	11954.454
WYF00005.asd	1319	1668.000	11887.837
WYF00005.asd	1320	1669.000	11824.722
WYF00005.asd	1321	1670.000	11759.382
WYF00005.asd	1322	1671.000	11695.710
WYF00005.asd	1323	1672.000	11636.499
WYF00005.asd	1324	1673.000	11578.254
WYF00005.asd	1325	1674.000	11526.159
WYF00005.asd	1326	1675.000	11477.416
WYF00005.asd	1327	1676.000	11430.020
WYF00005.asd	1328	1677.000	11382.251
WYF00005.asd	1329	1678.000	11333.138
WYF00005.asd	1330	1679.000	11286.076
WYF00005.asd	1331	1680.000	11235.313
WYF00005.asd	1332	1681.000	11182.805
WYF00005.asd	1333	1682.000	11130.595
WYF00005.asd	1334	1683.000	11079.021
WYF00005.asd	1335	1684.000	11025.623
WYF00005.asd	1336	1685.000	10967.327
WYF00005.asd	1337	1686.000	10912.480
WYF00005.asd	1338	1687.000	10858.713
WYF00005.asd	1339	1688.000	10802.636
WYF00005.asd	1340	1689.000	10749.581
WYF00005.asd	1341	1690.000	10693.645
WYF00005.asd	1342	1691.000	10634.076
WYF00005.asd	1343	1692.000	10575.191
WYF00005.asd	1344	1693.000	10519.190
WYF00005.asd	1345	1694.000	10466.653
WYF00005.asd	1346	1695.000	10413.938
WYF00005.asd	1347	1696.000	10362.857
WYF00005.asd	1348	1697.000	10311.494
WYF00005.asd	1349	1698.000	10255.004
WYF00005.asd	1350	1699.000	10195.839
WYF00005.asd	1351	1700.000	10138.308
WYF00005.asd	1352	1701.000	10079.999
WYF00005.asd	1353	1702.000	10023.272
WYF00005.asd	1354	1703.000	9969.949
WYF00005.asd	1355	1704.000	9916.349
WYF00005.asd	1356	1705.000	9863.646
WYF00005.asd	1357	1706.000	9811.471
WYF00005.asd	1358	1707.000	9760.729
WYF00005.asd	1359	1708.000	9709.508
WYF00005.asd	1360	1709.000	9654.327
WYF00005.asd	1361	1710.000	9598.195
WYF00005.asd	1362	1711.000	9543.628
WYF00005.asd	1363	1712.000	9488.624
WYF00005.asd	1364	1713.000	9436.935
WYF00005.asd	1365	1714.000	9387.514
WYF00005.asd	1366	1715.000	9332.734
WYF00005.asd	1367	1716.000	9278.798
WYF00005.asd	1368	1717.000	9224.540
WYF00005.asd	1369	1718.000	9168.323
WYF00005.asd	1370	1719.000	9117.768
WYF00005.asd	1371	1720.000	9067.032
WYF00005.asd	1372	1721.000	9018.591
WYF00005.asd	1373	1722.000	8973.794
WYF00005.asd	1374	1723.000	8928.777
WYF00005.asd	1375	1724.000	8883.407
WYF00005.asd	1376	1725.000	8838.998
WYF00005.asd	1377	1726.000	8794.829
WYF00005.asd	1378	1727.000	8753.434
WYF00005.asd	1379	1728.000	8714.641
WYF00005.asd	1380	1729.000	8680.428
WYF00005.asd	1381	1730.000	8648.794
WYF00005.asd	1382	1731.000	8619.474
WYF00005.asd	1383	1732.000	8594.299
WYF00005.asd	1384	1733.000	8566.080
WYF00005.asd	1385	1734.000	8538.414
WYF00005.asd	1386	1735.000	8511.784
WYF00005.asd	1387	1736.000	8485.373
WYF00005.asd	1388	1737.000	8460.920
WYF00005.asd	1389	1738.000	8439.532
WYF00005.asd	1390	1739.000	8416.943
WYF00005.asd	1391	1740.000	8387.952
WYF00005.asd	1392	1741.000	8354.383
WYF00005.asd	1393	1742.000	8321.668
WYF00005.asd	1394	1743.000	8283.483
WYF00005.asd	1395	1744.000	8243.428
WYF00005.asd	1396	1745.000	8208.571
WYF00005.asd	1397	1746.000	8173.719
WYF00005.asd	1398	1747.000	8137.269
WYF00005.asd	1399	1748.000	8102.356
WYF00005.asd	1400	1749.000	8063.892
WYF00005.asd	1401	1750.000	8025.087
WYF00005.asd	1402	1751.000	7985.059
WYF00005.asd	1403	1752.000	7944.387
WYF00005.asd	1404	1753.000	7907.510
WYF00005.asd	1405	1754.000	7864.953
WYF00005.asd	1406	1755.000	7826.436
WYF00005.asd	1407	1756.000	7788.537
WYF00005.asd	1408	1757.000	7739.756
WYF00005.asd	1409	1758.000	7698.670
WYF00005.asd	1410	1759.000	7656.870
WYF00005.asd	1411	1760.000	7614.873
WYF00005.asd	1412	1761.000	7583.117
WYF00005.asd	1413	1762.000	7546.965
WYF00005.asd	1414	1763.000	7510.279
WYF00005.asd	1415	1764.000	7474.176
WYF00005.asd	1416	1765.000	7439.709
WYF00005.asd	1417	1766.000	7406.804
WYF00005.asd	1418	1767.000	7374.811
WYF00005.asd	1419	1768.000	7346.969
WYF00005.asd	1420	1769.000	7313.024
WYF00005.asd	1421	1770.000	7278.130
WYF00005.asd	1422	1771.000	7245.986
WYF00005.asd	1423	1772.000	7208.135
WYF00005.asd	1424	1773.000	7170.301
WYF00005.asd	1425	1774.000	7135.153
WYF00005.asd	1426	1775.000	7096.240
WYF00005.asd	1427	1776.000	7057.897
WYF00005.asd	1428	1777.000	7023.847
WYF00005.asd	1429	1778.000	6985.884
WYF00005.asd	1430	1779.000	6946.963
WYF00005.asd	1431	1780.000	6903.756
WYF00005.asd	1432	1781.000	6859.083
WYF00005.asd	1433	1782.000	6815.325
WYF00005.asd	1434	1783.000	6774.041
WYF00005.asd	1435	1784.000	6733.125
WYF00005.asd	1436	1785.000	6687.304
WYF00005.asd	1437	1786.000	6635.941
WYF00005.asd	1438	1787.000	6581.577
WYF00005.asd	1439	1788.000	6523.962
WYF00005.asd	1440	1789.000	6463.874
WYF00005.asd	1441	1790.000	6402.596
WYF00005.asd	1442	1791.000	6338.335
WYF00005.asd	1443	1792.000	6267.207
WYF00005.asd	1444	1793.000	6189.527
WYF00005.asd	1445	1794.000	6107.568
WYF00005.asd	1446	1795.000	6016.053
WYF00005.asd	1447	1796.000	5915.577
WYF00005.asd	1448	1797.000	5816.178
WYF00005.asd	1449	1798.000	5710.454
WYF00005.asd	1450	1799.000	5600.752
WYF00005.asd	1451	1800.000	5490.051
WYF00005.asd	1452	1801.000	12393.683
WYF00005.asd	1453	1802.000	12517.770
WYF00005.asd	1454	1803.000	12655.227
WYF00005.asd	1455	1804.000	12787.962
WYF00005.asd	1456	1805.000	12922.848
WYF00005.asd	1457	1806.000	13042.047
WYF00005.asd	1458	1807.000	13159.833
WYF00005.asd	1459	1808.000	13287.829
WYF00005.asd	1460	1809.000	13391.629
WYF00005.asd	1461	1810.000	13474.532
WYF00005.asd	1462	1811.000	13559.761
WYF00005.asd	1463	1812.000	13638.786
WYF00005.asd	1464	1813.000	13709.819
WYF00005.asd	1465	1814.000	13788.752
WYF00005.asd	1466	1815.000	13840.587
WYF00005.asd	1467	1816.000	13870.292
WYF00005.asd	1468	1817.000	13884.639
WYF00005.asd	1469	1818.000	13914.054
WYF00005.asd	1470	1819.000	13924.071
WYF00005.asd	1471	1820.000	13955.172
WYF00005.asd	1472	1821.000	14010.116
WYF00005.asd	1473	1822.000	14052.817
WYF00005.asd	1474	1823.000	14095.418
WYF00005.asd	1475	1824.000	14134.479
WYF00005.asd	1476	1825.000	14169.087
WYF00005.asd	1477	1826.000	14206.595
WYF00005.asd	1478	1827.000	14245.500
WYF00005.asd	1479	1828.000	14290.914
WYF00005.asd	1480	1829.000	14317.993
WYF00005.asd	1481	1830.000	14345.932
WYF00005.asd	1482	1831.000	14360.037
WYF00005.asd	1483	1832.000	14357.471
WYF00005.asd	1484	1833.000	14350.927
WYF00005.asd	1485	1834.000	14323.547
WYF00005.asd	1486	1835.000	14312.412
WYF00005.asd	1487	1836.000	14303.911
WYF00005.asd	1488	1837.000	14279.297
WYF00005.asd	1489	1838.000	14294.225
WYF00005.asd	1490	1839.000	14321.141
WYF00005.asd	1491	1840.000	14377.373
WYF00005.asd	1492	1841.000	14464.217
WYF00005.asd	1493	1842.000	14556.360
WYF00005.asd	1494	1843.000	14701.792
WYF00005.asd	1495	1844.000	14805.559
WYF00005.asd	1496	1845.000	14906.826
WYF00005.asd	1497	1846.000	14989.966
WYF00005.asd	1498	1847.000	15068.408
WYF00005.asd	1499	1848.000	15112.691
WYF00005.asd	1500	1849.000	15188.571
WYF00005.asd	1501	1850.000	15281.168
WYF00005.asd	1502	1851.000	15357.576
WYF00005.asd	1503	1852.000	15440.412
WYF00005.asd	1504	1853.000	15511.252
WYF00005.asd	1505	1854.000	15567.482
WYF00005.asd	1506	1855.000	15623.805
WYF00005.asd	1507	1856.000	15676.769
WYF00005.asd	1508	1857.000	15723.233
WYF00005.asd	1509	1858.000	15777.497
WYF00005.asd	1510	1859.000	15829.423
WYF00005.asd	1511	1860.000	15885.553
WYF00005.asd	1512	1861.000	15981.464
WYF00005.asd	1513	1862.000	16010.106
WYF00005.asd	1514	1863.000	16051.711
WYF00005.asd	1515	1864.000	16012.629
WYF00005.asd	1516	1865.000	15911.177
WYF00005.asd	1517	1866.000	15771.859
WYF00005.asd	1518	1867.000	15586.245
WYF00005.asd	1519	1868.000	15305.944
WYF00005.asd	1520	1869.000	15100.420
WYF00005.asd	1521	1870.000	14830.579
WYF00005.asd	1522	1871.000	14680.015
WYF00005.asd	1523	1872.000	14570.788
WYF00005.asd	1524	1873.000	14529.696
WYF00005.asd	1525	1874.000	14562.846
WYF00005.asd	1526	1875.000	14632.889
WYF00005.asd	1527	1876.000	14797.271
WYF00005.asd	1528	1877.000	14962.691
WYF00005.asd	1529	1878.000	15096.241
WYF00005.asd	1530	1879.000	15282.930
WYF00005.asd	1531	1880.000	15370.426
WYF00005.asd	1532	1881.000	15418.221
WYF00005.asd	1533	1882.000	15415.637
WYF00005.asd	1534	1883.000	15364.036
WYF00005.asd	1535	1884.000	15275.901
WYF00005.asd	1536	1885.000	15117.004
WYF00005.asd	1537	1886.000	14959.034
WYF00005.asd	1538	1887.000	14773.416
WYF00005.asd	1539	1888.000	14563.996
WYF00005.asd	1540	1889.000	14347.836
WYF00005.asd	1541	1890.000	14108.697
WYF00005.asd	1542	1891.000	13879.086
WYF00005.asd	1543	1892.000	13648.704
WYF00005.asd	1544	1893.000	13396.525
WYF00005.asd	1545	1894.000	13140.672
WYF00005.asd	1546	1895.000	12873.092
WYF00005.asd	1547	1896.000	12582.832
WYF00005.asd	1548	1897.000	12286.450
WYF00005.asd	1549	1898.000	11970.909
WYF00005.asd	1550	1899.000	11663.454
WYF00005.asd	1551	1900.000	11374.262
WYF00005.asd	1552	1901.000	11065.871
WYF00005.asd	1553	1902.000	10807.978
WYF00005.asd	1554	1903.000	10574.280
WYF00005.asd	1555	1904.000	10376.438
WYF00005.asd	1556	1905.000	10216.047
WYF00005.asd	1557	1906.000	10065.004
WYF00005.asd	1558	1907.000	9951.832
WYF00005.asd	1559	1908.000	9843.887
WYF00005.asd	1560	1909.000	9741.284
WYF00005.asd	1561	1910.000	9648.033
WYF00005.asd	1562	1911.000	9561.237
WYF00005.asd	1563	1912.000	9495.720
WYF00005.asd	1564	1913.000	9418.128
WYF00005.asd	1565	1914.000	9335.216
WYF00005.asd	1566	1915.000	9262.068
WYF00005.asd	1567	1916.000	9190.547
WYF00005.asd	1568	1917.000	9120.585
WYF00005.asd	1569	1918.000	9048.652
WYF00005.asd	1570	1919.000	8993.161
WYF00005.asd	1571	1920.000	8945.604
WYF00005.asd	1572	1921.000	8912.984
WYF00005.asd	1573	1922.000	8889.032
WYF00005.asd	1574	1923.000	8882.057
WYF00005.asd	1575	1924.000	8882.253
WYF00005.asd	1576	1925.000	8889.228
WYF00005.asd	1577	1926.000	8903.890
WYF00005.asd	1578	1927.000	8943.419
WYF00005.asd	1579	1928.000	8967.867
WYF00005.asd	1580	1929.000	8988.678
WYF00005.asd	1581	1930.000	9012.415
WYF00005.asd	1582	1931.000	9037.003
WYF00005.asd	1583	1932.000	9066.423
WYF00005.asd	1584	1933.000	9095.142
WYF00005.asd	1585	1934.000	9125.738
WYF00005.asd	1586	1935.000	9152.714
WYF00005.asd	1587	1936.000	9165.800
WYF00005.asd	1588	1937.000	9196.626
WYF00005.asd	1589	1938.000	9238.654
WYF00005.asd	1590	1939.000	9276.077
WYF00005.asd	1591	1940.000	9312.628
WYF00005.asd	1592	1941.000	9361.720
WYF00005.asd	1593	1942.000	9415.702
WYF00005.asd	1594	1943.000	9470.829
WYF00005.asd	1595	1944.000	9543.244
WYF00005.asd	1596	1945.000	9615.061
WYF00005.asd	1597	1946.000	9676.481
WYF00005.asd	1598	1947.000	9731.776
WYF00005.asd	1599	1948.000	9787.081
WYF00005.asd	1600	1949.000	9834.263
WYF00005.asd	1601	1950.000	9886.155
WYF00005.asd	1602	1951.000	9939.671
WYF00005.asd	1603	1952.000	9993.432
WYF00005.asd	1604	1953.000	10047.570
WYF00005.asd	1605	1954.000	10103.034
WYF00005.asd	1606	1955.000	10152.133
WYF00005.asd	1607	1956.000	10205.431
WYF00005.asd	1608	1957.000	10266.182
WYF00005.asd	1609	1958.000	10322.912
WYF00005.asd	1610	1959.000	10385.062
WYF00005.asd	1611	1960.000	10454.664
WYF00005.asd	1612	1961.000	10519.761
WYF00005.asd	1613	1962.000	10588.868
WYF00005.asd	1614	1963.000	10654.421
WYF00005.asd	1615	1964.000	10720.757
WYF00005.asd	1616	1965.000	10783.079
WYF00005.asd	1617	1966.000	10839.293
WYF00005.asd	1618	1967.000	10882.631
WYF00005.asd	1619	1968.000	10926.982
WYF00005.asd	1620	1969.000	10982.098
WYF00005.asd	1621	1970.000	11033.418
WYF00005.asd	1622	1971.000	11086.951
WYF00005.asd	1623	1972.000	11138.172
WYF00005.asd	1624	1973.000	11185.436
WYF00005.asd	1625	1974.000	11235.297
WYF00005.asd	1626	1975.000	11289.449
WYF00005.asd	1627	1976.000	11337.329
WYF00005.asd	1628	1977.000	11381.307
WYF00005.asd	1629	1978.000	11430.939
WYF00005.asd	1630	1979.000	11473.196
WYF00005.asd	1631	1980.000	11519.018
WYF00005.asd	1632	1981.000	11564.011
WYF00005.asd	1633	1982.000	11601.233
WYF00005.asd	1634	1983.000	11640.270
WYF00005.asd	1635	1984.000	11675.221
WYF00005.asd	1636	1985.000	11711.193
WYF00005.asd	1637	1986.000	11745.389
WYF00005.asd	1638	1987.000	11783.135
WYF00005.asd	1639	1988.000	11821.045
WYF00005.asd	1640	1989.000	11862.039
WYF00005.asd	1641	1990.000	11901.063
WYF00005.asd	1642	1991.000	11949.384
WYF00005.asd	1643	1992.000	11985.810
WYF00005.asd	1644	1993.000	12019.959
WYF00005.asd	1645	1994.000	12067.248
WYF00005.asd	1646	1995.000	12111.244
WYF00005.asd	1647	1996.000	12149.347
WYF00005.asd	1648	1997.000	12189.671
WYF00005.asd	1649	1998.000	12224.243
WYF00005.asd	1650	1999.000	12253.333
WYF00005.asd	1651	2000.000	12277.713
WYF00005.asd	1652	2001.000	12300.289
WYF00005.asd	1653	2002.000	12316.048
WYF00005.asd	1654	2003.000	12335.167
WYF00005.asd	1655	2004.000	12341.994
WYF00005.asd	1656	2005.000	12349.252
WYF00005.asd	1657	2006.000	12376.508
WYF00005.asd	1658	2007.000	12396.014
WYF00005.asd	1659	2008.000	12401.297
WYF00005.asd	1660	2009.000	12410.579
WYF00005.asd	1661	2010.000	12422.818
WYF00005.asd	1662	2011.000	12430.745
WYF00005.asd	1663	2012.000	12432.161
WYF00005.asd	1664	2013.000	12440.300
WYF00005.asd	1665	2014.000	12455.029
WYF00005.asd	1666	2015.000	12455.255
WYF00005.asd	1667	2016.000	12460.364
WYF00005.asd	1668	2017.000	12460.696
WYF00005.asd	1669	2018.000	12463.282
WYF00005.asd	1670	2019.000	12455.272
WYF00005.asd	1671	2020.000	12445.351
WYF00005.asd	1672	2021.000	12443.010
WYF00005.asd	1673	2022.000	12421.071
WYF00005.asd	1674	2023.000	12404.909
WYF00005.asd	1675	2024.000	12389.307
WYF00005.asd	1676	2025.000	12369.654
WYF00005.asd	1677	2026.000	12353.363
WYF00005.asd	1678	2027.000	12341.885
WYF00005.asd	1679	2028.000	12328.380
WYF00005.asd	1680	2029.000	12315.065
WYF00005.asd	1681	2030.000	12295.257
WYF00005.asd	1682	2031.000	12282.978
WYF00005.asd	1683	2032.000	12251.570
WYF00005.asd	1684	2033.000	12206.630
WYF00005.asd	1685	2034.000	12169.651
WYF00005.asd	1686	2035.000	12126.875
WYF00005.asd	1687	2036.000	12093.171
WYF00005.asd	1688	2037.000	12052.724
WYF00005.asd	1689	2038.000	12007.563
WYF00005.asd	1690	2039.000	11972.491
WYF00005.asd	1691	2040.000	11936.655
WYF00005.asd	1692	2041.000	11905.083
WYF00005.asd	1693	2042.000	11887.660
WYF00005.asd	1694	2043.000	11866.442
WYF00005.asd	1695	2044.000	11830.794
WYF00005.asd	1696	2045.000	11793.883
WYF00005.asd	1697	2046.000	11753.936
WYF00005.asd	1698	2047.000	11714.135
WYF00005.asd	1699	2048.000	11671.172
WYF00005.asd	1700	2049.000	11622.060
WYF00005.asd	1701	2050.000	11573.838
WYF00005.asd	1702	2051.000	11530.494
WYF00005.asd	1703	2052.000	11493.577
WYF00005.asd	1704	2053.000	11469.212
WYF00005.asd	1705	2054.000	11438.054
WYF00005.asd	1706	2055.000	11407.070
WYF00005.asd	1707	2056.000	11377.216
WYF00005.asd	1708	2057.000	11349.840
WYF00005.asd	1709	2058.000	11314.183
WYF00005.asd	1710	2059.000	11279.007
WYF00005.asd	1711	2060.000	11246.847
WYF00005.asd	1712	2061.000	11218.265
WYF00005.asd	1713	2062.000	11192.675
WYF00005.asd	1714	2063.000	11168.120
WYF00005.asd	1715	2064.000	11154.850
WYF00005.asd	1716	2065.000	11136.895
WYF00005.asd	1717	2066.000	11113.779
WYF00005.asd	1718	2067.000	11100.043
WYF00005.asd	1719	2068.000	11097.878
WYF00005.asd	1720	2069.000	11083.795
WYF00005.asd	1721	2070.000	11069.778
WYF00005.asd	1722	2071.000	11055.665
WYF00005.asd	1723	2072.000	11024.631
WYF00005.asd	1724	2073.000	10987.668
WYF00005.asd	1725	2074.000	10951.188
WYF00005.asd	1726	2075.000	10926.381
WYF00005.asd	1727	2076.000	10915.151
WYF00005.asd	1728	2077.000	10902.300
WYF00005.asd	1729	2078.000	10897.572
WYF00005.asd	1730	2079.000	10894.570
WYF00005.asd	1731	2080.000	10874.512
WYF00005.asd	1732	2081.000	10851.589
WYF00005.asd	1733	2082.000	10832.076
WYF00005.asd	1734	2083.000	10805.804
WYF00005.asd	1735	2084.000	10785.603
WYF00005.asd	1736	2085.000	10770.483
WYF00005.asd	1737	2086.000	10756.523
WYF00005.asd	1738	2087.000	10736.005
WYF00005.asd	1739	2088.000	10721.069
WYF00005.asd	1740	2089.000	10699.755
WYF00005.asd	1741	2090.000	10678.385
WYF00005.asd	1742	2091.000	10669.826
WYF00005.asd	1743	2092.000	10650.715
WYF00005.asd	1744	2093.000	10627.078
WYF00005.asd	1745	2094.000	10604.685
WYF00005.asd	1746	2095.000	10584.624
WYF00005.asd	1747	2096.000	10561.545
WYF00005.asd	1748	2097.000	10538.027
WYF00005.asd	1749	2098.000	10523.240
WYF00005.asd	1750	2099.000	10506.008
WYF00005.asd	1751	2100.000	10485.974
WYF00005.asd	1752	2101.000	10468.742
WYF00005.asd	1753	2102.000	10454.388
WYF00005.asd	1754	2103.000	10437.561
WYF00005.asd	1755	2104.000	10421.199
WYF00005.asd	1756	2105.000	10406.770
WYF00005.asd	1757	2106.000	10395.294
WYF00005.asd	1758	2107.000	10381.102
WYF00005.asd	1759	2108.000	10370.894
WYF00005.asd	1760	2109.000	10360.277
WYF00005.asd	1761	2110.000	10338.907
WYF00005.asd	1762	2111.000	10324.567
WYF00005.asd	1763	2112.000	10303.485
WYF00005.asd	1764	2113.000	10266.733
WYF00005.asd	1765	2114.000	10235.710
WYF00005.asd	1766	2115.000	10198.261
WYF00005.asd	1767	2116.000	10169.914
WYF00005.asd	1768	2117.000	10146.353
WYF00005.asd	1769	2118.000	10128.372
WYF00005.asd	1770	2119.000	10116.624
WYF00005.asd	1771	2120.000	10106.660
WYF00005.asd	1772	2121.000	10098.408
WYF00005.asd	1773	2122.000	10078.735
WYF00005.asd	1774	2123.000	10060.572
WYF00005.asd	1775	2124.000	10037.145
WYF00005.asd	1776	2125.000	10002.836
WYF00005.asd	1777	2126.000	9974.540
WYF00005.asd	1778	2127.000	9939.608
WYF00005.asd	1779	2128.000	9896.575
WYF00005.asd	1780	2129.000	9869.741
WYF00005.asd	1781	2130.000	9859.725
WYF00005.asd	1782	2131.000	9847.861
WYF00005.asd	1783	2132.000	9836.012
WYF00005.asd	1784	2133.000	9816.340
WYF00005.asd	1785	2134.000	9779.644
WYF00005.asd	1786	2135.000	9752.547
WYF00005.asd	1787	2136.000	9723.644
WYF00005.asd	1788	2137.000	9704.884
WYF00005.asd	1789	2138.000	9686.013
WYF00005.asd	1790	2139.000	9675.677
WYF00005.asd	1791	2140.000	9664.981
WYF00005.asd	1792	2141.000	9641.479
WYF00005.asd	1793	2142.000	9621.021
WYF00005.asd	1794	2143.000	9600.029
WYF00005.asd	1795	2144.000	9572.236
WYF00005.asd	1796	2145.000	9558.974
WYF00005.asd	1797	2146.000	9540.729
WYF00005.asd	1798	2147.000	9524.661
WYF00005.asd	1799	2148.000	9521.413
WYF00005.asd	1800	2149.000	9507.777
WYF00005.asd	1801	2150.000	9493.460
WYF00005.asd	1802	2151.000	9489.528
WYF00005.asd	1803	2152.000	9468.253
WYF00005.asd	1804	2153.000	9418.103
WYF00005.asd	1805	2154.000	9398.781
WYF00005.asd	1806	2155.000	9389.636
WYF00005.asd	1807	2156.000	9382.065
WYF00005.asd	1808	2157.000	9372.632
WYF00005.asd	1809	2158.000	9376.547
WYF00005.asd	1810	2159.000	9356.203
WYF00005.asd	1811	2160.000	9328.008
WYF00005.asd	1812	2161.000	9327.884
WYF00005.asd	1813	2162.000	9309.990
WYF00005.asd	1814	2163.000	9290.658
WYF00005.asd	1815	2164.000	9277.829
WYF00005.asd	1816	2165.000	9247.090
WYF00005.asd	1817	2166.000	9227.140
WYF00005.asd	1818	2167.000	9213.644
WYF00005.asd	1819	2168.000	9200.737
WYF00005.asd	1820	2169.000	9188.932
WYF00005.asd	1821	2170.000	9181.351
WYF00005.asd	1822	2171.000	9171.247
WYF00005.asd	1823	2172.000	9157.390
WYF00005.asd	1824	2173.000	9145.762
WYF00005.asd	1825	2174.000	9137.319
WYF00005.asd	1826	2175.000	9124.699
WYF00005.asd	1827	2176.000	9111.841
WYF00005.asd	1828	2177.000	9099.789
WYF00005.asd	1829	2178.000	9077.301
WYF00005.asd	1830	2179.000	9048.221
WYF00005.asd	1831	2180.000	9023.871
WYF00005.asd	1832	2181.000	8999.162
WYF00005.asd	1833	2182.000	8977.320
WYF00005.asd	1834	2183.000	8960.094
WYF00005.asd	1835	2184.000	8942.912
WYF00005.asd	1836	2185.000	8930.505
WYF00005.asd	1837	2186.000	8902.695
WYF00005.asd	1838	2187.000	8865.572
WYF00005.asd	1839	2188.000	8837.226
WYF00005.asd	1840	2189.000	8803.429
WYF00005.asd	1841	2190.000	8773.286
WYF00005.asd	1842	2191.000	8753.335
WYF00005.asd	1843	2192.000	8723.663
WYF00005.asd	1844	2193.000	8680.550
WYF00005.asd	1845	2194.000	8645.743
WYF00005.asd	1846	2195.000	8610.912
WYF00005.asd	1847	2196.000	8579.639
WYF00005.asd	1848	2197.000	8556.484
WYF00005.asd	1849	2198.000	8520.994
WYF00005.asd	1850	2199.000	8479.413
WYF00005.asd	1851	2200.000	8440.505
WYF00005.asd	1852	2201.000	8397.848
WYF00005.asd	1853	2202.000	8360.435
WYF00005.asd	1854	2203.000	8326.382
WYF00005.asd	1855	2204.000	8297.765
WYF00005.asd	1856	2205.000	8272.298
WYF00005.asd	1857	2206.000	8248.790
WYF00005.asd	1858	2207.000	8224.644
WYF00005.asd	1859	2208.000	8200.124
WYF00005.asd	1860	2209.000	8179.774
WYF00005.asd	1861	2210.000	8151.715
WYF00005.asd	1862	2211.000	8122.742
WYF00005.asd	1863	2212.000	8107.469
WYF00005.asd	1864	2213.000	8096.208
WYF00005.asd	1865	2214.000	8093.734
WYF00005.asd	1866	2215.000	8082.161
WYF00005.asd	1867	2216.000	8077.383
WYF00005.asd	1868	2217.000	8061.927
WYF00005.asd	1869	2218.000	8027.129
WYF00005.asd	1870	2219.000	7999.366
WYF00005.asd	1871	2220.000	7975.789
WYF00005.asd	1872	2221.000	7954.177
WYF00005.asd	1873	2222.000	7932.612
WYF00005.asd	1874	2223.000	7917.171
WYF00005.asd	1875	2224.000	7886.354
WYF00005.asd	1876	2225.000	7847.715
WYF00005.asd	1877	2226.000	7799.552
WYF00005.asd	1878	2227.000	7747.328
WYF00005.asd	1879	2228.000	7713.683
WYF00005.asd	1880	2229.000	7687.621
WYF00005.asd	1881	2230.000	7657.740
WYF00005.asd	1882	2231.000	7626.677
WYF00005.asd	1883	2232.000	7587.817
WYF00005.asd	1884	2233.000	7538.432
WYF00005.asd	1885	2234.000	7486.581
WYF00005.asd	1886	2235.000	7428.352
WYF00005.asd	1887	2236.000	7368.849
WYF00005.asd	1888	2237.000	7303.592
WYF00005.asd	1889	2238.000	7228.698
WYF00005.asd	1890	2239.000	7165.279
WYF00005.asd	1891	2240.000	7098.863
WYF00005.asd	1892	2241.000	7025.503
WYF00005.asd	1893	2242.000	6972.543
WYF00005.asd	1894	2243.000	6943.893
WYF00005.asd	1895	2244.000	6895.521
WYF00005.asd	1896	2245.000	6855.880
WYF00005.asd	1897	2246.000	6802.729
WYF00005.asd	1898	2247.000	6723.158
WYF00005.asd	1899	2248.000	6657.076
WYF00005.asd	1900	2249.000	6593.558
WYF00005.asd	1901	2250.000	6533.772
WYF00005.asd	1902	2251.000	6478.565
WYF00005.asd	1903	2252.000	6426.990
WYF00005.asd	1904	2253.000	6377.995
WYF00005.asd	1905	2254.000	6326.575
WYF00005.asd	1906	2255.000	6271.251
WYF00005.asd	1907	2256.000	6224.575
WYF00005.asd	1908	2257.000	6172.176
WYF00005.asd	1909	2258.000	6119.685
WYF00005.asd	1910	2259.000	6076.230
WYF00005.asd	1911	2260.000	6027.811
WYF00005.asd	1912	2261.000	5977.809
WYF00005.asd	1913	2262.000	5927.897
WYF00005.asd	1914	2263.000	5878.486
WYF00005.asd	1915	2264.000	5832.041
WYF00005.asd	1916	2265.000	5789.634
WYF00005.asd	1917	2266.000	5752.336
WYF00005.asd	1918	2267.000	5715.967
WYF00005.asd	1919	2268.000	5675.112
WYF00005.asd	1920	2269.000	5624.289
WYF00005.asd	1921	2270.000	5568.354
WYF00005.asd	1922	2271.000	5522.800
WYF00005.asd	1923	2272.000	5480.610
WYF00005.asd	1924	2273.000	5440.917
WYF00005.asd	1925	2274.000	5408.801
WYF00005.asd	1926	2275.000	5375.048
WYF00005.asd	1927	2276.000	5333.608
WYF00005.asd	1928	2277.000	5299.640
WYF00005.asd	1929	2278.000	5281.098
WYF00005.asd	1930	2279.000	5250.169
WYF00005.asd	1931	2280.000	5215.833
WYF00005.asd	1932	2281.000	5186.483
WYF00005.asd	1933	2282.000	5149.021
WYF00005.asd	1934	2283.000	5112.889
WYF00005.asd	1935	2284.000	5080.906
WYF00005.asd	1936	2285.000	5051.319
WYF00005.asd	1937	2286.000	5019.157
WYF00005.asd	1938	2287.000	4994.008
WYF00005.asd	1939	2288.000	4963.719
WYF00005.asd	1940	2289.000	4929.587
WYF00005.asd	1941	2290.000	4888.035
WYF00005.asd	1942	2291.000	4837.379
WYF00005.asd	1943	2292.000	4795.411
WYF00005.asd	1944	2293.000	4756.239
WYF00005.asd	1945	2294.000	4718.165
WYF00005.asd	1946	2295.000	4689.250
WYF00005.asd	1947	2296.000	4658.103
WYF00005.asd	1948	2297.000	4618.307
WYF00005.asd	1949	2298.000	4572.582
WYF00005.asd	1950	2299.000	4522.243
WYF00005.asd	1951	2300.000	4472.256
WYF00005.asd	1952	2301.000	4428.250
WYF00005.asd	1953	2302.000	4387.046
WYF00005.asd	1954	2303.000	4347.962
WYF00005.asd	1955	2304.000	4309.512
WYF00005.asd	1956	2305.000	4273.628
WYF00005.asd	1957	2306.000	4245.801
WYF00005.asd	1958	2307.000	4218.738
WYF00005.asd	1959	2308.000	4192.266
WYF00005.asd	1960	2309.000	4176.024
WYF00005.asd	1961	2310.000	4143.485
WYF00005.asd	1962	2311.000	4098.767
WYF00005.asd	1963	2312.000	4066.913
WYF00005.asd	1964	2313.000	4027.209
WYF00005.asd	1965	2314.000	4006.409
WYF00005.asd	1966	2315.000	4006.384
WYF00005.asd	1967	2316.000	3993.203
WYF00005.asd	1968	2317.000	3986.400
WYF00005.asd	1969	2318.000	3968.361
WYF00005.asd	1970	2319.000	3932.749
WYF00005.asd	1971	2320.000	3910.681
WYF00005.asd	1972	2321.000	3897.587
WYF00005.asd	1973	2322.000	3874.517
WYF00005.asd	1974	2323.000	3860.850
WYF00005.asd	1975	2324.000	3831.055
WYF00005.asd	1976	2325.000	3773.041
WYF00005.asd	1977	2326.000	3735.404
WYF00005.asd	1978	2327.000	3701.654
WYF00005.asd	1979	2328.000	3670.961
WYF00005.asd	1980	2329.000	3655.771
WYF00005.asd	1981	2330.000	3631.815
WYF00005.asd	1982	2331.000	3604.776
WYF00005.asd	1983	2332.000	3571.595
WYF00005.asd	1984	2333.000	3529.516
WYF00005.asd	1985	2334.000	3492.458
WYF00005.asd	1986	2335.000	3451.483
WYF00005.asd	1987	2336.000	3417.583
WYF00005.asd	1988	2337.000	3389.280
WYF00005.asd	1989	2338.000	3364.783
WYF00005.asd	1990	2339.000	3332.646
WYF00005.asd	1991	2340.000	3298.364
WYF00005.asd	1992	2341.000	3261.588
WYF00005.asd	1993	2342.000	3235.028
WYF00005.asd	1994	2343.000	3214.667
WYF00005.asd	1995	2344.000	3185.258
WYF00005.asd	1996	2345.000	3157.259
WYF00005.asd	1997	2346.000	3120.279
WYF00005.asd	1998	2347.000	3078.174
WYF00005.asd	1999	2348.000	3040.894
WYF00005.asd	2000	2349.000	3013.072
WYF00005.asd	2001	2350.000	2981.613
WYF00005.asd	2002	2351.000	2953.555
WYF00005.asd	2003	2352.000	2940.475
WYF00005.asd	2004	2353.000	2914.838
WYF00005.asd	2005	2354.000	2903.541
WYF00005.asd	2006	2355.000	2896.810
WYF00005.asd	2007	2356.000	2872.814
WYF00005.asd	2008	2357.000	2847.077
WYF00005.asd	2009	2358.000	2812.508
WYF00005.asd	2010	2359.000	2787.956
WYF00005.asd	2011	2360.000	2773.744
WYF00005.asd	2012	2361.000	2751.188
WYF00005.asd	2013	2362.000	2726.867
WYF00005.asd	2014	2363.000	2707.971
WYF00005.asd	2015	2364.000	2680.867
WYF00005.asd	2016	2365.000	2655.279
WYF00005.asd	2017	2366.000	2639.340
WYF00005.asd	2018	2367.000	2612.560
WYF00005.asd	2019	2368.000	2586.077
WYF00005.asd	2020	2369.000	2562.230
WYF00005.asd	2021	2370.000	2532.396
WYF00005.asd	2022	2371.000	2511.566
WYF00005.asd	2023	2372.000	2494.104
WYF00005.asd	2024	2373.000	2469.678
WYF00005.asd	2025	2374.000	2453.100
WYF00005.asd	2026	2375.000	2424.719
WYF00005.asd	2027	2376.000	2376.114
WYF00005.asd	2028	2377.000	2352.331
WYF00005.asd	2029	2378.000	2338.757
WYF00005.asd	2030	2379.000	2317.218
WYF00005.asd	2031	2380.000	2306.569
WYF00005.asd	2032	2381.000	2282.722
WYF00005.asd	2033	2382.000	2242.280
WYF00005.asd	2034	2383.000	2218.982
WYF00005.asd	2035	2384.000	2203.363
WYF00005.asd	2036	2385.000	2183.297
WYF00005.asd	2037	2386.000	2171.692
WYF00005.asd	2038	2387.000	2147.139
WYF00005.asd	2039	2388.000	2106.175
WYF00005.asd	2040	2389.000	2085.647
WYF00005.asd	2041	2390.000	2070.474
WYF00005.asd	2042	2391.000	2054.645
WYF00005.asd	2043	2392.000	2053.855
WYF00005.asd	2044	2393.000	2035.977
WYF00005.asd	2045	2394.000	2006.725
WYF00005.asd	2046	2395.000	1982.123
WYF00005.asd	2047	2396.000	1954.060
WYF00005.asd	2048	2397.000	1928.574
WYF00005.asd	2049	2398.000	1903.078
WYF00005.asd	2050	2399.000	1880.233
WYF00005.asd	2051	2400.000	1859.883
WYF00005.asd	2052	2401.000	1840.796
WYF00005.asd	2053	2402.000	1822.145
WYF00005.asd	2054	2403.000	1805.802
WYF00005.asd	2055	2404.000	1792.435
WYF00005.asd	2056	2405.000	1772.022
WYF00005.asd	2057	2406.000	1757.547
WYF00005.asd	2058	2407.000	1728.087
WYF00005.asd	2059	2408.000	1683.646
WYF00005.asd	2060	2409.000	1651.387
WYF00005.asd	2061	2410.000	1609.505
WYF00005.asd	2062	2411.000	1587.268
WYF00005.asd	2063	2412.000	1584.899
WYF00005.asd	2064	2413.000	1565.721
WYF00005.asd	2065	2414.000	1547.199
WYF00005.asd	2066	2415.000	1529.130
WYF00005.asd	2067	2416.000	1503.518
WYF00005.asd	2068	2417.000	1480.650
WYF00005.asd	2069	2418.000	1461.996
WYF00005.asd	2070	2419.000	1444.829
WYF00005.asd	2071	2420.000	1421.700
WYF00005.asd	2072	2421.000	1410.634
WYF00005.asd	2073	2422.000	1415.734
WYF00005.asd	2074	2423.000	1401.098
WYF00005.asd	2075	2424.000	1383.386
WYF00005.asd	2076	2425.000	1361.129
WYF00005.asd	2077	2426.000	1325.282
WYF00005.asd	2078	2427.000	1300.044
WYF00005.asd	2079	2428.000	1275.726
WYF00005.asd	2080	2429.000	1255.786
WYF00005.asd	2081	2430.000	1242.787
WYF00005.asd	2082	2431.000	1219.978
WYF00005.asd	2083	2432.000	1194.029
WYF00005.asd	2084	2433.000	1176.956
WYF00005.asd	2085	2434.000	1155.633
WYF00005.asd	2086	2435.000	1141.462
WYF00005.asd	2087	2436.000	1141.169
WYF00005.asd	2088	2437.000	1129.476
WYF00005.asd	2089	2438.000	1111.977
WYF00005.asd	2090	2439.000	1098.566
WYF00005.asd	2091	2440.000	1086.354
WYF00005.asd	2092	2441.000	1069.809
WYF00005.asd	2093	2442.000	1050.962
WYF00005.asd	2094	2443.000	1036.943
WYF00005.asd	2095	2444.000	1022.915
WYF00005.asd	2096	2445.000	1007.910
WYF00005.asd	2097	2446.000	998.159
WYF00005.asd	2098	2447.000	978.541
WYF00005.asd	2099	2448.000	948.463
WYF00005.asd	2100	2449.000	938.432
WYF00005.asd	2101	2450.000	923.346
WYF00005.asd	2102	2451.000	923.129
WYF00005.asd	2103	2452.000	917.434
WYF00005.asd	2104	2453.000	895.420
WYF00005.asd	2105	2454.000	879.436
WYF00005.asd	2106	2455.000	859.402
WYF00005.asd	2107	2456.000	843.895
WYF00005.asd	2108	2457.000	829.936
WYF00005.asd	2109	2458.000	825.632
WYF00005.asd	2110	2459.000	817.557
WYF00005.asd	2111	2460.000	806.993
WYF00005.asd	2112	2461.000	799.884
WYF00005.asd	2113	2462.000	784.294
WYF00005.asd	2114	2463.000	755.993
WYF00005.asd	2115	2464.000	737.432
WYF00005.asd	2116	2465.000	716.513
WYF00005.asd	2117	2466.000	701.597
WYF00005.asd	2118	2467.000	698.311
WYF00005.asd	2119	2468.000	691.941
WYF00005.asd	2120	2469.000	691.264
WYF00005.asd	2121	2470.000	681.243
WYF00005.asd	2122	2471.000	660.076
WYF00005.asd	2123	2472.000	649.810
WYF00005.asd	2124	2473.000	635.969
WYF00005.asd	2125	2474.000	629.272
WYF00005.asd	2126	2475.000	642.227
WYF00005.asd	2127	2476.000	639.826
WYF00005.asd	2128	2477.000	632.219
WYF00005.asd	2129	2478.000	621.603
WYF00005.asd	2130	2479.000	601.493
WYF00005.asd	2131	2480.000	584.436
WYF00005.asd	2132	2481.000	563.805
WYF00005.asd	2133	2482.000	549.265
WYF00005.asd	2134	2483.000	536.605
WYF00005.asd	2135	2484.000	526.550
WYF00005.asd	2136	2485.000	524.320
WYF00005.asd	2137	2486.000	515.648
WYF00005.asd	2138	2487.000	504.222
WYF00005.asd	2139	2488.000	494.802
WYF00005.asd	2140	2489.000	479.708
WYF00005.asd	2141	2490.000	475.811
WYF00005.asd	2142	2491.000	482.062
WYF00005.asd	2143	2492.000	479.487
WYF00005.asd	2144	2493.000	479.870
WYF00005.asd	2145	2494.000	475.456
WYF00005.asd	2146	2495.000	466.532
WYF00005.asd	2147	2496.000	452.373
WYF00005.asd	2148	2497.000	432.199
WYF00005.asd	2149	2498.000	421.702
WYF00005.asd	2150	2499.000	409.242
WYF00005.asd	2151	2500.000	397.206
