WYF00006.asd	1	350.000	8.354
WYF00006.asd	2	351.000	10.336
WYF00006.asd	3	352.000	12.393
WYF00006.asd	4	353.000	9.641
WYF00006.asd	5	354.000	11.737
WYF00006.asd	6	355.000	12.727
WYF00006.asd	7	356.000	11.040
WYF00006.asd	8	357.000	11.086
WYF00006.asd	9	358.000	11.850
WYF00006.asd	10	359.000	13.691
WYF00006.asd	11	360.000	15.899
WYF00006.asd	12	361.000	15.715
WYF00006.asd	13	362.000	17.623
WYF00006.asd	14	363.000	20.417
WYF00006.asd	15	364.000	21.871
WYF00006.asd	16	365.000	21.451
WYF00006.asd	17	366.000	21.236
WYF00006.asd	18	367.000	22.883
WYF00006.asd	19	368.000	26.577
WYF00006.asd	20	369.000	26.729
WYF00006.asd	21	370.000	28.751
WYF00006.asd	22	371.000	32.387
WYF00006.asd	23	372.000	33.290
WYF00006.asd	24	373.000	35.230
WYF00006.asd	25	374.000	36.878
WYF00006.asd	26	375.000	38.484
WYF00006.asd	27	376.000	42.907
WYF00006.asd	28	377.000	43.760
WYF00006.asd	29	378.000	44.195
WYF00006.asd	30	379.000	47.239
WYF00006.asd	31	380.000	50.591
WYF00006.asd	32	381.000	53.199
WYF00006.asd	33	382.000	53.372
WYF00006.asd	34	383.000	51.457
WYF00006.asd	35	384.000	56.573
WYF00006.asd	36	385.000	60.561
WYF00006.asd	37	386.000	62.400
WYF00006.asd	38	387.000	65.733
WYF00006.asd	39	388.000	66.927
WYF00006.asd	40	389.000	67.799
WYF00006.asd	41	390.000	70.063
WYF00006.asd	42	391.000	74.361
WYF00006.asd	43	392.000	75.676
WYF00006.asd	44	393.000	77.370
WYF00006.asd	45	394.000	81.676
WYF00006.asd	46	395.000	83.725
WYF00006.asd	47	396.000	85.719
WYF00006.asd	48	397.000	88.060
WYF00006.asd	49	398.000	90.890
WYF00006.asd	50	399.000	96.116
WYF00006.asd	51	400.000	98.983
WYF00006.asd	52	401.000	100.890
WYF00006.asd	53	402.000	106.961
WYF00006.asd	54	403.000	111.137
WYF00006.asd	55	404.000	113.230
WYF00006.asd	56	405.000	115.746
WYF00006.asd	57	406.000	123.671
WYF00006.asd	58	407.000	127.253
WYF00006.asd	59	408.000	129.113
WYF00006.asd	60	409.000	133.108
WYF00006.asd	61	410.000	137.256
WYF00006.asd	62	411.000	142.550
WYF00006.asd	63	412.000	148.651
WYF00006.asd	64	413.000	154.749
WYF00006.asd	65	414.000	161.283
WYF00006.asd	66	415.000	166.784
WYF00006.asd	67	416.000	170.887
WYF00006.asd	68	417.000	174.617
WYF00006.asd	69	418.000	181.944
WYF00006.asd	70	419.000	190.044
WYF00006.asd	71	420.000	196.720
WYF00006.asd	72	421.000	203.267
WYF00006.asd	73	422.000	212.797
WYF00006.asd	74	423.000	222.753
WYF00006.asd	75	424.000	230.256
WYF00006.asd	76	425.000	240.050
WYF00006.asd	77	426.000	245.804
WYF00006.asd	78	427.000	250.798
WYF00006.asd	79	428.000	263.449
WYF00006.asd	80	429.000	272.535
WYF00006.asd	81	430.000	280.801
WYF00006.asd	82	431.000	291.591
WYF00006.asd	83	432.000	306.493
WYF00006.asd	84	433.000	319.050
WYF00006.asd	85	434.000	331.110
WYF00006.asd	86	435.000	344.733
WYF00006.asd	87	436.000	355.056
WYF00006.asd	88	437.000	365.120
WYF00006.asd	89	438.000	374.163
WYF00006.asd	90	439.000	380.489
WYF00006.asd	91	440.000	390.977
WYF00006.asd	92	441.000	402.668
WYF00006.asd	93	442.000	413.355
WYF00006.asd	94	443.000	423.030
WYF00006.asd	95	444.000	434.805
WYF00006.asd	96	445.000	447.293
WYF00006.asd	97	446.000	458.635
WYF00006.asd	98	447.000	468.453
WYF00006.asd	99	448.000	479.695
WYF00006.asd	100	449.000	491.459
WYF00006.asd	101	450.000	501.423
WYF00006.asd	102	451.000	510.801
WYF00006.asd	103	452.000	520.084
WYF00006.asd	104	453.000	529.473
WYF00006.asd	105	454.000	538.902
WYF00006.asd	106	455.000	549.159
WYF00006.asd	107	456.000	558.263
WYF00006.asd	108	457.000	565.148
WYF00006.asd	109	458.000	572.270
WYF00006.asd	110	459.000	579.346
WYF00006.asd	111	460.000	586.097
WYF00006.asd	112	461.000	592.294
WYF00006.asd	113	462.000	598.575
WYF00006.asd	114	463.000	603.715
WYF00006.asd	115	464.000	608.610
WYF00006.asd	116	465.000	616.114
WYF00006.asd	117	466.000	620.744
WYF00006.asd	118	467.000	623.881
WYF00006.asd	119	468.000	628.063
WYF00006.asd	120	469.000	635.397
WYF00006.asd	121	470.000	642.285
WYF00006.asd	122	471.000	647.091
WYF00006.asd	123	472.000	649.973
WYF00006.asd	124	473.000	655.713
WYF00006.asd	125	474.000	661.786
WYF00006.asd	126	475.000	667.438
WYF00006.asd	127	476.000	674.149
WYF00006.asd	128	477.000	677.594
WYF00006.asd	129	478.000	681.245
WYF00006.asd	130	479.000	687.455
WYF00006.asd	131	480.000	691.567
WYF00006.asd	132	481.000	695.969
WYF00006.asd	133	482.000	701.356
WYF00006.asd	134	483.000	707.529
WYF00006.asd	135	484.000	713.382
WYF00006.asd	136	485.000	719.394
WYF00006.asd	137	486.000	725.696
WYF00006.asd	138	487.000	731.935
WYF00006.asd	139	488.000	740.390
WYF00006.asd	140	489.000	748.616
WYF00006.asd	141	490.000	755.308
WYF00006.asd	142	491.000	765.010
WYF00006.asd	143	492.000	778.894
WYF00006.asd	144	493.000	792.325
WYF00006.asd	145	494.000	799.934
WYF00006.asd	146	495.000	814.820
WYF00006.asd	147	496.000	829.934
WYF00006.asd	148	497.000	843.197
WYF00006.asd	149	498.000	861.359
WYF00006.asd	150	499.000	878.894
WYF00006.asd	151	500.000	895.926
WYF00006.asd	152	501.000	914.504
WYF00006.asd	153	502.000	938.678
WYF00006.asd	154	503.000	959.766
WYF00006.asd	155	504.000	979.965
WYF00006.asd	156	505.000	1007.048
WYF00006.asd	157	506.000	1033.259
WYF00006.asd	158	507.000	1060.385
WYF00006.asd	159	508.000	1089.806
WYF00006.asd	160	509.000	1120.475
WYF00006.asd	161	510.000	1153.786
WYF00006.asd	162	511.000	1186.849
WYF00006.asd	163	512.000	1217.729
WYF00006.asd	164	513.000	1253.271
WYF00006.asd	165	514.000	1291.157
WYF00006.asd	166	515.000	1330.114
WYF00006.asd	167	516.000	1369.928
WYF00006.asd	168	517.000	1411.156
WYF00006.asd	169	518.000	1453.790
WYF00006.asd	170	519.000	1497.163
WYF00006.asd	171	520.000	1539.391
WYF00006.asd	172	521.000	1582.562
WYF00006.asd	173	522.000	1625.952
WYF00006.asd	174	523.000	1668.338
WYF00006.asd	175	524.000	1711.546
WYF00006.asd	176	525.000	1755.241
WYF00006.asd	177	526.000	1798.305
WYF00006.asd	178	527.000	1839.118
WYF00006.asd	179	528.000	1880.355
WYF00006.asd	180	529.000	1921.392
WYF00006.asd	181	530.000	1960.979
WYF00006.asd	182	531.000	1997.801
WYF00006.asd	183	532.000	2035.152
WYF00006.asd	184	533.000	2073.774
WYF00006.asd	185	534.000	2112.698
WYF00006.asd	186	535.000	2148.759
WYF00006.asd	187	536.000	2187.064
WYF00006.asd	188	537.000	2227.647
WYF00006.asd	189	538.000	2262.747
WYF00006.asd	190	539.000	2301.919
WYF00006.asd	191	540.000	2344.863
WYF00006.asd	192	541.000	2388.537
WYF00006.asd	193	542.000	2429.763
WYF00006.asd	194	543.000	2475.739
WYF00006.asd	195	544.000	2529.088
WYF00006.asd	196	545.000	2587.926
WYF00006.asd	197	546.000	2643.496
WYF00006.asd	198	547.000	2686.474
WYF00006.asd	199	548.000	2717.548
WYF00006.asd	200	549.000	2754.782
WYF00006.asd	201	550.000	2797.680
WYF00006.asd	202	551.000	2847.466
WYF00006.asd	203	552.000	2903.518
WYF00006.asd	204	553.000	2957.878
WYF00006.asd	205	554.000	3013.447
WYF00006.asd	206	555.000	3071.149
WYF00006.asd	207	556.000	3129.279
WYF00006.asd	208	557.000	3184.735
WYF00006.asd	209	558.000	3240.117
WYF00006.asd	210	559.000	3297.195
WYF00006.asd	211	560.000	3352.425
WYF00006.asd	212	561.000	3405.251
WYF00006.asd	213	562.000	3453.556
WYF00006.asd	214	563.000	3494.933
WYF00006.asd	215	564.000	3530.202
WYF00006.asd	216	565.000	3561.470
WYF00006.asd	217	566.000	3587.233
WYF00006.asd	218	567.000	3600.655
WYF00006.asd	219	568.000	3608.988
WYF00006.asd	220	569.000	3612.128
WYF00006.asd	221	570.000	3608.475
WYF00006.asd	222	571.000	3598.450
WYF00006.asd	223	572.000	3586.560
WYF00006.asd	224	573.000	3575.862
WYF00006.asd	225	574.000	3568.153
WYF00006.asd	226	575.000	3566.203
WYF00006.asd	227	576.000	3567.603
WYF00006.asd	228	577.000	3568.772
WYF00006.asd	229	578.000	3565.731
WYF00006.asd	230	579.000	3559.354
WYF00006.asd	231	580.000	3548.797
WYF00006.asd	232	581.000	3533.769
WYF00006.asd	233	582.000	3519.333
WYF00006.asd	234	583.000	3505.831
WYF00006.asd	235	584.000	3492.855
WYF00006.asd	236	585.000	3479.603
WYF00006.asd	237	586.000	3467.116
WYF00006.asd	238	587.000	3456.515
WYF00006.asd	239	588.000	3447.604
WYF00006.asd	240	589.000	3435.567
WYF00006.asd	241	590.000	3428.166
WYF00006.asd	242	591.000	3427.630
WYF00006.asd	243	592.000	3433.136
WYF00006.asd	244	593.000	3450.218
WYF00006.asd	245	594.000	3473.642
WYF00006.asd	246	595.000	3499.437
WYF00006.asd	247	596.000	3528.269
WYF00006.asd	248	597.000	3558.015
WYF00006.asd	249	598.000	3586.229
WYF00006.asd	250	599.000	3610.985
WYF00006.asd	251	600.000	3632.935
WYF00006.asd	252	601.000	3652.062
WYF00006.asd	253	602.000	3667.248
WYF00006.asd	254	603.000	3676.644
WYF00006.asd	255	604.000	3684.266
WYF00006.asd	256	605.000	3688.510
WYF00006.asd	257	606.000	3688.468
WYF00006.asd	258	607.000	3687.696
WYF00006.asd	259	608.000	3685.730
WYF00006.asd	260	609.000	3683.908
WYF00006.asd	261	610.000	3683.668
WYF00006.asd	262	611.000	3681.123
WYF00006.asd	263	612.000	3679.743
WYF00006.asd	264	613.000	3681.730
WYF00006.asd	265	614.000	3686.672
WYF00006.asd	266	615.000	3689.464
WYF00006.asd	267	616.000	3689.618
WYF00006.asd	268	617.000	3687.359
WYF00006.asd	269	618.000	3679.313
WYF00006.asd	270	619.000	3672.248
WYF00006.asd	271	620.000	3665.303
WYF00006.asd	272	621.000	3652.391
WYF00006.asd	273	622.000	3639.132
WYF00006.asd	274	623.000	3627.462
WYF00006.asd	275	624.000	3616.873
WYF00006.asd	276	625.000	3602.609
WYF00006.asd	277	626.000	3592.350
WYF00006.asd	278	627.000	3584.308
WYF00006.asd	279	628.000	3573.758
WYF00006.asd	280	629.000	3562.086
WYF00006.asd	281	630.000	3551.049
WYF00006.asd	282	631.000	3540.023
WYF00006.asd	283	632.000	3525.839
WYF00006.asd	284	633.000	3511.850
WYF00006.asd	285	634.000	3497.181
WYF00006.asd	286	635.000	3479.096
WYF00006.asd	287	636.000	3451.730
WYF00006.asd	288	637.000	3424.536
WYF00006.asd	289	638.000	3396.306
WYF00006.asd	290	639.000	3360.546
WYF00006.asd	291	640.000	3322.819
WYF00006.asd	292	641.000	3284.348
WYF00006.asd	293	642.000	3245.260
WYF00006.asd	294	643.000	3204.670
WYF00006.asd	295	644.000	3165.066
WYF00006.asd	296	645.000	3126.977
WYF00006.asd	297	646.000	3089.791
WYF00006.asd	298	647.000	3050.286
WYF00006.asd	299	648.000	3017.801
WYF00006.asd	300	649.000	2991.957
WYF00006.asd	301	650.000	2964.415
WYF00006.asd	302	651.000	2942.039
WYF00006.asd	303	652.000	2923.919
WYF00006.asd	304	653.000	2908.175
WYF00006.asd	305	654.000	2894.404
WYF00006.asd	306	655.000	2877.245
WYF00006.asd	307	656.000	2857.035
WYF00006.asd	308	657.000	2836.083
WYF00006.asd	309	658.000	2811.433
WYF00006.asd	310	659.000	2784.650
WYF00006.asd	311	660.000	2757.898
WYF00006.asd	312	661.000	2733.458
WYF00006.asd	313	662.000	2703.527
WYF00006.asd	314	663.000	2671.282
WYF00006.asd	315	664.000	2641.345
WYF00006.asd	316	665.000	2614.009
WYF00006.asd	317	666.000	2587.551
WYF00006.asd	318	667.000	2564.450
WYF00006.asd	319	668.000	2548.790
WYF00006.asd	320	669.000	2535.665
WYF00006.asd	321	670.000	2523.187
WYF00006.asd	322	671.000	2512.459
WYF00006.asd	323	672.000	2508.627
WYF00006.asd	324	673.000	2508.532
WYF00006.asd	325	674.000	2511.154
WYF00006.asd	326	675.000	2516.532
WYF00006.asd	327	676.000	2526.735
WYF00006.asd	328	677.000	2538.789
WYF00006.asd	329	678.000	2552.778
WYF00006.asd	330	679.000	2571.477
WYF00006.asd	331	680.000	2596.807
WYF00006.asd	332	681.000	2630.746
WYF00006.asd	333	682.000	2674.828
WYF00006.asd	334	683.000	2729.794
WYF00006.asd	335	684.000	2796.553
WYF00006.asd	336	685.000	2878.557
WYF00006.asd	337	686.000	2979.165
WYF00006.asd	338	687.000	3095.986
WYF00006.asd	339	688.000	3229.635
WYF00006.asd	340	689.000	3381.004
WYF00006.asd	341	690.000	3550.928
WYF00006.asd	342	691.000	3735.938
WYF00006.asd	343	692.000	3936.069
WYF00006.asd	344	693.000	4150.435
WYF00006.asd	345	694.000	4373.753
WYF00006.asd	346	695.000	4608.967
WYF00006.asd	347	696.000	4855.779
WYF00006.asd	348	697.000	5112.090
WYF00006.asd	349	698.000	5375.070
WYF00006.asd	350	699.000	5643.870
WYF00006.asd	351	700.000	5916.272
WYF00006.asd	352	701.000	6188.268
WYF00006.asd	353	702.000	6461.338
WYF00006.asd	354	703.000	6734.590
WYF00006.asd	355	704.000	7005.908
WYF00006.asd	356	705.000	7270.720
WYF00006.asd	357	706.000	7534.770
WYF00006.asd	358	707.000	7796.988
WYF00006.asd	359	708.000	8053.223
WYF00006.asd	360	709.000	8307.799
WYF00006.asd	361	710.000	8561.835
WYF00006.asd	362	711.000	8813.467
WYF00006.asd	363	712.000	9057.233
WYF00006.asd	364	713.000	9298.958
WYF00006.asd	365	714.000	9539.570
WYF00006.asd	366	715.000	9778.052
WYF00006.asd	367	716.000	10011.441
WYF00006.asd	368	717.000	10243.249
WYF00006.asd	369	718.000	10473.823
WYF00006.asd	370	719.000	10701.433
WYF00006.asd	371	720.000	10926.201
WYF00006.asd	372	721.000	11146.566
WYF00006.asd	373	722.000	11361.702
WYF00006.asd	374	723.000	11572.158
WYF00006.asd	375	724.000	11777.476
WYF00006.asd	376	725.000	11979.082
WYF00006.asd	377	726.000	12177.746
WYF00006.asd	378	727.000	12369.546
WYF00006.asd	379	728.000	12560.192
WYF00006.asd	380	729.000	12748.204
WYF00006.asd	381	730.000	12927.620
WYF00006.asd	382	731.000	13100.066
WYF00006.asd	383	732.000	13269.432
WYF00006.asd	384	733.000	13436.432
WYF00006.asd	385	734.000	13596.450
WYF00006.asd	386	735.000	13747.794
WYF00006.asd	387	736.000	13894.029
WYF00006.asd	388	737.000	14038.343
WYF00006.asd	389	738.000	14176.115
WYF00006.asd	390	739.000	14308.623
WYF00006.asd	391	740.000	14435.731
WYF00006.asd	392	741.000	14556.622
WYF00006.asd	393	742.000	14673.583
WYF00006.asd	394	743.000	14783.922
WYF00006.asd	395	744.000	14888.862
WYF00006.asd	396	745.000	14996.405
WYF00006.asd	397	746.000	15096.831
WYF00006.asd	398	747.000	15191.612
WYF00006.asd	399	748.000	15284.659
WYF00006.asd	400	749.000	15377.559
WYF00006.asd	401	750.000	15462.580
WYF00006.asd	402	751.000	15538.637
WYF00006.asd	403	752.000	15609.609
WYF00006.asd	404	753.000	15681.682
WYF00006.asd	405	754.000	15751.358
WYF00006.asd	406	755.000	15815.360
WYF00006.asd	407	756.000	15872.434
WYF00006.asd	408	757.000	15930.469
WYF00006.asd	409	758.000	15985.649
WYF00006.asd	410	759.000	16033.896
WYF00006.asd	411	760.000	16078.655
WYF00006.asd	412	761.000	16128.148
WYF00006.asd	413	762.000	16182.592
WYF00006.asd	414	763.000	16236.826
WYF00006.asd	415	764.000	16283.698
WYF00006.asd	416	765.000	16323.510
WYF00006.asd	417	766.000	16360.751
WYF00006.asd	418	767.000	16403.034
WYF00006.asd	419	768.000	16441.735
WYF00006.asd	420	769.000	16476.308
WYF00006.asd	421	770.000	16507.316
WYF00006.asd	422	771.000	16533.268
WYF00006.asd	423	772.000	16559.274
WYF00006.asd	424	773.000	16584.595
WYF00006.asd	425	774.000	16605.995
WYF00006.asd	426	775.000	16621.036
WYF00006.asd	427	776.000	16634.089
WYF00006.asd	428	777.000	16646.553
WYF00006.asd	429	778.000	16657.023
WYF00006.asd	430	779.000	16667.140
WYF00006.asd	431	780.000	16677.942
WYF00006.asd	432	781.000	16686.040
WYF00006.asd	433	782.000	16680.359
WYF00006.asd	434	783.000	16677.077
WYF00006.asd	435	784.000	16671.613
WYF00006.asd	436	785.000	16658.625
WYF00006.asd	437	786.000	16653.936
WYF00006.asd	438	787.000	16645.236
WYF00006.asd	439	788.000	16629.454
WYF00006.asd	440	789.000	16610.105
WYF00006.asd	441	790.000	16592.580
WYF00006.asd	442	791.000	16574.169
WYF00006.asd	443	792.000	16554.235
WYF00006.asd	444	793.000	16535.441
WYF00006.asd	445	794.000	16513.727
WYF00006.asd	446	795.000	16485.013
WYF00006.asd	447	796.000	16449.132
WYF00006.asd	448	797.000	16415.268
WYF00006.asd	449	798.000	16372.024
WYF00006.asd	450	799.000	16325.521
WYF00006.asd	451	800.000	16284.674
WYF00006.asd	452	801.000	16239.038
WYF00006.asd	453	802.000	16198.210
WYF00006.asd	454	803.000	16161.697
WYF00006.asd	455	804.000	16121.819
WYF00006.asd	456	805.000	16083.076
WYF00006.asd	457	806.000	16038.968
WYF00006.asd	458	807.000	15991.282
WYF00006.asd	459	808.000	15954.106
WYF00006.asd	460	809.000	15914.182
WYF00006.asd	461	810.000	15870.126
WYF00006.asd	462	811.000	15822.232
WYF00006.asd	463	812.000	15767.767
WYF00006.asd	464	813.000	15707.413
WYF00006.asd	465	814.000	15641.719
WYF00006.asd	466	815.000	15573.366
WYF00006.asd	467	816.000	15513.916
WYF00006.asd	468	817.000	15454.719
WYF00006.asd	469	818.000	15394.178
WYF00006.asd	470	819.000	15336.029
WYF00006.asd	471	820.000	15276.438
WYF00006.asd	472	821.000	15212.940
WYF00006.asd	473	822.000	15145.573
WYF00006.asd	474	823.000	15077.378
WYF00006.asd	475	824.000	15015.986
WYF00006.asd	476	825.000	14952.220
WYF00006.asd	477	826.000	14880.165
WYF00006.asd	478	827.000	14810.680
WYF00006.asd	479	828.000	14736.053
WYF00006.asd	480	829.000	14661.166
WYF00006.asd	481	830.000	14590.764
WYF00006.asd	482	831.000	14511.281
WYF00006.asd	483	832.000	14432.457
WYF00006.asd	484	833.000	14354.467
WYF00006.asd	485	834.000	14272.789
WYF00006.asd	486	835.000	14195.621
WYF00006.asd	487	836.000	14118.124
WYF00006.asd	488	837.000	14039.062
WYF00006.asd	489	838.000	13961.758
WYF00006.asd	490	839.000	13882.444
WYF00006.asd	491	840.000	13805.198
WYF00006.asd	492	841.000	13729.346
WYF00006.asd	493	842.000	13644.336
WYF00006.asd	494	843.000	13568.818
WYF00006.asd	495	844.000	13492.980
WYF00006.asd	496	845.000	13408.556
WYF00006.asd	497	846.000	13333.300
WYF00006.asd	498	847.000	13255.255
WYF00006.asd	499	848.000	13176.457
WYF00006.asd	500	849.000	13101.762
WYF00006.asd	501	850.000	13023.051
WYF00006.asd	502	851.000	12947.524
WYF00006.asd	503	852.000	12872.046
WYF00006.asd	504	853.000	12789.017
WYF00006.asd	505	854.000	12710.352
WYF00006.asd	506	855.000	12629.975
WYF00006.asd	507	856.000	12548.230
WYF00006.asd	508	857.000	12472.116
WYF00006.asd	509	858.000	12390.107
WYF00006.asd	510	859.000	12307.145
WYF00006.asd	511	860.000	12226.466
WYF00006.asd	512	861.000	12144.875
WYF00006.asd	513	862.000	12060.780
WYF00006.asd	514	863.000	11976.450
WYF00006.asd	515	864.000	11892.835
WYF00006.asd	516	865.000	11805.579
WYF00006.asd	517	866.000	11719.393
WYF00006.asd	518	867.000	11636.983
WYF00006.asd	519	868.000	11557.933
WYF00006.asd	520	869.000	11474.679
WYF00006.asd	521	870.000	11389.200
WYF00006.asd	522	871.000	11302.765
WYF00006.asd	523	872.000	11216.707
WYF00006.asd	524	873.000	11133.972
WYF00006.asd	525	874.000	11049.207
WYF00006.asd	526	875.000	10963.599
WYF00006.asd	527	876.000	10881.128
WYF00006.asd	528	877.000	10791.809
WYF00006.asd	529	878.000	10706.702
WYF00006.asd	530	879.000	10624.365
WYF00006.asd	531	880.000	10532.694
WYF00006.asd	532	881.000	10447.846
WYF00006.asd	533	882.000	10362.184
WYF00006.asd	534	883.000	10273.452
WYF00006.asd	535	884.000	10189.378
WYF00006.asd	536	885.000	10105.482
WYF00006.asd	537	886.000	10019.027
WYF00006.asd	538	887.000	9929.706
WYF00006.asd	539	888.000	9840.500
WYF00006.asd	540	889.000	9758.033
WYF00006.asd	541	890.000	9676.389
WYF00006.asd	542	891.000	9590.946
WYF00006.asd	543	892.000	9506.823
WYF00006.asd	544	893.000	9424.058
WYF00006.asd	545	894.000	9342.908
WYF00006.asd	546	895.000	9262.407
WYF00006.asd	547	896.000	9178.284
WYF00006.asd	548	897.000	9096.140
WYF00006.asd	549	898.000	9015.171
WYF00006.asd	550	899.000	8933.801
WYF00006.asd	551	900.000	8856.538
WYF00006.asd	552	901.000	8780.556
WYF00006.asd	553	902.000	8703.609
WYF00006.asd	554	903.000	8624.755
WYF00006.asd	555	904.000	8546.308
WYF00006.asd	556	905.000	8472.818
WYF00006.asd	557	906.000	8397.499
WYF00006.asd	558	907.000	8312.000
WYF00006.asd	559	908.000	8233.546
WYF00006.asd	560	909.000	8156.366
WYF00006.asd	561	910.000	8077.913
WYF00006.asd	562	911.000	7998.681
WYF00006.asd	563	912.000	7917.729
WYF00006.asd	564	913.000	7841.110
WYF00006.asd	565	914.000	7764.870
WYF00006.asd	566	915.000	7679.880
WYF00006.asd	567	916.000	7600.266
WYF00006.asd	568	917.000	7520.932
WYF00006.asd	569	918.000	7440.638
WYF00006.asd	570	919.000	7362.764
WYF00006.asd	571	920.000	7286.343
WYF00006.asd	572	921.000	7203.142
WYF00006.asd	573	922.000	7116.176
WYF00006.asd	574	923.000	7038.063
WYF00006.asd	575	924.000	6957.909
WYF00006.asd	576	925.000	6875.438
WYF00006.asd	577	926.000	6791.091
WYF00006.asd	578	927.000	6704.976
WYF00006.asd	579	928.000	6621.239
WYF00006.asd	580	929.000	6534.989
WYF00006.asd	581	930.000	6445.092
WYF00006.asd	582	931.000	6356.304
WYF00006.asd	583	932.000	6273.141
WYF00006.asd	584	933.000	6189.357
WYF00006.asd	585	934.000	6104.553
WYF00006.asd	586	935.000	6026.299
WYF00006.asd	587	936.000	5946.140
WYF00006.asd	588	937.000	5867.854
WYF00006.asd	589	938.000	5792.684
WYF00006.asd	590	939.000	5716.835
WYF00006.asd	591	940.000	5643.598
WYF00006.asd	592	941.000	5570.050
WYF00006.asd	593	942.000	5493.841
WYF00006.asd	594	943.000	5415.167
WYF00006.asd	595	944.000	5340.921
WYF00006.asd	596	945.000	5267.753
WYF00006.asd	597	946.000	5193.526
WYF00006.asd	598	947.000	5120.020
WYF00006.asd	599	948.000	5052.622
WYF00006.asd	600	949.000	4985.179
WYF00006.asd	601	950.000	4916.034
WYF00006.asd	602	951.000	4850.096
WYF00006.asd	603	952.000	4782.317
WYF00006.asd	604	953.000	4718.371
WYF00006.asd	605	954.000	4657.327
WYF00006.asd	606	955.000	4591.449
WYF00006.asd	607	956.000	4531.520
WYF00006.asd	608	957.000	4470.398
WYF00006.asd	609	958.000	4408.049
WYF00006.asd	610	959.000	4351.751
WYF00006.asd	611	960.000	4291.717
WYF00006.asd	612	961.000	4231.263
WYF00006.asd	613	962.000	4172.351
WYF00006.asd	614	963.000	4114.152
WYF00006.asd	615	964.000	4054.562
WYF00006.asd	616	965.000	3998.313
WYF00006.asd	617	966.000	3944.052
WYF00006.asd	618	967.000	3886.556
WYF00006.asd	619	968.000	3828.856
WYF00006.asd	620	969.000	3774.055
WYF00006.asd	621	970.000	3719.805
WYF00006.asd	622	971.000	3662.442
WYF00006.asd	623	972.000	3610.114
WYF00006.asd	624	973.000	3555.686
WYF00006.asd	625	974.000	3499.814
WYF00006.asd	626	975.000	3446.650
WYF00006.asd	627	976.000	3394.502
WYF00006.asd	628	977.000	3342.792
WYF00006.asd	629	978.000	3290.001
WYF00006.asd	630	979.000	3236.301
WYF00006.asd	631	980.000	3188.681
WYF00006.asd	632	981.000	3136.553
WYF00006.asd	633	982.000	3083.709
WYF00006.asd	634	983.000	3034.517
WYF00006.asd	635	984.000	2981.106
WYF00006.asd	636	985.000	2932.519
WYF00006.asd	637	986.000	2884.716
WYF00006.asd	638	987.000	2834.103
WYF00006.asd	639	988.000	2785.018
WYF00006.asd	640	989.000	2733.931
WYF00006.asd	641	990.000	2685.155
WYF00006.asd	642	991.000	2639.840
WYF00006.asd	643	992.000	2592.641
WYF00006.asd	644	993.000	2543.260
WYF00006.asd	645	994.000	2494.995
WYF00006.asd	646	995.000	2448.934
WYF00006.asd	647	996.000	2403.155
WYF00006.asd	648	997.000	2356.837
WYF00006.asd	649	998.000	2313.067
WYF00006.asd	650	999.000	2270.147
WYF00006.asd	651	1000.000	2224.080
WYF00006.asd	652	1001.000	8861.510
WYF00006.asd	653	1002.000	8918.364
WYF00006.asd	654	1003.000	8976.310
WYF00006.asd	655	1004.000	9031.114
WYF00006.asd	656	1005.000	9079.176
WYF00006.asd	657	1006.000	9135.167
WYF00006.asd	658	1007.000	9196.711
WYF00006.asd	659	1008.000	9254.857
WYF00006.asd	660	1009.000	9312.904
WYF00006.asd	661	1010.000	9375.209
WYF00006.asd	662	1011.000	9434.751
WYF00006.asd	663	1012.000	9491.580
WYF00006.asd	664	1013.000	9562.783
WYF00006.asd	665	1014.000	9632.835
WYF00006.asd	666	1015.000	9704.805
WYF00006.asd	667	1016.000	9783.104
WYF00006.asd	668	1017.000	9855.606
WYF00006.asd	669	1018.000	9925.790
WYF00006.asd	670	1019.000	10000.072
WYF00006.asd	671	1020.000	10072.105
WYF00006.asd	672	1021.000	10145.478
WYF00006.asd	673	1022.000	10223.344
WYF00006.asd	674	1023.000	10298.696
WYF00006.asd	675	1024.000	10372.107
WYF00006.asd	676	1025.000	10449.303
WYF00006.asd	677	1026.000	10521.648
WYF00006.asd	678	1027.000	10591.061
WYF00006.asd	679	1028.000	10659.688
WYF00006.asd	680	1029.000	10723.296
WYF00006.asd	681	1030.000	10785.591
WYF00006.asd	682	1031.000	10842.419
WYF00006.asd	683	1032.000	10898.143
WYF00006.asd	684	1033.000	10947.696
WYF00006.asd	685	1034.000	10999.523
WYF00006.asd	686	1035.000	11054.463
WYF00006.asd	687	1036.000	11103.605
WYF00006.asd	688	1037.000	11149.166
WYF00006.asd	689	1038.000	11193.163
WYF00006.asd	690	1039.000	11235.023
WYF00006.asd	691	1040.000	11270.651
WYF00006.asd	692	1041.000	11307.298
WYF00006.asd	693	1042.000	11345.225
WYF00006.asd	694	1043.000	11378.936
WYF00006.asd	695	1044.000	11413.938
WYF00006.asd	696	1045.000	11449.481
WYF00006.asd	697	1046.000	11478.664
WYF00006.asd	698	1047.000	11510.473
WYF00006.asd	699	1048.000	11546.399
WYF00006.asd	700	1049.000	11580.244
WYF00006.asd	701	1050.000	11612.916
WYF00006.asd	702	1051.000	11648.523
WYF00006.asd	703	1052.000	11684.525
WYF00006.asd	704	1053.000	11721.390
WYF00006.asd	705	1054.000	11761.919
WYF00006.asd	706	1055.000	11801.177
WYF00006.asd	707	1056.000	11845.161
WYF00006.asd	708	1057.000	11889.918
WYF00006.asd	709	1058.000	11932.936
WYF00006.asd	710	1059.000	11979.665
WYF00006.asd	711	1060.000	12025.161
WYF00006.asd	712	1061.000	12075.341
WYF00006.asd	713	1062.000	12129.325
WYF00006.asd	714	1063.000	12186.366
WYF00006.asd	715	1064.000	12247.030
WYF00006.asd	716	1065.000	12313.201
WYF00006.asd	717	1066.000	12377.202
WYF00006.asd	718	1067.000	12443.567
WYF00006.asd	719	1068.000	12516.718
WYF00006.asd	720	1069.000	12592.667
WYF00006.asd	721	1070.000	12669.552
WYF00006.asd	722	1071.000	12750.293
WYF00006.asd	723	1072.000	12831.591
WYF00006.asd	724	1073.000	12918.964
WYF00006.asd	725	1074.000	13011.492
WYF00006.asd	726	1075.000	13106.904
WYF00006.asd	727	1076.000	13208.313
WYF00006.asd	728	1077.000	13303.957
WYF00006.asd	729	1078.000	13406.133
WYF00006.asd	730	1079.000	13515.809
WYF00006.asd	731	1080.000	13631.112
WYF00006.asd	732	1081.000	13746.669
WYF00006.asd	733	1082.000	13874.787
WYF00006.asd	734	1083.000	14006.416
WYF00006.asd	735	1084.000	14135.852
WYF00006.asd	736	1085.000	14271.169
WYF00006.asd	737	1086.000	14405.454
WYF00006.asd	738	1087.000	14541.809
WYF00006.asd	739	1088.000	14685.346
WYF00006.asd	740	1089.000	14828.541
WYF00006.asd	741	1090.000	14982.279
WYF00006.asd	742	1091.000	15137.963
WYF00006.asd	743	1092.000	15285.136
WYF00006.asd	744	1093.000	15442.083
WYF00006.asd	745	1094.000	15596.878
WYF00006.asd	746	1095.000	15751.731
WYF00006.asd	747	1096.000	15906.664
WYF00006.asd	748	1097.000	16066.778
WYF00006.asd	749	1098.000	16215.147
WYF00006.asd	750	1099.000	16366.918
WYF00006.asd	751	1100.000	16519.032
WYF00006.asd	752	1101.000	16664.172
WYF00006.asd	753	1102.000	16815.260
WYF00006.asd	754	1103.000	16960.641
WYF00006.asd	755	1104.000	17101.781
WYF00006.asd	756	1105.000	17243.024
WYF00006.asd	757	1106.000	17373.194
WYF00006.asd	758	1107.000	17504.406
WYF00006.asd	759	1108.000	17632.324
WYF00006.asd	760	1109.000	17747.640
WYF00006.asd	761	1110.000	17857.601
WYF00006.asd	762	1111.000	17963.040
WYF00006.asd	763	1112.000	18059.411
WYF00006.asd	764	1113.000	18145.114
WYF00006.asd	765	1114.000	18231.095
WYF00006.asd	766	1115.000	18307.418
WYF00006.asd	767	1116.000	18387.859
WYF00006.asd	768	1117.000	18458.222
WYF00006.asd	769	1118.000	18515.263
WYF00006.asd	770	1119.000	18570.382
WYF00006.asd	771	1120.000	18613.607
WYF00006.asd	772	1121.000	18655.675
WYF00006.asd	773	1122.000	18695.106
WYF00006.asd	774	1123.000	18727.872
WYF00006.asd	775	1124.000	18765.237
WYF00006.asd	776	1125.000	18800.802
WYF00006.asd	777	1126.000	18831.484
WYF00006.asd	778	1127.000	18858.786
WYF00006.asd	779	1128.000	18886.452
WYF00006.asd	780	1129.000	18905.437
WYF00006.asd	781	1130.000	18916.248
WYF00006.asd	782	1131.000	18926.691
WYF00006.asd	783	1132.000	18931.205
WYF00006.asd	784	1133.000	18935.620
WYF00006.asd	785	1134.000	18943.578
WYF00006.asd	786	1135.000	18951.401
WYF00006.asd	787	1136.000	18969.440
WYF00006.asd	788	1137.000	18993.383
WYF00006.asd	789	1138.000	19013.904
WYF00006.asd	790	1139.000	19039.409
WYF00006.asd	791	1140.000	19066.072
WYF00006.asd	792	1141.000	19091.114
WYF00006.asd	793	1142.000	19118.007
WYF00006.asd	794	1143.000	19150.894
WYF00006.asd	795	1144.000	19175.406
WYF00006.asd	796	1145.000	19196.930
WYF00006.asd	797	1146.000	19217.633
WYF00006.asd	798	1147.000	19234.032
WYF00006.asd	799	1148.000	19249.888
WYF00006.asd	800	1149.000	19268.907
WYF00006.asd	801	1150.000	19290.104
WYF00006.asd	802	1151.000	19317.381
WYF00006.asd	803	1152.000	19346.118
WYF00006.asd	804	1153.000	19372.695
WYF00006.asd	805	1154.000	19396.545
WYF00006.asd	806	1155.000	19415.450
WYF00006.asd	807	1156.000	19436.592
WYF00006.asd	808	1157.000	19460.452
WYF00006.asd	809	1158.000	19486.893
WYF00006.asd	810	1159.000	19510.689
WYF00006.asd	811	1160.000	19532.635
WYF00006.asd	812	1161.000	19555.323
WYF00006.asd	813	1162.000	19578.550
WYF00006.asd	814	1163.000	19600.060
WYF00006.asd	815	1164.000	19621.339
WYF00006.asd	816	1165.000	19643.353
WYF00006.asd	817	1166.000	19661.504
WYF00006.asd	818	1167.000	19676.273
WYF00006.asd	819	1168.000	19693.038
WYF00006.asd	820	1169.000	19711.557
WYF00006.asd	821	1170.000	19728.817
WYF00006.asd	822	1171.000	19749.434
WYF00006.asd	823	1172.000	19774.204
WYF00006.asd	824	1173.000	19794.025
WYF00006.asd	825	1174.000	19812.175
WYF00006.asd	826	1175.000	19833.574
WYF00006.asd	827	1176.000	19854.274
WYF00006.asd	828	1177.000	19872.525
WYF00006.asd	829	1178.000	19892.344
WYF00006.asd	830	1179.000	19915.963
WYF00006.asd	831	1180.000	19934.391
WYF00006.asd	832	1181.000	19947.460
WYF00006.asd	833	1182.000	19965.739
WYF00006.asd	834	1183.000	19984.793
WYF00006.asd	835	1184.000	20004.158
WYF00006.asd	836	1185.000	20028.433
WYF00006.asd	837	1186.000	20048.526
WYF00006.asd	838	1187.000	20071.297
WYF00006.asd	839	1188.000	20095.080
WYF00006.asd	840	1189.000	20115.864
WYF00006.asd	841	1190.000	20141.375
WYF00006.asd	842	1191.000	20166.755
WYF00006.asd	843	1192.000	20196.896
WYF00006.asd	844	1193.000	20228.638
WYF00006.asd	845	1194.000	20267.571
WYF00006.asd	846	1195.000	20300.038
WYF00006.asd	847	1196.000	20330.396
WYF00006.asd	848	1197.000	20360.121
WYF00006.asd	849	1198.000	20387.484
WYF00006.asd	850	1199.000	20416.234
WYF00006.asd	851	1200.000	20444.207
WYF00006.asd	852	1201.000	20475.370
WYF00006.asd	853	1202.000	20510.108
WYF00006.asd	854	1203.000	20540.268
WYF00006.asd	855	1204.000	20570.787
WYF00006.asd	856	1205.000	20602.389
WYF00006.asd	857	1206.000	20632.444
WYF00006.asd	858	1207.000	20663.333
WYF00006.asd	859	1208.000	20697.766
WYF00006.asd	860	1209.000	20733.362
WYF00006.asd	861	1210.000	20769.629
WYF00006.asd	862	1211.000	20807.332
WYF00006.asd	863	1212.000	20845.774
WYF00006.asd	864	1213.000	20883.304
WYF00006.asd	865	1214.000	20925.039
WYF00006.asd	866	1215.000	20967.110
WYF00006.asd	867	1216.000	21013.293
WYF00006.asd	868	1217.000	21064.709
WYF00006.asd	869	1218.000	21118.654
WYF00006.asd	870	1219.000	21178.292
WYF00006.asd	871	1220.000	21234.194
WYF00006.asd	872	1221.000	21293.653
WYF00006.asd	873	1222.000	21345.397
WYF00006.asd	874	1223.000	21396.147
WYF00006.asd	875	1224.000	21451.935
WYF00006.asd	876	1225.000	21508.126
WYF00006.asd	877	1226.000	21566.546
WYF00006.asd	878	1227.000	21623.906
WYF00006.asd	879	1228.000	21680.468
WYF00006.asd	880	1229.000	21734.124
WYF00006.asd	881	1230.000	21785.354
WYF00006.asd	882	1231.000	21835.344
WYF00006.asd	883	1232.000	21884.421
WYF00006.asd	884	1233.000	21929.059
WYF00006.asd	885	1234.000	21972.649
WYF00006.asd	886	1235.000	22012.825
WYF00006.asd	887	1236.000	22045.411
WYF00006.asd	888	1237.000	22082.525
WYF00006.asd	889	1238.000	22117.177
WYF00006.asd	890	1239.000	22155.070
WYF00006.asd	891	1240.000	22200.873
WYF00006.asd	892	1241.000	22238.940
WYF00006.asd	893	1242.000	22272.746
WYF00006.asd	894	1243.000	22308.444
WYF00006.asd	895	1244.000	22345.659
WYF00006.asd	896	1245.000	22378.387
WYF00006.asd	897	1246.000	22410.960
WYF00006.asd	898	1247.000	22442.373
WYF00006.asd	899	1248.000	22471.369
WYF00006.asd	900	1249.000	22494.390
WYF00006.asd	901	1250.000	22518.105
WYF00006.asd	902	1251.000	22545.272
WYF00006.asd	903	1252.000	22564.103
WYF00006.asd	904	1253.000	22579.652
WYF00006.asd	905	1254.000	22588.095
WYF00006.asd	906	1255.000	22591.217
WYF00006.asd	907	1256.000	22589.199
WYF00006.asd	908	1257.000	22579.775
WYF00006.asd	909	1258.000	22566.899
WYF00006.asd	910	1259.000	22550.272
WYF00006.asd	911	1260.000	22528.741
WYF00006.asd	912	1261.000	22500.279
WYF00006.asd	913	1262.000	22471.746
WYF00006.asd	914	1263.000	22439.033
WYF00006.asd	915	1264.000	22404.375
WYF00006.asd	916	1265.000	22371.500
WYF00006.asd	917	1266.000	22335.751
WYF00006.asd	918	1267.000	22305.548
WYF00006.asd	919	1268.000	22275.486
WYF00006.asd	920	1269.000	22243.768
WYF00006.asd	921	1270.000	22211.255
WYF00006.asd	922	1271.000	22183.912
WYF00006.asd	923	1272.000	22155.408
WYF00006.asd	924	1273.000	22132.309
WYF00006.asd	925	1274.000	22113.848
WYF00006.asd	926	1275.000	22099.246
WYF00006.asd	927	1276.000	22085.330
WYF00006.asd	928	1277.000	22078.366
WYF00006.asd	929	1278.000	22079.909
WYF00006.asd	930	1279.000	22082.987
WYF00006.asd	931	1280.000	22088.691
WYF00006.asd	932	1281.000	22098.599
WYF00006.asd	933	1282.000	22113.445
WYF00006.asd	934	1283.000	22129.314
WYF00006.asd	935	1284.000	22147.079
WYF00006.asd	936	1285.000	22170.472
WYF00006.asd	937	1286.000	22192.900
WYF00006.asd	938	1287.000	22220.366
WYF00006.asd	939	1288.000	22253.495
WYF00006.asd	940	1289.000	22284.082
WYF00006.asd	941	1290.000	22316.225
WYF00006.asd	942	1291.000	22350.300
WYF00006.asd	943	1292.000	22384.759
WYF00006.asd	944	1293.000	22417.561
WYF00006.asd	945	1294.000	22456.611
WYF00006.asd	946	1295.000	22500.741
WYF00006.asd	947	1296.000	22542.370
WYF00006.asd	948	1297.000	22585.800
WYF00006.asd	949	1298.000	22629.118
WYF00006.asd	950	1299.000	22673.059
WYF00006.asd	951	1300.000	22715.023
WYF00006.asd	952	1301.000	22757.576
WYF00006.asd	953	1302.000	22799.783
WYF00006.asd	954	1303.000	22837.818
WYF00006.asd	955	1304.000	22879.183
WYF00006.asd	956	1305.000	22924.049
WYF00006.asd	957	1306.000	22966.556
WYF00006.asd	958	1307.000	23009.282
WYF00006.asd	959	1308.000	23052.107
WYF00006.asd	960	1309.000	23090.150
WYF00006.asd	961	1310.000	23129.332
WYF00006.asd	962	1311.000	23169.185
WYF00006.asd	963	1312.000	23205.090
WYF00006.asd	964	1313.000	23238.755
WYF00006.asd	965	1314.000	23269.897
WYF00006.asd	966	1315.000	23302.365
WYF00006.asd	967	1316.000	23331.748
WYF00006.asd	968	1317.000	23363.296
WYF00006.asd	969	1318.000	23396.961
WYF00006.asd	970	1319.000	23430.311
WYF00006.asd	971	1320.000	23465.075
WYF00006.asd	972	1321.000	23495.669
WYF00006.asd	973	1322.000	23526.441
WYF00006.asd	974	1323.000	23553.568
WYF00006.asd	975	1324.000	23576.977
WYF00006.asd	976	1325.000	23598.105
WYF00006.asd	977	1326.000	23617.072
WYF00006.asd	978	1327.000	23634.621
WYF00006.asd	979	1328.000	23648.035
WYF00006.asd	980	1329.000	23661.387
WYF00006.asd	981	1330.000	23677.999
WYF00006.asd	982	1331.000	23687.178
WYF00006.asd	983	1332.000	23689.420
WYF00006.asd	984	1333.000	23693.698
WYF00006.asd	985	1334.000	23695.642
WYF00006.asd	986	1335.000	23692.576
WYF00006.asd	987	1336.000	23691.738
WYF00006.asd	988	1337.000	23694.490
WYF00006.asd	989	1338.000	23688.873
WYF00006.asd	990	1339.000	23684.051
WYF00006.asd	991	1340.000	23663.104
WYF00006.asd	992	1341.000	23635.417
WYF00006.asd	993	1342.000	23596.753
WYF00006.asd	994	1343.000	23548.539
WYF00006.asd	995	1344.000	23485.862
WYF00006.asd	996	1345.000	23415.947
WYF00006.asd	997	1346.000	23327.748
WYF00006.asd	998	1347.000	23225.973
WYF00006.asd	999	1348.000	23105.350
WYF00006.asd	1000	1349.000	22965.562
WYF00006.asd	1001	1350.000	22816.187
WYF00006.asd	1002	1351.000	22648.326
WYF00006.asd	1003	1352.000	22470.905
WYF00006.asd	1004	1353.000	22278.028
WYF00006.asd	1005	1354.000	22084.717
WYF00006.asd	1006	1355.000	21870.181
WYF00006.asd	1007	1356.000	21670.805
WYF00006.asd	1008	1357.000	21462.350
WYF00006.asd	1009	1358.000	21278.948
WYF00006.asd	1010	1359.000	21106.517
WYF00006.asd	1011	1360.000	20947.832
WYF00006.asd	1012	1361.000	20823.078
WYF00006.asd	1013	1362.000	20725.894
WYF00006.asd	1014	1363.000	20671.592
WYF00006.asd	1015	1364.000	20654.385
WYF00006.asd	1016	1365.000	20664.685
WYF00006.asd	1017	1366.000	20718.387
WYF00006.asd	1018	1367.000	20779.971
WYF00006.asd	1019	1368.000	20872.299
WYF00006.asd	1020	1369.000	20965.232
WYF00006.asd	1021	1370.000	21087.018
WYF00006.asd	1022	1371.000	21185.497
WYF00006.asd	1023	1372.000	21305.264
WYF00006.asd	1024	1373.000	21372.307
WYF00006.asd	1025	1374.000	21440.044
WYF00006.asd	1026	1375.000	21434.224
WYF00006.asd	1027	1376.000	21382.728
WYF00006.asd	1028	1377.000	21284.127
WYF00006.asd	1029	1378.000	21093.603
WYF00006.asd	1030	1379.000	20931.564
WYF00006.asd	1031	1380.000	20704.742
WYF00006.asd	1032	1381.000	20546.257
WYF00006.asd	1033	1382.000	20393.029
WYF00006.asd	1034	1383.000	20300.490
WYF00006.asd	1035	1384.000	20271.622
WYF00006.asd	1036	1385.000	20257.415
WYF00006.asd	1037	1386.000	20295.803
WYF00006.asd	1038	1387.000	20347.776
WYF00006.asd	1039	1388.000	20392.181
WYF00006.asd	1040	1389.000	20432.761
WYF00006.asd	1041	1390.000	20436.101
WYF00006.asd	1042	1391.000	20419.324
WYF00006.asd	1043	1392.000	20389.702
WYF00006.asd	1044	1393.000	20326.132
WYF00006.asd	1045	1394.000	20282.459
WYF00006.asd	1046	1395.000	20229.864
WYF00006.asd	1047	1396.000	20192.796
WYF00006.asd	1048	1397.000	20161.150
WYF00006.asd	1049	1398.000	20136.334
WYF00006.asd	1050	1399.000	20125.595
WYF00006.asd	1051	1400.000	20105.007
WYF00006.asd	1052	1401.000	20088.573
WYF00006.asd	1053	1402.000	20064.593
WYF00006.asd	1054	1403.000	20034.854
WYF00006.asd	1055	1404.000	20003.281
WYF00006.asd	1056	1405.000	19963.123
WYF00006.asd	1057	1406.000	19932.426
WYF00006.asd	1058	1407.000	19900.060
WYF00006.asd	1059	1408.000	19874.591
WYF00006.asd	1060	1409.000	19857.611
WYF00006.asd	1061	1410.000	19841.471
WYF00006.asd	1062	1411.000	19831.686
WYF00006.asd	1063	1412.000	19817.890
WYF00006.asd	1064	1413.000	19809.063
WYF00006.asd	1065	1414.000	19793.100
WYF00006.asd	1066	1415.000	19770.884
WYF00006.asd	1067	1416.000	19747.683
WYF00006.asd	1068	1417.000	19720.908
WYF00006.asd	1069	1418.000	19692.767
WYF00006.asd	1070	1419.000	19660.292
WYF00006.asd	1071	1420.000	19629.613
WYF00006.asd	1072	1421.000	19601.922
WYF00006.asd	1073	1422.000	19574.339
WYF00006.asd	1074	1423.000	19547.112
WYF00006.asd	1075	1424.000	19524.215
WYF00006.asd	1076	1425.000	19496.851
WYF00006.asd	1077	1426.000	19464.695
WYF00006.asd	1078	1427.000	19439.267
WYF00006.asd	1079	1428.000	19417.201
WYF00006.asd	1080	1429.000	19392.126
WYF00006.asd	1081	1430.000	19369.329
WYF00006.asd	1082	1431.000	19344.336
WYF00006.asd	1083	1432.000	19311.239
WYF00006.asd	1084	1433.000	19291.145
WYF00006.asd	1085	1434.000	19277.889
WYF00006.asd	1086	1435.000	19263.528
WYF00006.asd	1087	1436.000	19256.504
WYF00006.asd	1088	1437.000	19246.249
WYF00006.asd	1089	1438.000	19233.193
WYF00006.asd	1090	1439.000	19222.983
WYF00006.asd	1091	1440.000	19214.981
WYF00006.asd	1092	1441.000	19207.010
WYF00006.asd	1093	1442.000	19196.724
WYF00006.asd	1094	1443.000	19192.260
WYF00006.asd	1095	1444.000	19192.160
WYF00006.asd	1096	1445.000	19191.730
WYF00006.asd	1097	1446.000	19193.244
WYF00006.asd	1098	1447.000	19197.803
WYF00006.asd	1099	1448.000	19203.887
WYF00006.asd	1100	1449.000	19210.826
WYF00006.asd	1101	1450.000	19223.168
WYF00006.asd	1102	1451.000	19233.169
WYF00006.asd	1103	1452.000	19241.289
WYF00006.asd	1104	1453.000	19250.142
WYF00006.asd	1105	1454.000	19259.079
WYF00006.asd	1106	1455.000	19269.144
WYF00006.asd	1107	1456.000	19278.048
WYF00006.asd	1108	1457.000	19284.556
WYF00006.asd	1109	1458.000	19282.474
WYF00006.asd	1110	1459.000	19275.122
WYF00006.asd	1111	1460.000	19264.755
WYF00006.asd	1112	1461.000	19246.767
WYF00006.asd	1113	1462.000	19230.749
WYF00006.asd	1114	1463.000	19213.307
WYF00006.asd	1115	1464.000	19195.315
WYF00006.asd	1116	1465.000	19175.698
WYF00006.asd	1117	1466.000	19154.954
WYF00006.asd	1118	1467.000	19129.379
WYF00006.asd	1119	1468.000	19113.506
WYF00006.asd	1120	1469.000	19099.099
WYF00006.asd	1121	1470.000	19089.277
WYF00006.asd	1122	1471.000	19088.413
WYF00006.asd	1123	1472.000	19084.530
WYF00006.asd	1124	1473.000	19079.887
WYF00006.asd	1125	1474.000	19078.435
WYF00006.asd	1126	1475.000	19082.225
WYF00006.asd	1127	1476.000	19080.742
WYF00006.asd	1128	1477.000	19075.570
WYF00006.asd	1129	1478.000	19076.347
WYF00006.asd	1130	1479.000	19077.949
WYF00006.asd	1131	1480.000	19079.486
WYF00006.asd	1132	1481.000	19086.407
WYF00006.asd	1133	1482.000	19090.456
WYF00006.asd	1134	1483.000	19091.881
WYF00006.asd	1135	1484.000	19092.886
WYF00006.asd	1136	1485.000	19094.569
WYF00006.asd	1137	1486.000	19095.376
WYF00006.asd	1138	1487.000	19093.425
WYF00006.asd	1139	1488.000	19092.771
WYF00006.asd	1140	1489.000	19092.966
WYF00006.asd	1141	1490.000	19093.017
WYF00006.asd	1142	1491.000	19093.620
WYF00006.asd	1143	1492.000	19093.049
WYF00006.asd	1144	1493.000	19091.669
WYF00006.asd	1145	1494.000	19090.840
WYF00006.asd	1146	1495.000	19088.477
WYF00006.asd	1147	1496.000	19087.612
WYF00006.asd	1148	1497.000	19090.512
WYF00006.asd	1149	1498.000	19089.824
WYF00006.asd	1150	1499.000	19086.668
WYF00006.asd	1151	1500.000	19085.332
WYF00006.asd	1152	1501.000	19081.441
WYF00006.asd	1153	1502.000	19073.677
WYF00006.asd	1154	1503.000	19069.950
WYF00006.asd	1155	1504.000	19068.460
WYF00006.asd	1156	1505.000	19066.926
WYF00006.asd	1157	1506.000	19066.650
WYF00006.asd	1158	1507.000	19067.389
WYF00006.asd	1159	1508.000	19069.657
WYF00006.asd	1160	1509.000	19069.757
WYF00006.asd	1161	1510.000	19070.081
WYF00006.asd	1162	1511.000	19070.479
WYF00006.asd	1163	1512.000	19069.209
WYF00006.asd	1164	1513.000	19068.926
WYF00006.asd	1165	1514.000	19071.417
WYF00006.asd	1166	1515.000	19069.246
WYF00006.asd	1167	1516.000	19063.596
WYF00006.asd	1168	1517.000	19060.793
WYF00006.asd	1169	1518.000	19055.611
WYF00006.asd	1170	1519.000	19054.862
WYF00006.asd	1171	1520.000	19059.769
WYF00006.asd	1172	1521.000	19059.171
WYF00006.asd	1173	1522.000	19059.030
WYF00006.asd	1174	1523.000	19055.461
WYF00006.asd	1175	1524.000	19044.773
WYF00006.asd	1176	1525.000	19041.162
WYF00006.asd	1177	1526.000	19039.760
WYF00006.asd	1178	1527.000	19037.806
WYF00006.asd	1179	1528.000	19043.706
WYF00006.asd	1180	1529.000	19038.057
WYF00006.asd	1181	1530.000	19024.810
WYF00006.asd	1182	1531.000	19014.056
WYF00006.asd	1183	1532.000	18996.418
WYF00006.asd	1184	1533.000	18984.455
WYF00006.asd	1185	1534.000	18977.018
WYF00006.asd	1186	1535.000	18967.201
WYF00006.asd	1187	1536.000	18959.314
WYF00006.asd	1188	1537.000	18947.952
WYF00006.asd	1189	1538.000	18933.484
WYF00006.asd	1190	1539.000	18920.859
WYF00006.asd	1191	1540.000	18907.162
WYF00006.asd	1192	1541.000	18893.347
WYF00006.asd	1193	1542.000	18879.869
WYF00006.asd	1194	1543.000	18867.180
WYF00006.asd	1195	1544.000	18855.414
WYF00006.asd	1196	1545.000	18841.554
WYF00006.asd	1197	1546.000	18827.870
WYF00006.asd	1198	1547.000	18813.560
WYF00006.asd	1199	1548.000	18795.461
WYF00006.asd	1200	1549.000	18780.115
WYF00006.asd	1201	1550.000	18765.647
WYF00006.asd	1202	1551.000	18753.032
WYF00006.asd	1203	1552.000	18745.793
WYF00006.asd	1204	1553.000	18732.732
WYF00006.asd	1205	1554.000	18717.823
WYF00006.asd	1206	1555.000	18702.579
WYF00006.asd	1207	1556.000	18682.928
WYF00006.asd	1208	1557.000	18664.203
WYF00006.asd	1209	1558.000	18645.591
WYF00006.asd	1210	1559.000	18627.429
WYF00006.asd	1211	1560.000	18610.594
WYF00006.asd	1212	1561.000	18591.055
WYF00006.asd	1213	1562.000	18570.024
WYF00006.asd	1214	1563.000	18551.307
WYF00006.asd	1215	1564.000	18527.929
WYF00006.asd	1216	1565.000	18501.070
WYF00006.asd	1217	1566.000	18476.712
WYF00006.asd	1218	1567.000	18457.544
WYF00006.asd	1219	1568.000	18440.073
WYF00006.asd	1220	1569.000	18420.343
WYF00006.asd	1221	1570.000	18400.899
WYF00006.asd	1222	1571.000	18377.774
WYF00006.asd	1223	1572.000	18355.978
WYF00006.asd	1224	1573.000	18334.254
WYF00006.asd	1225	1574.000	18307.885
WYF00006.asd	1226	1575.000	18284.097
WYF00006.asd	1227	1576.000	18257.069
WYF00006.asd	1228	1577.000	18229.573
WYF00006.asd	1229	1578.000	18202.895
WYF00006.asd	1230	1579.000	18172.885
WYF00006.asd	1231	1580.000	18144.908
WYF00006.asd	1232	1581.000	18120.822
WYF00006.asd	1233	1582.000	18101.201
WYF00006.asd	1234	1583.000	18082.877
WYF00006.asd	1235	1584.000	18061.875
WYF00006.asd	1236	1585.000	18037.453
WYF00006.asd	1237	1586.000	18012.793
WYF00006.asd	1238	1587.000	17984.607
WYF00006.asd	1239	1588.000	17959.853
WYF00006.asd	1240	1589.000	17936.457
WYF00006.asd	1241	1590.000	17910.641
WYF00006.asd	1242	1591.000	17883.940
WYF00006.asd	1243	1592.000	17859.801
WYF00006.asd	1244	1593.000	17835.171
WYF00006.asd	1245	1594.000	17811.600
WYF00006.asd	1246	1595.000	17792.371
WYF00006.asd	1247	1596.000	17766.164
WYF00006.asd	1248	1597.000	17736.464
WYF00006.asd	1249	1598.000	17708.580
WYF00006.asd	1250	1599.000	17676.604
WYF00006.asd	1251	1600.000	17651.260
WYF00006.asd	1252	1601.000	17631.300
WYF00006.asd	1253	1602.000	17604.389
WYF00006.asd	1254	1603.000	17577.889
WYF00006.asd	1255	1604.000	17548.731
WYF00006.asd	1256	1605.000	17514.083
WYF00006.asd	1257	1606.000	17483.362
WYF00006.asd	1258	1607.000	17454.316
WYF00006.asd	1259	1608.000	17423.206
WYF00006.asd	1260	1609.000	17391.830
WYF00006.asd	1261	1610.000	17358.542
WYF00006.asd	1262	1611.000	17325.930
WYF00006.asd	1263	1612.000	17289.382
WYF00006.asd	1264	1613.000	17249.537
WYF00006.asd	1265	1614.000	17209.104
WYF00006.asd	1266	1615.000	17166.932
WYF00006.asd	1267	1616.000	17121.442
WYF00006.asd	1268	1617.000	17074.229
WYF00006.asd	1269	1618.000	17024.846
WYF00006.asd	1270	1619.000	16969.137
WYF00006.asd	1271	1620.000	16919.644
WYF00006.asd	1272	1621.000	16873.712
WYF00006.asd	1273	1622.000	16823.365
WYF00006.asd	1274	1623.000	16774.311
WYF00006.asd	1275	1624.000	16723.297
WYF00006.asd	1276	1625.000	16667.136
WYF00006.asd	1277	1626.000	16614.501
WYF00006.asd	1278	1627.000	16563.951
WYF00006.asd	1279	1628.000	16510.906
WYF00006.asd	1280	1629.000	16457.753
WYF00006.asd	1281	1630.000	16401.603
WYF00006.asd	1282	1631.000	16344.351
WYF00006.asd	1283	1632.000	16285.886
WYF00006.asd	1284	1633.000	16224.411
WYF00006.asd	1285	1634.000	16164.813
WYF00006.asd	1286	1635.000	16104.230
WYF00006.asd	1287	1636.000	16045.307
WYF00006.asd	1288	1637.000	15987.809
WYF00006.asd	1289	1638.000	15929.410
WYF00006.asd	1290	1639.000	15873.734
WYF00006.asd	1291	1640.000	15810.949
WYF00006.asd	1292	1641.000	15746.863
WYF00006.asd	1293	1642.000	15677.707
WYF00006.asd	1294	1643.000	15601.912
WYF00006.asd	1295	1644.000	15526.548
WYF00006.asd	1296	1645.000	15447.792
WYF00006.asd	1297	1646.000	15368.395
WYF00006.asd	1298	1647.000	15287.227
WYF00006.asd	1299	1648.000	15207.698
WYF00006.asd	1300	1649.000	15129.759
WYF00006.asd	1301	1650.000	15046.393
WYF00006.asd	1302	1651.000	14961.066
WYF00006.asd	1303	1652.000	14875.242
WYF00006.asd	1304	1653.000	14784.669
WYF00006.asd	1305	1654.000	14694.989
WYF00006.asd	1306	1655.000	14606.653
WYF00006.asd	1307	1656.000	14516.258
WYF00006.asd	1308	1657.000	14422.285
WYF00006.asd	1309	1658.000	14336.011
WYF00006.asd	1310	1659.000	14253.644
WYF00006.asd	1311	1660.000	14168.310
WYF00006.asd	1312	1661.000	14083.273
WYF00006.asd	1313	1662.000	13997.569
WYF00006.asd	1314	1663.000	13911.371
WYF00006.asd	1315	1664.000	13827.301
WYF00006.asd	1316	1665.000	13755.081
WYF00006.asd	1317	1666.000	13677.958
WYF00006.asd	1318	1667.000	13599.869
WYF00006.asd	1319	1668.000	13528.567
WYF00006.asd	1320	1669.000	13454.548
WYF00006.asd	1321	1670.000	13384.918
WYF00006.asd	1322	1671.000	13321.361
WYF00006.asd	1323	1672.000	13257.857
WYF00006.asd	1324	1673.000	13198.232
WYF00006.asd	1325	1674.000	13138.608
WYF00006.asd	1326	1675.000	13080.965
WYF00006.asd	1327	1676.000	13030.991
WYF00006.asd	1328	1677.000	12978.696
WYF00006.asd	1329	1678.000	12924.425
WYF00006.asd	1330	1679.000	12872.400
WYF00006.asd	1331	1680.000	12817.943
WYF00006.asd	1332	1681.000	12760.756
WYF00006.asd	1333	1682.000	12705.095
WYF00006.asd	1334	1683.000	12648.745
WYF00006.asd	1335	1684.000	12590.193
WYF00006.asd	1336	1685.000	12527.777
WYF00006.asd	1337	1686.000	12464.782
WYF00006.asd	1338	1687.000	12407.597
WYF00006.asd	1339	1688.000	12348.900
WYF00006.asd	1340	1689.000	12293.993
WYF00006.asd	1341	1690.000	12241.873
WYF00006.asd	1342	1691.000	12186.172
WYF00006.asd	1343	1692.000	12127.149
WYF00006.asd	1344	1693.000	12064.926
WYF00006.asd	1345	1694.000	12005.414
WYF00006.asd	1346	1695.000	11943.254
WYF00006.asd	1347	1696.000	11884.620
WYF00006.asd	1348	1697.000	11828.443
WYF00006.asd	1349	1698.000	11763.106
WYF00006.asd	1350	1699.000	11703.125
WYF00006.asd	1351	1700.000	11646.009
WYF00006.asd	1352	1701.000	11584.140
WYF00006.asd	1353	1702.000	11529.219
WYF00006.asd	1354	1703.000	11474.172
WYF00006.asd	1355	1704.000	11417.203
WYF00006.asd	1356	1705.000	11366.354
WYF00006.asd	1357	1706.000	11312.098
WYF00006.asd	1358	1707.000	11255.473
WYF00006.asd	1359	1708.000	11198.238
WYF00006.asd	1360	1709.000	11131.629
WYF00006.asd	1361	1710.000	11068.451
WYF00006.asd	1362	1711.000	11010.675
WYF00006.asd	1363	1712.000	10951.165
WYF00006.asd	1364	1713.000	10896.832
WYF00006.asd	1365	1714.000	10838.403
WYF00006.asd	1366	1715.000	10777.134
WYF00006.asd	1367	1716.000	10717.845
WYF00006.asd	1368	1717.000	10657.303
WYF00006.asd	1369	1718.000	10600.903
WYF00006.asd	1370	1719.000	10543.835
WYF00006.asd	1371	1720.000	10485.658
WYF00006.asd	1372	1721.000	10431.717
WYF00006.asd	1373	1722.000	10379.621
WYF00006.asd	1374	1723.000	10330.150
WYF00006.asd	1375	1724.000	10283.475
WYF00006.asd	1376	1725.000	10236.360
WYF00006.asd	1377	1726.000	10191.800
WYF00006.asd	1378	1727.000	10149.506
WYF00006.asd	1379	1728.000	10109.182
WYF00006.asd	1380	1729.000	10070.420
WYF00006.asd	1381	1730.000	10030.207
WYF00006.asd	1382	1731.000	9994.006
WYF00006.asd	1383	1732.000	9962.661
WYF00006.asd	1384	1733.000	9927.833
WYF00006.asd	1385	1734.000	9895.396
WYF00006.asd	1386	1735.000	9863.864
WYF00006.asd	1387	1736.000	9829.812
WYF00006.asd	1388	1737.000	9799.650
WYF00006.asd	1389	1738.000	9772.461
WYF00006.asd	1390	1739.000	9747.264
WYF00006.asd	1391	1740.000	9717.203
WYF00006.asd	1392	1741.000	9679.130
WYF00006.asd	1393	1742.000	9642.242
WYF00006.asd	1394	1743.000	9603.122
WYF00006.asd	1395	1744.000	9563.183
WYF00006.asd	1396	1745.000	9522.629
WYF00006.asd	1397	1746.000	9483.255
WYF00006.asd	1398	1747.000	9441.290
WYF00006.asd	1399	1748.000	9392.957
WYF00006.asd	1400	1749.000	9347.501
WYF00006.asd	1401	1750.000	9300.295
WYF00006.asd	1402	1751.000	9251.975
WYF00006.asd	1403	1752.000	9207.629
WYF00006.asd	1404	1753.000	9158.943
WYF00006.asd	1405	1754.000	9114.349
WYF00006.asd	1406	1755.000	9072.803
WYF00006.asd	1407	1756.000	9024.085
WYF00006.asd	1408	1757.000	8979.776
WYF00006.asd	1409	1758.000	8935.989
WYF00006.asd	1410	1759.000	8887.389
WYF00006.asd	1411	1760.000	8843.519
WYF00006.asd	1412	1761.000	8797.521
WYF00006.asd	1413	1762.000	8750.429
WYF00006.asd	1414	1763.000	8711.506
WYF00006.asd	1415	1764.000	8670.512
WYF00006.asd	1416	1765.000	8627.888
WYF00006.asd	1417	1766.000	8588.934
WYF00006.asd	1418	1767.000	8544.711
WYF00006.asd	1419	1768.000	8503.466
WYF00006.asd	1420	1769.000	8470.944
WYF00006.asd	1421	1770.000	8434.892
WYF00006.asd	1422	1771.000	8399.500
WYF00006.asd	1423	1772.000	8362.491
WYF00006.asd	1424	1773.000	8322.858
WYF00006.asd	1425	1774.000	8286.747
WYF00006.asd	1426	1775.000	8243.975
WYF00006.asd	1427	1776.000	8195.116
WYF00006.asd	1428	1777.000	8146.957
WYF00006.asd	1429	1778.000	8098.699
WYF00006.asd	1430	1779.000	8049.742
WYF00006.asd	1431	1780.000	8003.691
WYF00006.asd	1432	1781.000	7953.302
WYF00006.asd	1433	1782.000	7903.723
WYF00006.asd	1434	1783.000	7855.238
WYF00006.asd	1435	1784.000	7803.204
WYF00006.asd	1436	1785.000	7745.015
WYF00006.asd	1437	1786.000	7684.982
WYF00006.asd	1438	1787.000	7619.605
WYF00006.asd	1439	1788.000	7551.552
WYF00006.asd	1440	1789.000	7487.656
WYF00006.asd	1441	1790.000	7418.402
WYF00006.asd	1442	1791.000	7343.463
WYF00006.asd	1443	1792.000	7261.846
WYF00006.asd	1444	1793.000	7174.029
WYF00006.asd	1445	1794.000	7081.928
WYF00006.asd	1446	1795.000	6981.210
WYF00006.asd	1447	1796.000	6874.383
WYF00006.asd	1448	1797.000	6759.529
WYF00006.asd	1449	1798.000	6636.519
WYF00006.asd	1450	1799.000	6512.337
WYF00006.asd	1451	1800.000	6383.374
WYF00006.asd	1452	1801.000	14391.435
WYF00006.asd	1453	1802.000	14532.901
WYF00006.asd	1454	1803.000	14679.086
WYF00006.asd	1455	1804.000	14825.309
WYF00006.asd	1456	1805.000	14975.998
WYF00006.asd	1457	1806.000	15108.680
WYF00006.asd	1458	1807.000	15241.456
WYF00006.asd	1459	1808.000	15386.941
WYF00006.asd	1460	1809.000	15500.155
WYF00006.asd	1461	1810.000	15593.832
WYF00006.asd	1462	1811.000	15682.812
WYF00006.asd	1463	1812.000	15756.948
WYF00006.asd	1464	1813.000	15823.221
WYF00006.asd	1465	1814.000	15877.545
WYF00006.asd	1466	1815.000	15928.237
WYF00006.asd	1467	1816.000	15972.558
WYF00006.asd	1468	1817.000	16005.813
WYF00006.asd	1469	1818.000	16033.765
WYF00006.asd	1470	1819.000	16041.095
WYF00006.asd	1471	1820.000	16075.707
WYF00006.asd	1472	1821.000	16108.209
WYF00006.asd	1473	1822.000	16154.195
WYF00006.asd	1474	1823.000	16227.731
WYF00006.asd	1475	1824.000	16291.050
WYF00006.asd	1476	1825.000	16354.054
WYF00006.asd	1477	1826.000	16424.694
WYF00006.asd	1478	1827.000	16475.447
WYF00006.asd	1479	1828.000	16532.266
WYF00006.asd	1480	1829.000	16556.607
WYF00006.asd	1481	1830.000	16553.400
WYF00006.asd	1482	1831.000	16551.354
WYF00006.asd	1483	1832.000	16525.387
WYF00006.asd	1484	1833.000	16509.153
WYF00006.asd	1485	1834.000	16479.449
WYF00006.asd	1486	1835.000	16468.445
WYF00006.asd	1487	1836.000	16465.232
WYF00006.asd	1488	1837.000	16460.620
WYF00006.asd	1489	1838.000	16480.207
WYF00006.asd	1490	1839.000	16503.970
WYF00006.asd	1491	1840.000	16566.515
WYF00006.asd	1492	1841.000	16660.100
WYF00006.asd	1493	1842.000	16758.353
WYF00006.asd	1494	1843.000	16912.775
WYF00006.asd	1495	1844.000	17028.711
WYF00006.asd	1496	1845.000	17137.292
WYF00006.asd	1497	1846.000	17233.179
WYF00006.asd	1498	1847.000	17333.474
WYF00006.asd	1499	1848.000	17418.185
WYF00006.asd	1500	1849.000	17513.730
WYF00006.asd	1501	1850.000	17620.635
WYF00006.asd	1502	1851.000	17715.532
WYF00006.asd	1503	1852.000	17808.642
WYF00006.asd	1504	1853.000	17893.241
WYF00006.asd	1505	1854.000	17971.311
WYF00006.asd	1506	1855.000	18045.686
WYF00006.asd	1507	1856.000	18114.756
WYF00006.asd	1508	1857.000	18169.560
WYF00006.asd	1509	1858.000	18242.304
WYF00006.asd	1510	1859.000	18326.379
WYF00006.asd	1511	1860.000	18391.645
WYF00006.asd	1512	1861.000	18498.225
WYF00006.asd	1513	1862.000	18519.820
WYF00006.asd	1514	1863.000	18519.006
WYF00006.asd	1515	1864.000	18460.873
WYF00006.asd	1516	1865.000	18338.205
WYF00006.asd	1517	1866.000	18184.731
WYF00006.asd	1518	1867.000	17992.000
WYF00006.asd	1519	1868.000	17725.098
WYF00006.asd	1520	1869.000	17511.715
WYF00006.asd	1521	1870.000	17222.058
WYF00006.asd	1522	1871.000	17066.861
WYF00006.asd	1523	1872.000	16931.037
WYF00006.asd	1524	1873.000	16904.858
WYF00006.asd	1525	1874.000	16993.953
WYF00006.asd	1526	1875.000	17104.629
WYF00006.asd	1527	1876.000	17311.236
WYF00006.asd	1528	1877.000	17543.170
WYF00006.asd	1529	1878.000	17740.455
WYF00006.asd	1530	1879.000	17994.948
WYF00006.asd	1531	1880.000	18134.540
WYF00006.asd	1532	1881.000	18255.673
WYF00006.asd	1533	1882.000	18290.374
WYF00006.asd	1534	1883.000	18231.729
WYF00006.asd	1535	1884.000	18159.203
WYF00006.asd	1536	1885.000	18010.340
WYF00006.asd	1537	1886.000	17865.356
WYF00006.asd	1538	1887.000	17694.931
WYF00006.asd	1539	1888.000	17512.599
WYF00006.asd	1540	1889.000	17312.738
WYF00006.asd	1541	1890.000	17090.357
WYF00006.asd	1542	1891.000	16870.666
WYF00006.asd	1543	1892.000	16637.504
WYF00006.asd	1544	1893.000	16395.052
WYF00006.asd	1545	1894.000	16162.008
WYF00006.asd	1546	1895.000	15896.634
WYF00006.asd	1547	1896.000	15611.062
WYF00006.asd	1548	1897.000	15309.846
WYF00006.asd	1549	1898.000	14976.488
WYF00006.asd	1550	1899.000	14621.907
WYF00006.asd	1551	1900.000	14316.206
WYF00006.asd	1552	1901.000	13995.186
WYF00006.asd	1553	1902.000	13732.459
WYF00006.asd	1554	1903.000	13512.366
WYF00006.asd	1555	1904.000	13317.138
WYF00006.asd	1556	1905.000	13149.413
WYF00006.asd	1557	1906.000	13009.326
WYF00006.asd	1558	1907.000	12915.810
WYF00006.asd	1559	1908.000	12830.533
WYF00006.asd	1560	1909.000	12745.518
WYF00006.asd	1561	1910.000	12672.175
WYF00006.asd	1562	1911.000	12592.319
WYF00006.asd	1563	1912.000	12509.282
WYF00006.asd	1564	1913.000	12428.666
WYF00006.asd	1565	1914.000	12352.080
WYF00006.asd	1566	1915.000	12275.276
WYF00006.asd	1567	1916.000	12183.471
WYF00006.asd	1568	1917.000	12118.062
WYF00006.asd	1569	1918.000	12067.374
WYF00006.asd	1570	1919.000	12017.283
WYF00006.asd	1571	1920.000	11987.278
WYF00006.asd	1572	1921.000	11967.985
WYF00006.asd	1573	1922.000	11951.282
WYF00006.asd	1574	1923.000	11935.208
WYF00006.asd	1575	1924.000	11941.947
WYF00006.asd	1576	1925.000	11960.586
WYF00006.asd	1577	1926.000	11987.596
WYF00006.asd	1578	1927.000	12044.487
WYF00006.asd	1579	1928.000	12083.620
WYF00006.asd	1580	1929.000	12119.938
WYF00006.asd	1581	1930.000	12161.636
WYF00006.asd	1582	1931.000	12193.639
WYF00006.asd	1583	1932.000	12227.077
WYF00006.asd	1584	1933.000	12270.257
WYF00006.asd	1585	1934.000	12310.607
WYF00006.asd	1586	1935.000	12345.987
WYF00006.asd	1587	1936.000	12380.109
WYF00006.asd	1588	1937.000	12412.804
WYF00006.asd	1589	1938.000	12421.399
WYF00006.asd	1590	1939.000	12468.119
WYF00006.asd	1591	1940.000	12534.976
WYF00006.asd	1592	1941.000	12600.204
WYF00006.asd	1593	1942.000	12690.581
WYF00006.asd	1594	1943.000	12789.504
WYF00006.asd	1595	1944.000	12869.850
WYF00006.asd	1596	1945.000	12945.890
WYF00006.asd	1597	1946.000	13012.604
WYF00006.asd	1598	1947.000	13063.147
WYF00006.asd	1599	1948.000	13125.661
WYF00006.asd	1600	1949.000	13183.862
WYF00006.asd	1601	1950.000	13249.375
WYF00006.asd	1602	1951.000	13334.192
WYF00006.asd	1603	1952.000	13396.902
WYF00006.asd	1604	1953.000	13448.303
WYF00006.asd	1605	1954.000	13496.784
WYF00006.asd	1606	1955.000	13555.197
WYF00006.asd	1607	1956.000	13607.792
WYF00006.asd	1608	1957.000	13665.100
WYF00006.asd	1609	1958.000	13718.629
WYF00006.asd	1610	1959.000	13774.759
WYF00006.asd	1611	1960.000	13822.625
WYF00006.asd	1612	1961.000	13878.445
WYF00006.asd	1613	1962.000	13944.230
WYF00006.asd	1614	1963.000	14007.940
WYF00006.asd	1615	1964.000	14079.171
WYF00006.asd	1616	1965.000	14124.225
WYF00006.asd	1617	1966.000	14181.140
WYF00006.asd	1618	1967.000	14256.596
WYF00006.asd	1619	1968.000	14312.833
WYF00006.asd	1620	1969.000	14364.581
WYF00006.asd	1621	1970.000	14410.389
WYF00006.asd	1622	1971.000	14436.904
WYF00006.asd	1623	1972.000	14481.889
WYF00006.asd	1624	1973.000	14533.986
WYF00006.asd	1625	1974.000	14583.261
WYF00006.asd	1626	1975.000	14650.450
WYF00006.asd	1627	1976.000	14696.350
WYF00006.asd	1628	1977.000	14726.428
WYF00006.asd	1629	1978.000	14752.395
WYF00006.asd	1630	1979.000	14792.694
WYF00006.asd	1631	1980.000	14828.937
WYF00006.asd	1632	1981.000	14867.481
WYF00006.asd	1633	1982.000	14922.456
WYF00006.asd	1634	1983.000	14969.540
WYF00006.asd	1635	1984.000	15010.689
WYF00006.asd	1636	1985.000	15051.765
WYF00006.asd	1637	1986.000	15095.941
WYF00006.asd	1638	1987.000	15135.864
WYF00006.asd	1639	1988.000	15169.954
WYF00006.asd	1640	1989.000	15208.951
WYF00006.asd	1641	1990.000	15242.945
WYF00006.asd	1642	1991.000	15273.793
WYF00006.asd	1643	1992.000	15301.420
WYF00006.asd	1644	1993.000	15326.360
WYF00006.asd	1645	1994.000	15347.887
WYF00006.asd	1646	1995.000	15372.432
WYF00006.asd	1647	1996.000	15393.967
WYF00006.asd	1648	1997.000	15407.747
WYF00006.asd	1649	1998.000	15430.682
WYF00006.asd	1650	1999.000	15460.372
WYF00006.asd	1651	2000.000	15482.456
WYF00006.asd	1652	2001.000	15511.309
WYF00006.asd	1653	2002.000	15524.684
WYF00006.asd	1654	2003.000	15523.431
WYF00006.asd	1655	2004.000	15528.274
WYF00006.asd	1656	2005.000	15523.389
WYF00006.asd	1657	2006.000	15529.735
WYF00006.asd	1658	2007.000	15547.432
WYF00006.asd	1659	2008.000	15550.938
WYF00006.asd	1660	2009.000	15557.807
WYF00006.asd	1661	2010.000	15566.156
WYF00006.asd	1662	2011.000	15572.437
WYF00006.asd	1663	2012.000	15582.195
WYF00006.asd	1664	2013.000	15583.873
WYF00006.asd	1665	2014.000	15583.521
WYF00006.asd	1666	2015.000	15575.060
WYF00006.asd	1667	2016.000	15558.803
WYF00006.asd	1668	2017.000	15544.926
WYF00006.asd	1669	2018.000	15532.454
WYF00006.asd	1670	2019.000	15520.188
WYF00006.asd	1671	2020.000	15521.335
WYF00006.asd	1672	2021.000	15507.905
WYF00006.asd	1673	2022.000	15497.172
WYF00006.asd	1674	2023.000	15486.382
WYF00006.asd	1675	2024.000	15461.950
WYF00006.asd	1676	2025.000	15420.156
WYF00006.asd	1677	2026.000	15392.742
WYF00006.asd	1678	2027.000	15364.346
WYF00006.asd	1679	2028.000	15331.359
WYF00006.asd	1680	2029.000	15309.941
WYF00006.asd	1681	2030.000	15281.135
WYF00006.asd	1682	2031.000	15246.242
WYF00006.asd	1683	2032.000	15213.281
WYF00006.asd	1684	2033.000	15179.672
WYF00006.asd	1685	2034.000	15138.062
WYF00006.asd	1686	2035.000	15084.641
WYF00006.asd	1687	2036.000	15041.057
WYF00006.asd	1688	2037.000	14999.399
WYF00006.asd	1689	2038.000	14956.234
WYF00006.asd	1690	2039.000	14915.354
WYF00006.asd	1691	2040.000	14882.945
WYF00006.asd	1692	2041.000	14843.248
WYF00006.asd	1693	2042.000	14799.656
WYF00006.asd	1694	2043.000	14757.376
WYF00006.asd	1695	2044.000	14716.591
WYF00006.asd	1696	2045.000	14668.703
WYF00006.asd	1697	2046.000	14612.191
WYF00006.asd	1698	2047.000	14556.302
WYF00006.asd	1699	2048.000	14509.532
WYF00006.asd	1700	2049.000	14469.588
WYF00006.asd	1701	2050.000	14415.259
WYF00006.asd	1702	2051.000	14378.679
WYF00006.asd	1703	2052.000	14337.754
WYF00006.asd	1704	2053.000	14281.875
WYF00006.asd	1705	2054.000	14239.963
WYF00006.asd	1706	2055.000	14215.667
WYF00006.asd	1707	2056.000	14174.658
WYF00006.asd	1708	2057.000	14133.856
WYF00006.asd	1709	2058.000	14101.252
WYF00006.asd	1710	2059.000	14047.280
WYF00006.asd	1711	2060.000	14006.130
WYF00006.asd	1712	2061.000	13977.450
WYF00006.asd	1713	2062.000	13950.515
WYF00006.asd	1714	2063.000	13922.338
WYF00006.asd	1715	2064.000	13891.796
WYF00006.asd	1716	2065.000	13855.351
WYF00006.asd	1717	2066.000	13817.338
WYF00006.asd	1718	2067.000	13787.216
WYF00006.asd	1719	2068.000	13771.592
WYF00006.asd	1720	2069.000	13741.644
WYF00006.asd	1721	2070.000	13705.124
WYF00006.asd	1722	2071.000	13678.155
WYF00006.asd	1723	2072.000	13646.955
WYF00006.asd	1724	2073.000	13627.041
WYF00006.asd	1725	2074.000	13610.691
WYF00006.asd	1726	2075.000	13577.648
WYF00006.asd	1727	2076.000	13542.027
WYF00006.asd	1728	2077.000	13496.903
WYF00006.asd	1729	2078.000	13463.501
WYF00006.asd	1730	2079.000	13447.607
WYF00006.asd	1731	2080.000	13433.749
WYF00006.asd	1732	2081.000	13433.773
WYF00006.asd	1733	2082.000	13425.719
WYF00006.asd	1734	2083.000	13421.202
WYF00006.asd	1735	2084.000	13402.548
WYF00006.asd	1736	2085.000	13378.247
WYF00006.asd	1737	2086.000	13344.801
WYF00006.asd	1738	2087.000	13301.017
WYF00006.asd	1739	2088.000	13273.753
WYF00006.asd	1740	2089.000	13245.199
WYF00006.asd	1741	2090.000	13222.981
WYF00006.asd	1742	2091.000	13213.014
WYF00006.asd	1743	2092.000	13188.822
WYF00006.asd	1744	2093.000	13163.988
WYF00006.asd	1745	2094.000	13136.154
WYF00006.asd	1746	2095.000	13095.741
WYF00006.asd	1747	2096.000	13070.567
WYF00006.asd	1748	2097.000	13054.053
WYF00006.asd	1749	2098.000	13034.865
WYF00006.asd	1750	2099.000	13010.888
WYF00006.asd	1751	2100.000	12986.481
WYF00006.asd	1752	2101.000	12959.249
WYF00006.asd	1753	2102.000	12923.704
WYF00006.asd	1754	2103.000	12892.416
WYF00006.asd	1755	2104.000	12871.534
WYF00006.asd	1756	2105.000	12854.794
WYF00006.asd	1757	2106.000	12832.994
WYF00006.asd	1758	2107.000	12809.145
WYF00006.asd	1759	2108.000	12788.408
WYF00006.asd	1760	2109.000	12772.013
WYF00006.asd	1761	2110.000	12747.489
WYF00006.asd	1762	2111.000	12723.065
WYF00006.asd	1763	2112.000	12692.740
WYF00006.asd	1764	2113.000	12661.289
WYF00006.asd	1765	2114.000	12637.229
WYF00006.asd	1766	2115.000	12621.265
WYF00006.asd	1767	2116.000	12598.252
WYF00006.asd	1768	2117.000	12582.918
WYF00006.asd	1769	2118.000	12553.976
WYF00006.asd	1770	2119.000	12511.620
WYF00006.asd	1771	2120.000	12480.380
WYF00006.asd	1772	2121.000	12448.513
WYF00006.asd	1773	2122.000	12410.787
WYF00006.asd	1774	2123.000	12385.308
WYF00006.asd	1775	2124.000	12361.932
WYF00006.asd	1776	2125.000	12344.257
WYF00006.asd	1777	2126.000	12322.507
WYF00006.asd	1778	2127.000	12301.506
WYF00006.asd	1779	2128.000	12276.200
WYF00006.asd	1780	2129.000	12233.331
WYF00006.asd	1781	2130.000	12196.751
WYF00006.asd	1782	2131.000	12165.653
WYF00006.asd	1783	2132.000	12144.004
WYF00006.asd	1784	2133.000	12119.930
WYF00006.asd	1785	2134.000	12101.013
WYF00006.asd	1786	2135.000	12080.635
WYF00006.asd	1787	2136.000	12059.158
WYF00006.asd	1788	2137.000	12037.171
WYF00006.asd	1789	2138.000	12019.773
WYF00006.asd	1790	2139.000	12003.332
WYF00006.asd	1791	2140.000	11979.427
WYF00006.asd	1792	2141.000	11946.259
WYF00006.asd	1793	2142.000	11913.415
WYF00006.asd	1794	2143.000	11885.978
WYF00006.asd	1795	2144.000	11861.937
WYF00006.asd	1796	2145.000	11854.848
WYF00006.asd	1797	2146.000	11849.469
WYF00006.asd	1798	2147.000	11828.685
WYF00006.asd	1799	2148.000	11811.606
WYF00006.asd	1800	2149.000	11775.287
WYF00006.asd	1801	2150.000	11746.317
WYF00006.asd	1802	2151.000	11716.562
WYF00006.asd	1803	2152.000	11693.536
WYF00006.asd	1804	2153.000	11673.301
WYF00006.asd	1805	2154.000	11656.614
WYF00006.asd	1806	2155.000	11640.832
WYF00006.asd	1807	2156.000	11626.800
WYF00006.asd	1808	2157.000	11627.507
WYF00006.asd	1809	2158.000	11634.024
WYF00006.asd	1810	2159.000	11622.447
WYF00006.asd	1811	2160.000	11593.461
WYF00006.asd	1812	2161.000	11553.603
WYF00006.asd	1813	2162.000	11505.467
WYF00006.asd	1814	2163.000	11475.577
WYF00006.asd	1815	2164.000	11468.164
WYF00006.asd	1816	2165.000	11465.067
WYF00006.asd	1817	2166.000	11444.655
WYF00006.asd	1818	2167.000	11423.939
WYF00006.asd	1819	2168.000	11399.341
WYF00006.asd	1820	2169.000	11368.482
WYF00006.asd	1821	2170.000	11360.181
WYF00006.asd	1822	2171.000	11347.196
WYF00006.asd	1823	2172.000	11344.283
WYF00006.asd	1824	2173.000	11321.670
WYF00006.asd	1825	2174.000	11288.457
WYF00006.asd	1826	2175.000	11259.140
WYF00006.asd	1827	2176.000	11219.489
WYF00006.asd	1828	2177.000	11187.293
WYF00006.asd	1829	2178.000	11167.259
WYF00006.asd	1830	2179.000	11144.544
WYF00006.asd	1831	2180.000	11126.146
WYF00006.asd	1832	2181.000	11109.813
WYF00006.asd	1833	2182.000	11078.222
WYF00006.asd	1834	2183.000	11044.624
WYF00006.asd	1835	2184.000	11008.815
WYF00006.asd	1836	2185.000	10980.838
WYF00006.asd	1837	2186.000	10954.303
WYF00006.asd	1838	2187.000	10913.140
WYF00006.asd	1839	2188.000	10878.740
WYF00006.asd	1840	2189.000	10828.007
WYF00006.asd	1841	2190.000	10773.944
WYF00006.asd	1842	2191.000	10741.262
WYF00006.asd	1843	2192.000	10703.086
WYF00006.asd	1844	2193.000	10660.584
WYF00006.asd	1845	2194.000	10620.763
WYF00006.asd	1846	2195.000	10589.597
WYF00006.asd	1847	2196.000	10546.680
WYF00006.asd	1848	2197.000	10495.938
WYF00006.asd	1849	2198.000	10449.424
WYF00006.asd	1850	2199.000	10399.586
WYF00006.asd	1851	2200.000	10349.654
WYF00006.asd	1852	2201.000	10311.216
WYF00006.asd	1853	2202.000	10269.017
WYF00006.asd	1854	2203.000	10229.058
WYF00006.asd	1855	2204.000	10190.272
WYF00006.asd	1856	2205.000	10145.360
WYF00006.asd	1857	2206.000	10116.414
WYF00006.asd	1858	2207.000	10082.797
WYF00006.asd	1859	2208.000	10040.637
WYF00006.asd	1860	2209.000	10027.291
WYF00006.asd	1861	2210.000	10009.020
WYF00006.asd	1862	2211.000	9980.983
WYF00006.asd	1863	2212.000	9975.485
WYF00006.asd	1864	2213.000	9946.880
WYF00006.asd	1865	2214.000	9903.061
WYF00006.asd	1866	2215.000	9873.848
WYF00006.asd	1867	2216.000	9849.133
WYF00006.asd	1868	2217.000	9824.556
WYF00006.asd	1869	2218.000	9810.772
WYF00006.asd	1870	2219.000	9789.701
WYF00006.asd	1871	2220.000	9768.630
WYF00006.asd	1872	2221.000	9740.845
WYF00006.asd	1873	2222.000	9708.940
WYF00006.asd	1874	2223.000	9671.429
WYF00006.asd	1875	2224.000	9635.237
WYF00006.asd	1876	2225.000	9598.979
WYF00006.asd	1877	2226.000	9553.440
WYF00006.asd	1878	2227.000	9510.742
WYF00006.asd	1879	2228.000	9461.817
WYF00006.asd	1880	2229.000	9409.876
WYF00006.asd	1881	2230.000	9366.451
WYF00006.asd	1882	2231.000	9316.462
WYF00006.asd	1883	2232.000	9263.712
WYF00006.asd	1884	2233.000	9209.720
WYF00006.asd	1885	2234.000	9143.533
WYF00006.asd	1886	2235.000	9080.162
WYF00006.asd	1887	2236.000	9019.030
WYF00006.asd	1888	2237.000	8958.680
WYF00006.asd	1889	2238.000	8914.045
WYF00006.asd	1890	2239.000	8856.807
WYF00006.asd	1891	2240.000	8779.107
WYF00006.asd	1892	2241.000	8708.882
WYF00006.asd	1893	2242.000	8645.668
WYF00006.asd	1894	2243.000	8581.520
WYF00006.asd	1895	2244.000	8518.431
WYF00006.asd	1896	2245.000	8466.392
WYF00006.asd	1897	2246.000	8403.262
WYF00006.asd	1898	2247.000	8331.481
WYF00006.asd	1899	2248.000	8267.670
WYF00006.asd	1900	2249.000	8208.973
WYF00006.asd	1901	2250.000	8148.250
WYF00006.asd	1902	2251.000	8091.244
WYF00006.asd	1903	2252.000	8016.880
WYF00006.asd	1904	2253.000	7948.906
WYF00006.asd	1905	2254.000	7891.574
WYF00006.asd	1906	2255.000	7841.738
WYF00006.asd	1907	2256.000	7792.740
WYF00006.asd	1908	2257.000	7728.016
WYF00006.asd	1909	2258.000	7662.898
WYF00006.asd	1910	2259.000	7597.559
WYF00006.asd	1911	2260.000	7524.123
WYF00006.asd	1912	2261.000	7473.507
WYF00006.asd	1913	2262.000	7430.541
WYF00006.asd	1914	2263.000	7380.862
WYF00006.asd	1915	2264.000	7341.260
WYF00006.asd	1916	2265.000	7297.849
WYF00006.asd	1917	2266.000	7260.708
WYF00006.asd	1918	2267.000	7216.039
WYF00006.asd	1919	2268.000	7158.299
WYF00006.asd	1920	2269.000	7108.051
WYF00006.asd	1921	2270.000	7055.636
WYF00006.asd	1922	2271.000	7005.361
WYF00006.asd	1923	2272.000	6964.747
WYF00006.asd	1924	2273.000	6914.158
WYF00006.asd	1925	2274.000	6854.817
WYF00006.asd	1926	2275.000	6801.795
WYF00006.asd	1927	2276.000	6741.716
WYF00006.asd	1928	2277.000	6700.362
WYF00006.asd	1929	2278.000	6673.164
WYF00006.asd	1930	2279.000	6642.450
WYF00006.asd	1931	2280.000	6619.953
WYF00006.asd	1932	2281.000	6597.381
WYF00006.asd	1933	2282.000	6579.762
WYF00006.asd	1934	2283.000	6550.581
WYF00006.asd	1935	2284.000	6521.342
WYF00006.asd	1936	2285.000	6485.313
WYF00006.asd	1937	2286.000	6436.095
WYF00006.asd	1938	2287.000	6380.040
WYF00006.asd	1939	2288.000	6330.822
WYF00006.asd	1940	2289.000	6288.286
WYF00006.asd	1941	2290.000	6246.945
WYF00006.asd	1942	2291.000	6212.221
WYF00006.asd	1943	2292.000	6180.850
WYF00006.asd	1944	2293.000	6142.778
WYF00006.asd	1945	2294.000	6098.486
WYF00006.asd	1946	2295.000	6053.094
WYF00006.asd	1947	2296.000	6002.916
WYF00006.asd	1948	2297.000	5956.940
WYF00006.asd	1949	2298.000	5915.107
WYF00006.asd	1950	2299.000	5862.197
WYF00006.asd	1951	2300.000	5817.040
WYF00006.asd	1952	2301.000	5770.665
WYF00006.asd	1953	2302.000	5710.272
WYF00006.asd	1954	2303.000	5670.446
WYF00006.asd	1955	2304.000	5623.590
WYF00006.asd	1956	2305.000	5565.582
WYF00006.asd	1957	2306.000	5524.165
WYF00006.asd	1958	2307.000	5482.675
WYF00006.asd	1959	2308.000	5445.505
WYF00006.asd	1960	2309.000	5409.114
WYF00006.asd	1961	2310.000	5381.406
WYF00006.asd	1962	2311.000	5368.022
WYF00006.asd	1963	2312.000	5336.277
WYF00006.asd	1964	2313.000	5303.709
WYF00006.asd	1965	2314.000	5270.461
WYF00006.asd	1966	2315.000	5221.242
WYF00006.asd	1967	2316.000	5187.220
WYF00006.asd	1968	2317.000	5160.250
WYF00006.asd	1969	2318.000	5134.671
WYF00006.asd	1970	2319.000	5119.374
WYF00006.asd	1971	2320.000	5090.673
WYF00006.asd	1972	2321.000	5059.811
WYF00006.asd	1973	2322.000	5028.348
WYF00006.asd	1974	2323.000	4988.636
WYF00006.asd	1975	2324.000	4952.940
WYF00006.asd	1976	2325.000	4922.180
WYF00006.asd	1977	2326.000	4885.025
WYF00006.asd	1978	2327.000	4838.214
WYF00006.asd	1979	2328.000	4797.560
WYF00006.asd	1980	2329.000	4760.993
WYF00006.asd	1981	2330.000	4722.424
WYF00006.asd	1982	2331.000	4686.217
WYF00006.asd	1983	2332.000	4649.333
WYF00006.asd	1984	2333.000	4616.033
WYF00006.asd	1985	2334.000	4569.808
WYF00006.asd	1986	2335.000	4511.193
WYF00006.asd	1987	2336.000	4462.989
WYF00006.asd	1988	2337.000	4417.583
WYF00006.asd	1989	2338.000	4376.745
WYF00006.asd	1990	2339.000	4359.035
WYF00006.asd	1991	2340.000	4333.709
WYF00006.asd	1992	2341.000	4294.536
WYF00006.asd	1993	2342.000	4253.681
WYF00006.asd	1994	2343.000	4206.754
WYF00006.asd	1995	2344.000	4165.278
WYF00006.asd	1996	2345.000	4133.950
WYF00006.asd	1997	2346.000	4099.636
WYF00006.asd	1998	2347.000	4056.402
WYF00006.asd	1999	2348.000	4018.207
WYF00006.asd	2000	2349.000	3982.077
WYF00006.asd	2001	2350.000	3944.305
WYF00006.asd	2002	2351.000	3916.181
WYF00006.asd	2003	2352.000	3885.127
WYF00006.asd	2004	2353.000	3851.460
WYF00006.asd	2005	2354.000	3822.125
WYF00006.asd	2006	2355.000	3793.556
WYF00006.asd	2007	2356.000	3766.652
WYF00006.asd	2008	2357.000	3737.434
WYF00006.asd	2009	2358.000	3695.078
WYF00006.asd	2010	2359.000	3652.725
WYF00006.asd	2011	2360.000	3626.384
WYF00006.asd	2012	2361.000	3596.364
WYF00006.asd	2013	2362.000	3569.617
WYF00006.asd	2014	2363.000	3550.339
WYF00006.asd	2015	2364.000	3526.514
WYF00006.asd	2016	2365.000	3502.812
WYF00006.asd	2017	2366.000	3476.430
WYF00006.asd	2018	2367.000	3448.518
WYF00006.asd	2019	2368.000	3406.338
WYF00006.asd	2020	2369.000	3359.139
WYF00006.asd	2021	2370.000	3333.438
WYF00006.asd	2022	2371.000	3309.822
WYF00006.asd	2023	2372.000	3297.948
WYF00006.asd	2024	2373.000	3266.938
WYF00006.asd	2025	2374.000	3235.668
WYF00006.asd	2026	2375.000	3199.688
WYF00006.asd	2027	2376.000	3145.792
WYF00006.asd	2028	2377.000	3111.594
WYF00006.asd	2029	2378.000	3088.839
WYF00006.asd	2030	2379.000	3060.983
WYF00006.asd	2031	2380.000	3031.107
WYF00006.asd	2032	2381.000	3008.522
WYF00006.asd	2033	2382.000	2997.599
WYF00006.asd	2034	2383.000	2967.106
WYF00006.asd	2035	2384.000	2928.637
WYF00006.asd	2036	2385.000	2900.375
WYF00006.asd	2037	2386.000	2864.261
WYF00006.asd	2038	2387.000	2833.916
WYF00006.asd	2039	2388.000	2823.847
WYF00006.asd	2040	2389.000	2787.609
WYF00006.asd	2041	2390.000	2724.576
WYF00006.asd	2042	2391.000	2691.210
WYF00006.asd	2043	2392.000	2659.711
WYF00006.asd	2044	2393.000	2636.798
WYF00006.asd	2045	2394.000	2643.023
WYF00006.asd	2046	2395.000	2619.924
WYF00006.asd	2047	2396.000	2581.666
WYF00006.asd	2048	2397.000	2550.891
WYF00006.asd	2049	2398.000	2511.452
WYF00006.asd	2050	2399.000	2480.787
WYF00006.asd	2051	2400.000	2461.554
WYF00006.asd	2052	2401.000	2426.975
WYF00006.asd	2053	2402.000	2383.341
WYF00006.asd	2054	2403.000	2348.292
WYF00006.asd	2055	2404.000	2306.507
WYF00006.asd	2056	2405.000	2279.419
WYF00006.asd	2057	2406.000	2266.271
WYF00006.asd	2058	2407.000	2246.683
WYF00006.asd	2059	2408.000	2232.355
WYF00006.asd	2060	2409.000	2209.516
WYF00006.asd	2061	2410.000	2180.163
WYF00006.asd	2062	2411.000	2156.751
WYF00006.asd	2063	2412.000	2133.372
WYF00006.asd	2064	2413.000	2105.162
WYF00006.asd	2065	2414.000	2076.514
WYF00006.asd	2066	2415.000	2053.763
WYF00006.asd	2067	2416.000	2029.507
WYF00006.asd	2068	2417.000	2006.293
WYF00006.asd	2069	2418.000	1991.018
WYF00006.asd	2070	2419.000	1969.282
WYF00006.asd	2071	2420.000	1942.336
WYF00006.asd	2072	2421.000	1909.860
WYF00006.asd	2073	2422.000	1874.831
WYF00006.asd	2074	2423.000	1844.698
WYF00006.asd	2075	2424.000	1804.743
WYF00006.asd	2076	2425.000	1783.181
WYF00006.asd	2077	2426.000	1778.215
WYF00006.asd	2078	2427.000	1759.369
WYF00006.asd	2079	2428.000	1742.389
WYF00006.asd	2080	2429.000	1722.584
WYF00006.asd	2081	2430.000	1696.470
WYF00006.asd	2082	2431.000	1670.103
WYF00006.asd	2083	2432.000	1645.018
WYF00006.asd	2084	2433.000	1618.492
WYF00006.asd	2085	2434.000	1586.196
WYF00006.asd	2086	2435.000	1563.527
WYF00006.asd	2087	2436.000	1545.874
WYF00006.asd	2088	2437.000	1524.591
WYF00006.asd	2089	2438.000	1505.515
WYF00006.asd	2090	2439.000	1483.094
WYF00006.asd	2091	2440.000	1456.400
WYF00006.asd	2092	2441.000	1438.952
WYF00006.asd	2093	2442.000	1426.594
WYF00006.asd	2094	2443.000	1407.030
WYF00006.asd	2095	2444.000	1389.229
WYF00006.asd	2096	2445.000	1368.857
WYF00006.asd	2097	2446.000	1343.603
WYF00006.asd	2098	2447.000	1316.622
WYF00006.asd	2099	2448.000	1288.510
WYF00006.asd	2100	2449.000	1264.571
WYF00006.asd	2101	2450.000	1240.047
WYF00006.asd	2102	2451.000	1220.025
WYF00006.asd	2103	2452.000	1217.095
WYF00006.asd	2104	2453.000	1215.583
WYF00006.asd	2105	2454.000	1203.514
WYF00006.asd	2106	2455.000	1196.787
WYF00006.asd	2107	2456.000	1185.197
WYF00006.asd	2108	2457.000	1151.798
WYF00006.asd	2109	2458.000	1128.125
WYF00006.asd	2110	2459.000	1101.520
WYF00006.asd	2111	2460.000	1079.548
WYF00006.asd	2112	2461.000	1060.548
WYF00006.asd	2113	2462.000	1050.584
WYF00006.asd	2114	2463.000	1053.033
WYF00006.asd	2115	2464.000	1048.289
WYF00006.asd	2116	2465.000	1056.673
WYF00006.asd	2117	2466.000	1047.939
WYF00006.asd	2118	2467.000	1015.597
WYF00006.asd	2119	2468.000	996.155
WYF00006.asd	2120	2469.000	976.391
WYF00006.asd	2121	2470.000	956.246
WYF00006.asd	2122	2471.000	939.908
WYF00006.asd	2123	2472.000	927.830
WYF00006.asd	2124	2473.000	912.583
WYF00006.asd	2125	2474.000	903.109
WYF00006.asd	2126	2475.000	914.700
WYF00006.asd	2127	2476.000	903.082
WYF00006.asd	2128	2477.000	875.754
WYF00006.asd	2129	2478.000	856.091
WYF00006.asd	2130	2479.000	821.017
WYF00006.asd	2131	2480.000	802.738
WYF00006.asd	2132	2481.000	805.975
WYF00006.asd	2133	2482.000	792.653
WYF00006.asd	2134	2483.000	771.094
WYF00006.asd	2135	2484.000	760.340
WYF00006.asd	2136	2485.000	751.284
WYF00006.asd	2137	2486.000	736.808
WYF00006.asd	2138	2487.000	727.239
WYF00006.asd	2139	2488.000	717.167
WYF00006.asd	2140	2489.000	695.632
WYF00006.asd	2141	2490.000	686.063
WYF00006.asd	2142	2491.000	697.952
WYF00006.asd	2143	2492.000	680.880
WYF00006.asd	2144	2493.000	644.123
WYF00006.asd	2145	2494.000	628.508
WYF00006.asd	2146	2495.000	604.337
WYF00006.asd	2147	2496.000	596.550
WYF00006.asd	2148	2497.000	614.008
WYF00006.asd	2149	2498.000	613.401
WYF00006.asd	2150	2499.000	609.266
WYF00006.asd	2151	2500.000	599.788
