WYF00007.asd	1	350.000	12.656
WYF00007.asd	2	351.000	13.260
WYF00007.asd	3	352.000	11.190
WYF00007.asd	4	353.000	13.805
WYF00007.asd	5	354.000	12.815
WYF00007.asd	6	355.000	12.458
WYF00007.asd	7	356.000	13.709
WYF00007.asd	8	357.000	13.200
WYF00007.asd	9	358.000	14.078
WYF00007.asd	10	359.000	15.588
WYF00007.asd	11	360.000	16.923
WYF00007.asd	12	361.000	18.382
WYF00007.asd	13	362.000	19.164
WYF00007.asd	14	363.000	18.835
WYF00007.asd	15	364.000	18.417
WYF00007.asd	16	365.000	23.152
WYF00007.asd	17	366.000	24.739
WYF00007.asd	18	367.000	23.873
WYF00007.asd	19	368.000	24.691
WYF00007.asd	20	369.000	26.690
WYF00007.asd	21	370.000	29.811
WYF00007.asd	22	371.000	32.643
WYF00007.asd	23	372.000	33.367
WYF00007.asd	24	373.000	35.949
WYF00007.asd	25	374.000	37.124
WYF00007.asd	26	375.000	36.842
WYF00007.asd	27	376.000	40.162
WYF00007.asd	28	377.000	43.796
WYF00007.asd	29	378.000	46.493
WYF00007.asd	30	379.000	48.047
WYF00007.asd	31	380.000	49.524
WYF00007.asd	32	381.000	51.837
WYF00007.asd	33	382.000	53.568
WYF00007.asd	34	383.000	53.916
WYF00007.asd	35	384.000	58.915
WYF00007.asd	36	385.000	61.539
WYF00007.asd	37	386.000	61.529
WYF00007.asd	38	387.000	63.290
WYF00007.asd	39	388.000	67.002
WYF00007.asd	40	389.000	69.339
WYF00007.asd	41	390.000	70.265
WYF00007.asd	42	391.000	74.045
WYF00007.asd	43	392.000	75.166
WYF00007.asd	44	393.000	77.163
WYF00007.asd	45	394.000	81.843
WYF00007.asd	46	395.000	81.920
WYF00007.asd	47	396.000	86.185
WYF00007.asd	48	397.000	91.013
WYF00007.asd	49	398.000	91.162
WYF00007.asd	50	399.000	95.999
WYF00007.asd	51	400.000	98.725
WYF00007.asd	52	401.000	100.416
WYF00007.asd	53	402.000	107.107
WYF00007.asd	54	403.000	110.878
WYF00007.asd	55	404.000	113.273
WYF00007.asd	56	405.000	116.199
WYF00007.asd	57	406.000	120.285
WYF00007.asd	58	407.000	126.475
WYF00007.asd	59	408.000	131.512
WYF00007.asd	60	409.000	133.581
WYF00007.asd	61	410.000	137.697
WYF00007.asd	62	411.000	143.075
WYF00007.asd	63	412.000	147.866
WYF00007.asd	64	413.000	150.695
WYF00007.asd	65	414.000	156.137
WYF00007.asd	66	415.000	163.479
WYF00007.asd	67	416.000	170.203
WYF00007.asd	68	417.000	173.139
WYF00007.asd	69	418.000	180.546
WYF00007.asd	70	419.000	187.757
WYF00007.asd	71	420.000	192.210
WYF00007.asd	72	421.000	199.777
WYF00007.asd	73	422.000	209.743
WYF00007.asd	74	423.000	218.812
WYF00007.asd	75	424.000	224.883
WYF00007.asd	76	425.000	234.935
WYF00007.asd	77	426.000	243.724
WYF00007.asd	78	427.000	251.277
WYF00007.asd	79	428.000	261.042
WYF00007.asd	80	429.000	269.921
WYF00007.asd	81	430.000	279.839
WYF00007.asd	82	431.000	291.199
WYF00007.asd	83	432.000	301.325
WYF00007.asd	84	433.000	315.098
WYF00007.asd	85	434.000	328.169
WYF00007.asd	86	435.000	337.017
WYF00007.asd	87	436.000	348.882
WYF00007.asd	88	437.000	358.132
WYF00007.asd	89	438.000	366.128
WYF00007.asd	90	439.000	376.969
WYF00007.asd	91	440.000	384.852
WYF00007.asd	92	441.000	393.347
WYF00007.asd	93	442.000	404.360
WYF00007.asd	94	443.000	416.686
WYF00007.asd	95	444.000	428.624
WYF00007.asd	96	445.000	439.609
WYF00007.asd	97	446.000	449.802
WYF00007.asd	98	447.000	460.240
WYF00007.asd	99	448.000	470.988
WYF00007.asd	100	449.000	481.891
WYF00007.asd	101	450.000	492.373
WYF00007.asd	102	451.000	499.876
WYF00007.asd	103	452.000	510.483
WYF00007.asd	104	453.000	523.347
WYF00007.asd	105	454.000	530.041
WYF00007.asd	106	455.000	538.838
WYF00007.asd	107	456.000	548.602
WYF00007.asd	108	457.000	556.858
WYF00007.asd	109	458.000	562.546
WYF00007.asd	110	459.000	567.268
WYF00007.asd	111	460.000	573.630
WYF00007.asd	112	461.000	582.950
WYF00007.asd	113	462.000	586.924
WYF00007.asd	114	463.000	591.132
WYF00007.asd	115	464.000	597.544
WYF00007.asd	116	465.000	603.459
WYF00007.asd	117	466.000	608.862
WYF00007.asd	118	467.000	614.814
WYF00007.asd	119	468.000	621.384
WYF00007.asd	120	469.000	625.441
WYF00007.asd	121	470.000	630.214
WYF00007.asd	122	471.000	635.656
WYF00007.asd	123	472.000	640.505
WYF00007.asd	124	473.000	644.997
WYF00007.asd	125	474.000	649.702
WYF00007.asd	126	475.000	655.347
WYF00007.asd	127	476.000	662.568
WYF00007.asd	128	477.000	666.521
WYF00007.asd	129	478.000	669.995
WYF00007.asd	130	479.000	675.351
WYF00007.asd	131	480.000	679.530
WYF00007.asd	132	481.000	685.232
WYF00007.asd	133	482.000	691.560
WYF00007.asd	134	483.000	696.517
WYF00007.asd	135	484.000	701.942
WYF00007.asd	136	485.000	707.487
WYF00007.asd	137	486.000	713.882
WYF00007.asd	138	487.000	723.080
WYF00007.asd	139	488.000	731.045
WYF00007.asd	140	489.000	737.668
WYF00007.asd	141	490.000	744.388
WYF00007.asd	142	491.000	754.104
WYF00007.asd	143	492.000	765.543
WYF00007.asd	144	493.000	777.456
WYF00007.asd	145	494.000	788.828
WYF00007.asd	146	495.000	800.471
WYF00007.asd	147	496.000	814.405
WYF00007.asd	148	497.000	830.227
WYF00007.asd	149	498.000	844.342
WYF00007.asd	150	499.000	862.191
WYF00007.asd	151	500.000	881.303
WYF00007.asd	152	501.000	899.262
WYF00007.asd	153	502.000	920.690
WYF00007.asd	154	503.000	943.091
WYF00007.asd	155	504.000	965.824
WYF00007.asd	156	505.000	989.454
WYF00007.asd	157	506.000	1014.292
WYF00007.asd	158	507.000	1040.516
WYF00007.asd	159	508.000	1068.755
WYF00007.asd	160	509.000	1100.508
WYF00007.asd	161	510.000	1131.751
WYF00007.asd	162	511.000	1162.492
WYF00007.asd	163	512.000	1194.483
WYF00007.asd	164	513.000	1231.008
WYF00007.asd	165	514.000	1267.053
WYF00007.asd	166	515.000	1303.502
WYF00007.asd	167	516.000	1345.284
WYF00007.asd	168	517.000	1385.614
WYF00007.asd	169	518.000	1425.993
WYF00007.asd	170	519.000	1467.840
WYF00007.asd	171	520.000	1509.804
WYF00007.asd	172	521.000	1551.513
WYF00007.asd	173	522.000	1593.731
WYF00007.asd	174	523.000	1637.125
WYF00007.asd	175	524.000	1679.450
WYF00007.asd	176	525.000	1720.455
WYF00007.asd	177	526.000	1761.529
WYF00007.asd	178	527.000	1805.236
WYF00007.asd	179	528.000	1844.513
WYF00007.asd	180	529.000	1882.933
WYF00007.asd	181	530.000	1923.199
WYF00007.asd	182	531.000	1959.544
WYF00007.asd	183	532.000	1995.822
WYF00007.asd	184	533.000	2033.215
WYF00007.asd	185	534.000	2071.357
WYF00007.asd	186	535.000	2108.844
WYF00007.asd	187	536.000	2144.132
WYF00007.asd	188	537.000	2179.131
WYF00007.asd	189	538.000	2220.271
WYF00007.asd	190	539.000	2259.367
WYF00007.asd	191	540.000	2297.629
WYF00007.asd	192	541.000	2338.383
WYF00007.asd	193	542.000	2382.923
WYF00007.asd	194	543.000	2428.353
WYF00007.asd	195	544.000	2477.538
WYF00007.asd	196	545.000	2535.680
WYF00007.asd	197	546.000	2588.781
WYF00007.asd	198	547.000	2630.481
WYF00007.asd	199	548.000	2662.593
WYF00007.asd	200	549.000	2698.720
WYF00007.asd	201	550.000	2742.039
WYF00007.asd	202	551.000	2791.409
WYF00007.asd	203	552.000	2843.606
WYF00007.asd	204	553.000	2898.024
WYF00007.asd	205	554.000	2952.445
WYF00007.asd	206	555.000	3007.395
WYF00007.asd	207	556.000	3065.840
WYF00007.asd	208	557.000	3120.593
WYF00007.asd	209	558.000	3175.220
WYF00007.asd	210	559.000	3232.631
WYF00007.asd	211	560.000	3288.569
WYF00007.asd	212	561.000	3338.317
WYF00007.asd	213	562.000	3383.865
WYF00007.asd	214	563.000	3429.325
WYF00007.asd	215	564.000	3465.306
WYF00007.asd	216	565.000	3494.480
WYF00007.asd	217	566.000	3518.295
WYF00007.asd	218	567.000	3534.731
WYF00007.asd	219	568.000	3541.728
WYF00007.asd	220	569.000	3542.289
WYF00007.asd	221	570.000	3539.598
WYF00007.asd	222	571.000	3530.719
WYF00007.asd	223	572.000	3519.691
WYF00007.asd	224	573.000	3509.629
WYF00007.asd	225	574.000	3502.617
WYF00007.asd	226	575.000	3499.104
WYF00007.asd	227	576.000	3498.272
WYF00007.asd	228	577.000	3498.849
WYF00007.asd	229	578.000	3499.929
WYF00007.asd	230	579.000	3495.074
WYF00007.asd	231	580.000	3484.031
WYF00007.asd	232	581.000	3469.949
WYF00007.asd	233	582.000	3457.687
WYF00007.asd	234	583.000	3444.634
WYF00007.asd	235	584.000	3430.394
WYF00007.asd	236	585.000	3417.667
WYF00007.asd	237	586.000	3405.065
WYF00007.asd	238	587.000	3395.311
WYF00007.asd	239	588.000	3389.632
WYF00007.asd	240	589.000	3381.888
WYF00007.asd	241	590.000	3375.262
WYF00007.asd	242	591.000	3373.410
WYF00007.asd	243	592.000	3379.874
WYF00007.asd	244	593.000	3393.809
WYF00007.asd	245	594.000	3413.120
WYF00007.asd	246	595.000	3436.476
WYF00007.asd	247	596.000	3464.364
WYF00007.asd	248	597.000	3493.677
WYF00007.asd	249	598.000	3523.060
WYF00007.asd	250	599.000	3551.228
WYF00007.asd	251	600.000	3574.818
WYF00007.asd	252	601.000	3591.025
WYF00007.asd	253	602.000	3602.592
WYF00007.asd	254	603.000	3616.645
WYF00007.asd	255	604.000	3622.601
WYF00007.asd	256	605.000	3624.315
WYF00007.asd	257	606.000	3626.304
WYF00007.asd	258	607.000	3627.749
WYF00007.asd	259	608.000	3625.212
WYF00007.asd	260	609.000	3621.836
WYF00007.asd	261	610.000	3622.594
WYF00007.asd	262	611.000	3619.611
WYF00007.asd	263	612.000	3618.352
WYF00007.asd	264	613.000	3621.550
WYF00007.asd	265	614.000	3626.598
WYF00007.asd	266	615.000	3629.442
WYF00007.asd	267	616.000	3631.166
WYF00007.asd	268	617.000	3632.202
WYF00007.asd	269	618.000	3624.043
WYF00007.asd	270	619.000	3614.468
WYF00007.asd	271	620.000	3606.051
WYF00007.asd	272	621.000	3596.930
WYF00007.asd	273	622.000	3584.187
WYF00007.asd	274	623.000	3570.443
WYF00007.asd	275	624.000	3557.819
WYF00007.asd	276	625.000	3545.236
WYF00007.asd	277	626.000	3536.531
WYF00007.asd	278	627.000	3529.185
WYF00007.asd	279	628.000	3519.084
WYF00007.asd	280	629.000	3508.842
WYF00007.asd	281	630.000	3498.311
WYF00007.asd	282	631.000	3487.418
WYF00007.asd	283	632.000	3476.237
WYF00007.asd	284	633.000	3460.385
WYF00007.asd	285	634.000	3442.331
WYF00007.asd	286	635.000	3423.877
WYF00007.asd	287	636.000	3399.804
WYF00007.asd	288	637.000	3373.160
WYF00007.asd	289	638.000	3343.790
WYF00007.asd	290	639.000	3310.137
WYF00007.asd	291	640.000	3275.083
WYF00007.asd	292	641.000	3237.498
WYF00007.asd	293	642.000	3197.627
WYF00007.asd	294	643.000	3158.533
WYF00007.asd	295	644.000	3120.953
WYF00007.asd	296	645.000	3083.520
WYF00007.asd	297	646.000	3045.219
WYF00007.asd	298	647.000	3009.488
WYF00007.asd	299	648.000	2977.923
WYF00007.asd	300	649.000	2950.641
WYF00007.asd	301	650.000	2926.477
WYF00007.asd	302	651.000	2904.557
WYF00007.asd	303	652.000	2886.743
WYF00007.asd	304	653.000	2872.899
WYF00007.asd	305	654.000	2857.493
WYF00007.asd	306	655.000	2841.220
WYF00007.asd	307	656.000	2821.759
WYF00007.asd	308	657.000	2797.397
WYF00007.asd	309	658.000	2776.744
WYF00007.asd	310	659.000	2753.476
WYF00007.asd	311	660.000	2725.435
WYF00007.asd	312	661.000	2696.633
WYF00007.asd	313	662.000	2669.178
WYF00007.asd	314	663.000	2640.071
WYF00007.asd	315	664.000	2608.620
WYF00007.asd	316	665.000	2585.629
WYF00007.asd	317	666.000	2562.060
WYF00007.asd	318	667.000	2538.525
WYF00007.asd	319	668.000	2520.766
WYF00007.asd	320	669.000	2505.291
WYF00007.asd	321	670.000	2493.347
WYF00007.asd	322	671.000	2485.890
WYF00007.asd	323	672.000	2482.672
WYF00007.asd	324	673.000	2482.040
WYF00007.asd	325	674.000	2486.115
WYF00007.asd	326	675.000	2495.677
WYF00007.asd	327	676.000	2500.757
WYF00007.asd	328	677.000	2511.275
WYF00007.asd	329	678.000	2528.593
WYF00007.asd	330	679.000	2547.312
WYF00007.asd	331	680.000	2573.441
WYF00007.asd	332	681.000	2606.378
WYF00007.asd	333	682.000	2647.333
WYF00007.asd	334	683.000	2703.463
WYF00007.asd	335	684.000	2772.377
WYF00007.asd	336	685.000	2853.309
WYF00007.asd	337	686.000	2947.690
WYF00007.asd	338	687.000	3065.766
WYF00007.asd	339	688.000	3200.231
WYF00007.asd	340	689.000	3348.630
WYF00007.asd	341	690.000	3514.467
WYF00007.asd	342	691.000	3697.519
WYF00007.asd	343	692.000	3895.668
WYF00007.asd	344	693.000	4106.523
WYF00007.asd	345	694.000	4328.421
WYF00007.asd	346	695.000	4560.138
WYF00007.asd	347	696.000	4802.897
WYF00007.asd	348	697.000	5057.123
WYF00007.asd	349	698.000	5309.632
WYF00007.asd	350	699.000	5570.136
WYF00007.asd	351	700.000	5840.360
WYF00007.asd	352	701.000	6109.993
WYF00007.asd	353	702.000	6378.505
WYF00007.asd	354	703.000	6644.193
WYF00007.asd	355	704.000	6906.997
WYF00007.asd	356	705.000	7171.809
WYF00007.asd	357	706.000	7432.703
WYF00007.asd	358	707.000	7687.811
WYF00007.asd	359	708.000	7938.359
WYF00007.asd	360	709.000	8189.427
WYF00007.asd	361	710.000	8438.567
WYF00007.asd	362	711.000	8683.627
WYF00007.asd	363	712.000	8924.122
WYF00007.asd	364	713.000	9162.375
WYF00007.asd	365	714.000	9399.593
WYF00007.asd	366	715.000	9635.451
WYF00007.asd	367	716.000	9865.979
WYF00007.asd	368	717.000	10092.418
WYF00007.asd	369	718.000	10316.812
WYF00007.asd	370	719.000	10541.189
WYF00007.asd	371	720.000	10763.010
WYF00007.asd	372	721.000	10980.385
WYF00007.asd	373	722.000	11192.209
WYF00007.asd	374	723.000	11398.368
WYF00007.asd	375	724.000	11600.796
WYF00007.asd	376	725.000	11801.174
WYF00007.asd	377	726.000	11999.194
WYF00007.asd	378	727.000	12187.948
WYF00007.asd	379	728.000	12373.225
WYF00007.asd	380	729.000	12556.166
WYF00007.asd	381	730.000	12734.330
WYF00007.asd	382	731.000	12904.408
WYF00007.asd	383	732.000	13070.587
WYF00007.asd	384	733.000	13234.533
WYF00007.asd	385	734.000	13392.409
WYF00007.asd	386	735.000	13544.939
WYF00007.asd	387	736.000	13691.432
WYF00007.asd	388	737.000	13831.542
WYF00007.asd	389	738.000	13967.079
WYF00007.asd	390	739.000	14098.982
WYF00007.asd	391	740.000	14223.775
WYF00007.asd	392	741.000	14337.003
WYF00007.asd	393	742.000	14453.404
WYF00007.asd	394	743.000	14564.529
WYF00007.asd	395	744.000	14667.506
WYF00007.asd	396	745.000	14772.311
WYF00007.asd	397	746.000	14870.608
WYF00007.asd	398	747.000	14965.895
WYF00007.asd	399	748.000	15061.362
WYF00007.asd	400	749.000	15147.758
WYF00007.asd	401	750.000	15231.855
WYF00007.asd	402	751.000	15312.137
WYF00007.asd	403	752.000	15383.437
WYF00007.asd	404	753.000	15454.900
WYF00007.asd	405	754.000	15522.826
WYF00007.asd	406	755.000	15585.533
WYF00007.asd	407	756.000	15645.958
WYF00007.asd	408	757.000	15701.720
WYF00007.asd	409	758.000	15754.278
WYF00007.asd	410	759.000	15804.418
WYF00007.asd	411	760.000	15846.567
WYF00007.asd	412	761.000	15897.306
WYF00007.asd	413	762.000	15953.335
WYF00007.asd	414	763.000	16002.506
WYF00007.asd	415	764.000	16050.733
WYF00007.asd	416	765.000	16092.494
WYF00007.asd	417	766.000	16130.001
WYF00007.asd	418	767.000	16174.141
WYF00007.asd	419	768.000	16208.590
WYF00007.asd	420	769.000	16242.019
WYF00007.asd	421	770.000	16279.486
WYF00007.asd	422	771.000	16303.873
WYF00007.asd	423	772.000	16330.369
WYF00007.asd	424	773.000	16356.243
WYF00007.asd	425	774.000	16374.043
WYF00007.asd	426	775.000	16390.026
WYF00007.asd	427	776.000	16404.073
WYF00007.asd	428	777.000	16417.341
WYF00007.asd	429	778.000	16431.712
WYF00007.asd	430	779.000	16441.393
WYF00007.asd	431	780.000	16449.803
WYF00007.asd	432	781.000	16456.967
WYF00007.asd	433	782.000	16454.312
WYF00007.asd	434	783.000	16450.449
WYF00007.asd	435	784.000	16444.471
WYF00007.asd	436	785.000	16435.079
WYF00007.asd	437	786.000	16430.604
WYF00007.asd	438	787.000	16421.329
WYF00007.asd	439	788.000	16406.360
WYF00007.asd	440	789.000	16390.153
WYF00007.asd	441	790.000	16372.131
WYF00007.asd	442	791.000	16355.755
WYF00007.asd	443	792.000	16339.984
WYF00007.asd	444	793.000	16318.428
WYF00007.asd	445	794.000	16294.307
WYF00007.asd	446	795.000	16266.421
WYF00007.asd	447	796.000	16234.153
WYF00007.asd	448	797.000	16200.865
WYF00007.asd	449	798.000	16157.193
WYF00007.asd	450	799.000	16109.899
WYF00007.asd	451	800.000	16068.515
WYF00007.asd	452	801.000	16024.798
WYF00007.asd	453	802.000	15984.499
WYF00007.asd	454	803.000	15948.741
WYF00007.asd	455	804.000	15914.141
WYF00007.asd	456	805.000	15873.638
WYF00007.asd	457	806.000	15828.067
WYF00007.asd	458	807.000	15782.682
WYF00007.asd	459	808.000	15746.505
WYF00007.asd	460	809.000	15706.712
WYF00007.asd	461	810.000	15663.669
WYF00007.asd	462	811.000	15618.176
WYF00007.asd	463	812.000	15563.637
WYF00007.asd	464	813.000	15504.053
WYF00007.asd	465	814.000	15441.156
WYF00007.asd	466	815.000	15376.378
WYF00007.asd	467	816.000	15312.501
WYF00007.asd	468	817.000	15254.462
WYF00007.asd	469	818.000	15199.394
WYF00007.asd	470	819.000	15139.612
WYF00007.asd	471	820.000	15080.399
WYF00007.asd	472	821.000	15018.470
WYF00007.asd	473	822.000	14953.280
WYF00007.asd	474	823.000	14888.975
WYF00007.asd	475	824.000	14827.965
WYF00007.asd	476	825.000	14764.030
WYF00007.asd	477	826.000	14694.045
WYF00007.asd	478	827.000	14626.822
WYF00007.asd	479	828.000	14555.735
WYF00007.asd	480	829.000	14481.999
WYF00007.asd	481	830.000	14408.300
WYF00007.asd	482	831.000	14331.958
WYF00007.asd	483	832.000	14253.716
WYF00007.asd	484	833.000	14175.496
WYF00007.asd	485	834.000	14099.131
WYF00007.asd	486	835.000	14020.919
WYF00007.asd	487	836.000	13944.813
WYF00007.asd	488	837.000	13870.723
WYF00007.asd	489	838.000	13794.016
WYF00007.asd	490	839.000	13714.959
WYF00007.asd	491	840.000	13638.344
WYF00007.asd	492	841.000	13563.788
WYF00007.asd	493	842.000	13481.143
WYF00007.asd	494	843.000	13407.354
WYF00007.asd	495	844.000	13332.677
WYF00007.asd	496	845.000	13249.240
WYF00007.asd	497	846.000	13174.509
WYF00007.asd	498	847.000	13097.940
WYF00007.asd	499	848.000	13019.604
WYF00007.asd	500	849.000	12942.769
WYF00007.asd	501	850.000	12865.354
WYF00007.asd	502	851.000	12791.536
WYF00007.asd	503	852.000	12717.051
WYF00007.asd	504	853.000	12634.820
WYF00007.asd	505	854.000	12558.101
WYF00007.asd	506	855.000	12480.109
WYF00007.asd	507	856.000	12399.923
WYF00007.asd	508	857.000	12323.472
WYF00007.asd	509	858.000	12244.822
WYF00007.asd	510	859.000	12164.502
WYF00007.asd	511	860.000	12083.311
WYF00007.asd	512	861.000	12000.948
WYF00007.asd	513	862.000	11920.955
WYF00007.asd	514	863.000	11841.245
WYF00007.asd	515	864.000	11758.817
WYF00007.asd	516	865.000	11671.374
WYF00007.asd	517	866.000	11587.957
WYF00007.asd	518	867.000	11507.953
WYF00007.asd	519	868.000	11427.530
WYF00007.asd	520	869.000	11344.094
WYF00007.asd	521	870.000	11259.214
WYF00007.asd	522	871.000	11174.497
WYF00007.asd	523	872.000	11090.997
WYF00007.asd	524	873.000	11007.202
WYF00007.asd	525	874.000	10923.669
WYF00007.asd	526	875.000	10840.266
WYF00007.asd	527	876.000	10756.119
WYF00007.asd	528	877.000	10668.212
WYF00007.asd	529	878.000	10585.499
WYF00007.asd	530	879.000	10506.125
WYF00007.asd	531	880.000	10419.100
WYF00007.asd	532	881.000	10333.475
WYF00007.asd	533	882.000	10246.892
WYF00007.asd	534	883.000	10160.620
WYF00007.asd	535	884.000	10081.098
WYF00007.asd	536	885.000	9995.360
WYF00007.asd	537	886.000	9906.696
WYF00007.asd	538	887.000	9819.680
WYF00007.asd	539	888.000	9735.470
WYF00007.asd	540	889.000	9653.108
WYF00007.asd	541	890.000	9569.820
WYF00007.asd	542	891.000	9485.131
WYF00007.asd	543	892.000	9404.391
WYF00007.asd	544	893.000	9321.606
WYF00007.asd	545	894.000	9239.971
WYF00007.asd	546	895.000	9161.654
WYF00007.asd	547	896.000	9077.908
WYF00007.asd	548	897.000	8996.429
WYF00007.asd	549	898.000	8915.610
WYF00007.asd	550	899.000	8833.309
WYF00007.asd	551	900.000	8757.964
WYF00007.asd	552	901.000	8682.611
WYF00007.asd	553	902.000	8606.726
WYF00007.asd	554	903.000	8531.852
WYF00007.asd	555	904.000	8454.164
WYF00007.asd	556	905.000	8378.060
WYF00007.asd	557	906.000	8302.147
WYF00007.asd	558	907.000	8223.023
WYF00007.asd	559	908.000	8145.399
WYF00007.asd	560	909.000	8067.522
WYF00007.asd	561	910.000	7989.099
WYF00007.asd	562	911.000	7910.741
WYF00007.asd	563	912.000	7830.505
WYF00007.asd	564	913.000	7752.915
WYF00007.asd	565	914.000	7675.568
WYF00007.asd	566	915.000	7592.634
WYF00007.asd	567	916.000	7516.498
WYF00007.asd	568	917.000	7440.019
WYF00007.asd	569	918.000	7361.137
WYF00007.asd	570	919.000	7283.526
WYF00007.asd	571	920.000	7204.135
WYF00007.asd	572	921.000	7125.185
WYF00007.asd	573	922.000	7045.945
WYF00007.asd	574	923.000	6963.317
WYF00007.asd	575	924.000	6886.151
WYF00007.asd	576	925.000	6804.877
WYF00007.asd	577	926.000	6718.136
WYF00007.asd	578	927.000	6635.075
WYF00007.asd	579	928.000	6552.171
WYF00007.asd	580	929.000	6464.579
WYF00007.asd	581	930.000	6374.707
WYF00007.asd	582	931.000	6292.007
WYF00007.asd	583	932.000	6207.678
WYF00007.asd	584	933.000	6123.782
WYF00007.asd	585	934.000	6042.791
WYF00007.asd	586	935.000	5965.161
WYF00007.asd	587	936.000	5885.511
WYF00007.asd	588	937.000	5809.057
WYF00007.asd	589	938.000	5735.451
WYF00007.asd	590	939.000	5656.784
WYF00007.asd	591	940.000	5583.016
WYF00007.asd	592	941.000	5510.641
WYF00007.asd	593	942.000	5436.334
WYF00007.asd	594	943.000	5360.142
WYF00007.asd	595	944.000	5285.346
WYF00007.asd	596	945.000	5212.077
WYF00007.asd	597	946.000	5140.168
WYF00007.asd	598	947.000	5069.780
WYF00007.asd	599	948.000	5001.406
WYF00007.asd	600	949.000	4933.693
WYF00007.asd	601	950.000	4866.774
WYF00007.asd	602	951.000	4802.211
WYF00007.asd	603	952.000	4734.311
WYF00007.asd	604	953.000	4670.648
WYF00007.asd	605	954.000	4611.309
WYF00007.asd	606	955.000	4547.854
WYF00007.asd	607	956.000	4488.280
WYF00007.asd	608	957.000	4426.031
WYF00007.asd	609	958.000	4362.374
WYF00007.asd	610	959.000	4305.856
WYF00007.asd	611	960.000	4246.636
WYF00007.asd	612	961.000	4186.982
WYF00007.asd	613	962.000	4128.523
WYF00007.asd	614	963.000	4070.939
WYF00007.asd	615	964.000	4013.220
WYF00007.asd	616	965.000	3956.856
WYF00007.asd	617	966.000	3901.352
WYF00007.asd	618	967.000	3844.929
WYF00007.asd	619	968.000	3788.307
WYF00007.asd	620	969.000	3734.105
WYF00007.asd	621	970.000	3680.041
WYF00007.asd	622	971.000	3622.718
WYF00007.asd	623	972.000	3569.573
WYF00007.asd	624	973.000	3517.353
WYF00007.asd	625	974.000	3464.630
WYF00007.asd	626	975.000	3411.609
WYF00007.asd	627	976.000	3359.259
WYF00007.asd	628	977.000	3308.404
WYF00007.asd	629	978.000	3257.568
WYF00007.asd	630	979.000	3205.096
WYF00007.asd	631	980.000	3151.755
WYF00007.asd	632	981.000	3102.203
WYF00007.asd	633	982.000	3053.570
WYF00007.asd	634	983.000	3002.513
WYF00007.asd	635	984.000	2951.675
WYF00007.asd	636	985.000	2903.110
WYF00007.asd	637	986.000	2855.648
WYF00007.asd	638	987.000	2807.350
WYF00007.asd	639	988.000	2757.088
WYF00007.asd	640	989.000	2707.717
WYF00007.asd	641	990.000	2658.503
WYF00007.asd	642	991.000	2609.888
WYF00007.asd	643	992.000	2564.493
WYF00007.asd	644	993.000	2516.353
WYF00007.asd	645	994.000	2468.573
WYF00007.asd	646	995.000	2423.936
WYF00007.asd	647	996.000	2382.179
WYF00007.asd	648	997.000	2336.277
WYF00007.asd	649	998.000	2290.878
WYF00007.asd	650	999.000	2247.467
WYF00007.asd	651	1000.000	2204.254
WYF00007.asd	652	1001.000	8742.418
WYF00007.asd	653	1002.000	8796.155
WYF00007.asd	654	1003.000	8847.319
WYF00007.asd	655	1004.000	8904.723
WYF00007.asd	656	1005.000	8971.905
WYF00007.asd	657	1006.000	9029.419
WYF00007.asd	658	1007.000	9083.546
WYF00007.asd	659	1008.000	9139.864
WYF00007.asd	660	1009.000	9191.269
WYF00007.asd	661	1010.000	9245.824
WYF00007.asd	662	1011.000	9307.693
WYF00007.asd	663	1012.000	9372.698
WYF00007.asd	664	1013.000	9444.252
WYF00007.asd	665	1014.000	9514.278
WYF00007.asd	666	1015.000	9584.145
WYF00007.asd	667	1016.000	9657.624
WYF00007.asd	668	1017.000	9727.031
WYF00007.asd	669	1018.000	9789.934
WYF00007.asd	670	1019.000	9862.531
WYF00007.asd	671	1020.000	9939.128
WYF00007.asd	672	1021.000	10013.099
WYF00007.asd	673	1022.000	10094.219
WYF00007.asd	674	1023.000	10169.593
WYF00007.asd	675	1024.000	10240.632
WYF00007.asd	676	1025.000	10310.376
WYF00007.asd	677	1026.000	10383.141
WYF00007.asd	678	1027.000	10447.517
WYF00007.asd	679	1028.000	10510.397
WYF00007.asd	680	1029.000	10576.196
WYF00007.asd	681	1030.000	10640.556
WYF00007.asd	682	1031.000	10703.713
WYF00007.asd	683	1032.000	10763.091
WYF00007.asd	684	1033.000	10820.841
WYF00007.asd	685	1034.000	10874.480
WYF00007.asd	686	1035.000	10922.815
WYF00007.asd	687	1036.000	10971.922
WYF00007.asd	688	1037.000	11020.249
WYF00007.asd	689	1038.000	11065.193
WYF00007.asd	690	1039.000	11107.012
WYF00007.asd	691	1040.000	11149.412
WYF00007.asd	692	1041.000	11186.311
WYF00007.asd	693	1042.000	11220.719
WYF00007.asd	694	1043.000	11256.259
WYF00007.asd	695	1044.000	11288.695
WYF00007.asd	696	1045.000	11319.246
WYF00007.asd	697	1046.000	11349.196
WYF00007.asd	698	1047.000	11381.239
WYF00007.asd	699	1048.000	11415.183
WYF00007.asd	700	1049.000	11451.617
WYF00007.asd	701	1050.000	11495.164
WYF00007.asd	702	1051.000	11531.710
WYF00007.asd	703	1052.000	11566.486
WYF00007.asd	704	1053.000	11601.396
WYF00007.asd	705	1054.000	11633.017
WYF00007.asd	706	1055.000	11669.833
WYF00007.asd	707	1056.000	11716.410
WYF00007.asd	708	1057.000	11760.119
WYF00007.asd	709	1058.000	11804.195
WYF00007.asd	710	1059.000	11849.647
WYF00007.asd	711	1060.000	11893.166
WYF00007.asd	712	1061.000	11944.356
WYF00007.asd	713	1062.000	12000.817
WYF00007.asd	714	1063.000	12056.276
WYF00007.asd	715	1064.000	12116.446
WYF00007.asd	716	1065.000	12181.675
WYF00007.asd	717	1066.000	12246.481
WYF00007.asd	718	1067.000	12312.681
WYF00007.asd	719	1068.000	12385.131
WYF00007.asd	720	1069.000	12454.029
WYF00007.asd	721	1070.000	12528.731
WYF00007.asd	722	1071.000	12611.291
WYF00007.asd	723	1072.000	12690.333
WYF00007.asd	724	1073.000	12778.755
WYF00007.asd	725	1074.000	12873.075
WYF00007.asd	726	1075.000	12963.796
WYF00007.asd	727	1076.000	13064.903
WYF00007.asd	728	1077.000	13165.537
WYF00007.asd	729	1078.000	13267.748
WYF00007.asd	730	1079.000	13376.025
WYF00007.asd	731	1080.000	13488.773
WYF00007.asd	732	1081.000	13599.827
WYF00007.asd	733	1082.000	13724.379
WYF00007.asd	734	1083.000	13851.598
WYF00007.asd	735	1084.000	13977.867
WYF00007.asd	736	1085.000	14114.381
WYF00007.asd	737	1086.000	14246.956
WYF00007.asd	738	1087.000	14384.494
WYF00007.asd	739	1088.000	14529.705
WYF00007.asd	740	1089.000	14674.685
WYF00007.asd	741	1090.000	14830.461
WYF00007.asd	742	1091.000	14986.570
WYF00007.asd	743	1092.000	15138.733
WYF00007.asd	744	1093.000	15293.580
WYF00007.asd	745	1094.000	15440.280
WYF00007.asd	746	1095.000	15590.618
WYF00007.asd	747	1096.000	15740.811
WYF00007.asd	748	1097.000	15893.484
WYF00007.asd	749	1098.000	16039.096
WYF00007.asd	750	1099.000	16194.838
WYF00007.asd	751	1100.000	16351.423
WYF00007.asd	752	1101.000	16501.599
WYF00007.asd	753	1102.000	16654.521
WYF00007.asd	754	1103.000	16795.946
WYF00007.asd	755	1104.000	16930.008
WYF00007.asd	756	1105.000	17061.596
WYF00007.asd	757	1106.000	17189.553
WYF00007.asd	758	1107.000	17320.140
WYF00007.asd	759	1108.000	17442.697
WYF00007.asd	760	1109.000	17560.196
WYF00007.asd	761	1110.000	17673.678
WYF00007.asd	762	1111.000	17785.918
WYF00007.asd	763	1112.000	17884.896
WYF00007.asd	764	1113.000	17977.274
WYF00007.asd	765	1114.000	18061.531
WYF00007.asd	766	1115.000	18131.831
WYF00007.asd	767	1116.000	18195.997
WYF00007.asd	768	1117.000	18253.531
WYF00007.asd	769	1118.000	18304.962
WYF00007.asd	770	1119.000	18351.946
WYF00007.asd	771	1120.000	18394.807
WYF00007.asd	772	1121.000	18437.363
WYF00007.asd	773	1122.000	18474.373
WYF00007.asd	774	1123.000	18507.111
WYF00007.asd	775	1124.000	18542.237
WYF00007.asd	776	1125.000	18577.560
WYF00007.asd	777	1126.000	18608.976
WYF00007.asd	778	1127.000	18634.726
WYF00007.asd	779	1128.000	18657.657
WYF00007.asd	780	1129.000	18675.790
WYF00007.asd	781	1130.000	18686.450
WYF00007.asd	782	1131.000	18695.463
WYF00007.asd	783	1132.000	18704.786
WYF00007.asd	784	1133.000	18712.431
WYF00007.asd	785	1134.000	18718.374
WYF00007.asd	786	1135.000	18726.854
WYF00007.asd	787	1136.000	18736.802
WYF00007.asd	788	1137.000	18745.943
WYF00007.asd	789	1138.000	18764.811
WYF00007.asd	790	1139.000	18784.823
WYF00007.asd	791	1140.000	18808.889
WYF00007.asd	792	1141.000	18841.086
WYF00007.asd	793	1142.000	18866.649
WYF00007.asd	794	1143.000	18890.380
WYF00007.asd	795	1144.000	18912.423
WYF00007.asd	796	1145.000	18929.381
WYF00007.asd	797	1146.000	18949.581
WYF00007.asd	798	1147.000	18969.177
WYF00007.asd	799	1148.000	18991.955
WYF00007.asd	800	1149.000	19016.615
WYF00007.asd	801	1150.000	19041.146
WYF00007.asd	802	1151.000	19065.732
WYF00007.asd	803	1152.000	19091.279
WYF00007.asd	804	1153.000	19115.039
WYF00007.asd	805	1154.000	19137.603
WYF00007.asd	806	1155.000	19162.332
WYF00007.asd	807	1156.000	19185.003
WYF00007.asd	808	1157.000	19206.628
WYF00007.asd	809	1158.000	19230.421
WYF00007.asd	810	1159.000	19251.702
WYF00007.asd	811	1160.000	19270.414
WYF00007.asd	812	1161.000	19289.188
WYF00007.asd	813	1162.000	19307.150
WYF00007.asd	814	1163.000	19325.103
WYF00007.asd	815	1164.000	19341.706
WYF00007.asd	816	1165.000	19359.098
WYF00007.asd	817	1166.000	19379.563
WYF00007.asd	818	1167.000	19397.666
WYF00007.asd	819	1168.000	19417.256
WYF00007.asd	820	1169.000	19440.371
WYF00007.asd	821	1170.000	19461.495
WYF00007.asd	822	1171.000	19484.956
WYF00007.asd	823	1172.000	19507.807
WYF00007.asd	824	1173.000	19527.948
WYF00007.asd	825	1174.000	19551.494
WYF00007.asd	826	1175.000	19572.651
WYF00007.asd	827	1176.000	19594.114
WYF00007.asd	828	1177.000	19617.700
WYF00007.asd	829	1178.000	19638.722
WYF00007.asd	830	1179.000	19658.281
WYF00007.asd	831	1180.000	19677.447
WYF00007.asd	832	1181.000	19693.962
WYF00007.asd	833	1182.000	19711.739
WYF00007.asd	834	1183.000	19729.483
WYF00007.asd	835	1184.000	19746.763
WYF00007.asd	836	1185.000	19765.859
WYF00007.asd	837	1186.000	19784.604
WYF00007.asd	838	1187.000	19800.180
WYF00007.asd	839	1188.000	19814.728
WYF00007.asd	840	1189.000	19834.011
WYF00007.asd	841	1190.000	19856.854
WYF00007.asd	842	1191.000	19881.808
WYF00007.asd	843	1192.000	19912.920
WYF00007.asd	844	1193.000	19944.693
WYF00007.asd	845	1194.000	19978.859
WYF00007.asd	846	1195.000	20011.195
WYF00007.asd	847	1196.000	20047.946
WYF00007.asd	848	1197.000	20078.558
WYF00007.asd	849	1198.000	20102.847
WYF00007.asd	850	1199.000	20132.224
WYF00007.asd	851	1200.000	20161.641
WYF00007.asd	852	1201.000	20192.073
WYF00007.asd	853	1202.000	20225.056
WYF00007.asd	854	1203.000	20257.740
WYF00007.asd	855	1204.000	20289.681
WYF00007.asd	856	1205.000	20320.753
WYF00007.asd	857	1206.000	20354.778
WYF00007.asd	858	1207.000	20390.735
WYF00007.asd	859	1208.000	20424.825
WYF00007.asd	860	1209.000	20460.807
WYF00007.asd	861	1210.000	20497.304
WYF00007.asd	862	1211.000	20532.725
WYF00007.asd	863	1212.000	20570.991
WYF00007.asd	864	1213.000	20611.280
WYF00007.asd	865	1214.000	20652.361
WYF00007.asd	866	1215.000	20693.800
WYF00007.asd	867	1216.000	20739.906
WYF00007.asd	868	1217.000	20787.833
WYF00007.asd	869	1218.000	20838.744
WYF00007.asd	870	1219.000	20893.502
WYF00007.asd	871	1220.000	20949.324
WYF00007.asd	872	1221.000	21006.507
WYF00007.asd	873	1222.000	21068.361
WYF00007.asd	874	1223.000	21130.974
WYF00007.asd	875	1224.000	21193.033
WYF00007.asd	876	1225.000	21250.443
WYF00007.asd	877	1226.000	21306.410
WYF00007.asd	878	1227.000	21361.841
WYF00007.asd	879	1228.000	21415.010
WYF00007.asd	880	1229.000	21465.455
WYF00007.asd	881	1230.000	21514.908
WYF00007.asd	882	1231.000	21561.391
WYF00007.asd	883	1232.000	21602.835
WYF00007.asd	884	1233.000	21646.221
WYF00007.asd	885	1234.000	21689.433
WYF00007.asd	886	1235.000	21732.465
WYF00007.asd	887	1236.000	21776.860
WYF00007.asd	888	1237.000	21817.208
WYF00007.asd	889	1238.000	21854.700
WYF00007.asd	890	1239.000	21892.244
WYF00007.asd	891	1240.000	21925.676
WYF00007.asd	892	1241.000	21960.776
WYF00007.asd	893	1242.000	21995.199
WYF00007.asd	894	1243.000	22034.046
WYF00007.asd	895	1244.000	22072.317
WYF00007.asd	896	1245.000	22112.021
WYF00007.asd	897	1246.000	22151.714
WYF00007.asd	898	1247.000	22182.836
WYF00007.asd	899	1248.000	22212.261
WYF00007.asd	900	1249.000	22237.007
WYF00007.asd	901	1250.000	22261.046
WYF00007.asd	902	1251.000	22285.745
WYF00007.asd	903	1252.000	22301.807
WYF00007.asd	904	1253.000	22312.811
WYF00007.asd	905	1254.000	22320.718
WYF00007.asd	906	1255.000	22321.813
WYF00007.asd	907	1256.000	22320.681
WYF00007.asd	908	1257.000	22319.288
WYF00007.asd	909	1258.000	22310.659
WYF00007.asd	910	1259.000	22297.137
WYF00007.asd	911	1260.000	22278.158
WYF00007.asd	912	1261.000	22252.164
WYF00007.asd	913	1262.000	22223.462
WYF00007.asd	914	1263.000	22188.094
WYF00007.asd	915	1264.000	22150.688
WYF00007.asd	916	1265.000	22115.240
WYF00007.asd	917	1266.000	22082.268
WYF00007.asd	918	1267.000	22050.613
WYF00007.asd	919	1268.000	22019.233
WYF00007.asd	920	1269.000	21987.478
WYF00007.asd	921	1270.000	21952.731
WYF00007.asd	922	1271.000	21924.165
WYF00007.asd	923	1272.000	21897.183
WYF00007.asd	924	1273.000	21874.586
WYF00007.asd	925	1274.000	21855.260
WYF00007.asd	926	1275.000	21841.055
WYF00007.asd	927	1276.000	21830.043
WYF00007.asd	928	1277.000	21823.543
WYF00007.asd	929	1278.000	21821.475
WYF00007.asd	930	1279.000	21824.348
WYF00007.asd	931	1280.000	21834.209
WYF00007.asd	932	1281.000	21843.525
WYF00007.asd	933	1282.000	21855.166
WYF00007.asd	934	1283.000	21870.991
WYF00007.asd	935	1284.000	21887.308
WYF00007.asd	936	1285.000	21909.491
WYF00007.asd	937	1286.000	21934.753
WYF00007.asd	938	1287.000	21962.634
WYF00007.asd	939	1288.000	21992.926
WYF00007.asd	940	1289.000	22021.151
WYF00007.asd	941	1290.000	22054.826
WYF00007.asd	942	1291.000	22094.158
WYF00007.asd	943	1292.000	22129.382
WYF00007.asd	944	1293.000	22165.163
WYF00007.asd	945	1294.000	22202.073
WYF00007.asd	946	1295.000	22236.437
WYF00007.asd	947	1296.000	22276.125
WYF00007.asd	948	1297.000	22320.162
WYF00007.asd	949	1298.000	22362.849
WYF00007.asd	950	1299.000	22408.947
WYF00007.asd	951	1300.000	22451.211
WYF00007.asd	952	1301.000	22490.005
WYF00007.asd	953	1302.000	22532.665
WYF00007.asd	954	1303.000	22577.139
WYF00007.asd	955	1304.000	22619.316
WYF00007.asd	956	1305.000	22665.444
WYF00007.asd	957	1306.000	22705.897
WYF00007.asd	958	1307.000	22740.406
WYF00007.asd	959	1308.000	22775.135
WYF00007.asd	960	1309.000	22809.434
WYF00007.asd	961	1310.000	22844.192
WYF00007.asd	962	1311.000	22884.773
WYF00007.asd	963	1312.000	22925.036
WYF00007.asd	964	1313.000	22961.351
WYF00007.asd	965	1314.000	22997.207
WYF00007.asd	966	1315.000	23031.249
WYF00007.asd	967	1316.000	23061.642
WYF00007.asd	968	1317.000	23092.903
WYF00007.asd	969	1318.000	23124.744
WYF00007.asd	970	1319.000	23155.182
WYF00007.asd	971	1320.000	23184.055
WYF00007.asd	972	1321.000	23211.174
WYF00007.asd	973	1322.000	23238.205
WYF00007.asd	974	1323.000	23262.850
WYF00007.asd	975	1324.000	23286.060
WYF00007.asd	976	1325.000	23306.582
WYF00007.asd	977	1326.000	23324.837
WYF00007.asd	978	1327.000	23341.857
WYF00007.asd	979	1328.000	23357.136
WYF00007.asd	980	1329.000	23369.146
WYF00007.asd	981	1330.000	23379.509
WYF00007.asd	982	1331.000	23386.931
WYF00007.asd	983	1332.000	23391.629
WYF00007.asd	984	1333.000	23392.868
WYF00007.asd	985	1334.000	23388.692
WYF00007.asd	986	1335.000	23385.393
WYF00007.asd	987	1336.000	23383.196
WYF00007.asd	988	1337.000	23380.852
WYF00007.asd	989	1338.000	23373.289
WYF00007.asd	990	1339.000	23369.769
WYF00007.asd	991	1340.000	23351.696
WYF00007.asd	992	1341.000	23327.934
WYF00007.asd	993	1342.000	23290.518
WYF00007.asd	994	1343.000	23246.004
WYF00007.asd	995	1344.000	23186.311
WYF00007.asd	996	1345.000	23114.595
WYF00007.asd	997	1346.000	23027.877
WYF00007.asd	998	1347.000	22934.021
WYF00007.asd	999	1348.000	22815.053
WYF00007.asd	1000	1349.000	22673.005
WYF00007.asd	1001	1350.000	22521.990
WYF00007.asd	1002	1351.000	22348.333
WYF00007.asd	1003	1352.000	22169.601
WYF00007.asd	1004	1353.000	21977.035
WYF00007.asd	1005	1354.000	21785.070
WYF00007.asd	1006	1355.000	21577.708
WYF00007.asd	1007	1356.000	21380.222
WYF00007.asd	1008	1357.000	21170.245
WYF00007.asd	1009	1358.000	20986.408
WYF00007.asd	1010	1359.000	20808.981
WYF00007.asd	1011	1360.000	20650.309
WYF00007.asd	1012	1361.000	20525.237
WYF00007.asd	1013	1362.000	20433.011
WYF00007.asd	1014	1363.000	20379.386
WYF00007.asd	1015	1364.000	20362.112
WYF00007.asd	1016	1365.000	20372.836
WYF00007.asd	1017	1366.000	20426.176
WYF00007.asd	1018	1367.000	20487.002
WYF00007.asd	1019	1368.000	20579.120
WYF00007.asd	1020	1369.000	20671.854
WYF00007.asd	1021	1370.000	20792.491
WYF00007.asd	1022	1371.000	20889.914
WYF00007.asd	1023	1372.000	21009.128
WYF00007.asd	1024	1373.000	21075.528
WYF00007.asd	1025	1374.000	21141.107
WYF00007.asd	1026	1375.000	21135.345
WYF00007.asd	1027	1376.000	21084.074
WYF00007.asd	1028	1377.000	20988.215
WYF00007.asd	1029	1378.000	20803.852
WYF00007.asd	1030	1379.000	20645.918
WYF00007.asd	1031	1380.000	20427.084
WYF00007.asd	1032	1381.000	20271.411
WYF00007.asd	1033	1382.000	20116.403
WYF00007.asd	1034	1383.000	20022.635
WYF00007.asd	1035	1384.000	19990.256
WYF00007.asd	1036	1385.000	19972.043
WYF00007.asd	1037	1386.000	20004.954
WYF00007.asd	1038	1387.000	20052.498
WYF00007.asd	1039	1388.000	20093.824
WYF00007.asd	1040	1389.000	20133.813
WYF00007.asd	1041	1390.000	20138.924
WYF00007.asd	1042	1391.000	20129.616
WYF00007.asd	1043	1392.000	20101.398
WYF00007.asd	1044	1393.000	20038.994
WYF00007.asd	1045	1394.000	19993.504
WYF00007.asd	1046	1395.000	19934.255
WYF00007.asd	1047	1396.000	19896.149
WYF00007.asd	1048	1397.000	19864.754
WYF00007.asd	1049	1398.000	19839.452
WYF00007.asd	1050	1399.000	19829.573
WYF00007.asd	1051	1400.000	19810.640
WYF00007.asd	1052	1401.000	19795.165
WYF00007.asd	1053	1402.000	19772.830
WYF00007.asd	1054	1403.000	19749.270
WYF00007.asd	1055	1404.000	19718.386
WYF00007.asd	1056	1405.000	19673.024
WYF00007.asd	1057	1406.000	19642.703
WYF00007.asd	1058	1407.000	19612.930
WYF00007.asd	1059	1408.000	19587.594
WYF00007.asd	1060	1409.000	19572.670
WYF00007.asd	1061	1410.000	19557.271
WYF00007.asd	1062	1411.000	19544.410
WYF00007.asd	1063	1412.000	19528.940
WYF00007.asd	1064	1413.000	19519.690
WYF00007.asd	1065	1414.000	19503.563
WYF00007.asd	1066	1415.000	19481.596
WYF00007.asd	1067	1416.000	19457.517
WYF00007.asd	1068	1417.000	19427.478
WYF00007.asd	1069	1418.000	19399.869
WYF00007.asd	1070	1419.000	19371.061
WYF00007.asd	1071	1420.000	19342.282
WYF00007.asd	1072	1421.000	19313.704
WYF00007.asd	1073	1422.000	19285.685
WYF00007.asd	1074	1423.000	19260.821
WYF00007.asd	1075	1424.000	19237.843
WYF00007.asd	1076	1425.000	19210.560
WYF00007.asd	1077	1426.000	19185.217
WYF00007.asd	1078	1427.000	19156.764
WYF00007.asd	1079	1428.000	19121.819
WYF00007.asd	1080	1429.000	19092.758
WYF00007.asd	1081	1430.000	19064.451
WYF00007.asd	1082	1431.000	19040.942
WYF00007.asd	1083	1432.000	19019.889
WYF00007.asd	1084	1433.000	19000.808
WYF00007.asd	1085	1434.000	18986.068
WYF00007.asd	1086	1435.000	18972.199
WYF00007.asd	1087	1436.000	18958.127
WYF00007.asd	1088	1437.000	18948.490
WYF00007.asd	1089	1438.000	18945.020
WYF00007.asd	1090	1439.000	18938.337
WYF00007.asd	1091	1440.000	18933.491
WYF00007.asd	1092	1441.000	18927.186
WYF00007.asd	1093	1442.000	18915.802
WYF00007.asd	1094	1443.000	18911.025
WYF00007.asd	1095	1444.000	18909.087
WYF00007.asd	1096	1445.000	18908.682
WYF00007.asd	1097	1446.000	18912.234
WYF00007.asd	1098	1447.000	18916.779
WYF00007.asd	1099	1448.000	18923.539
WYF00007.asd	1100	1449.000	18929.687
WYF00007.asd	1101	1450.000	18936.658
WYF00007.asd	1102	1451.000	18944.999
WYF00007.asd	1103	1452.000	18955.494
WYF00007.asd	1104	1453.000	18963.193
WYF00007.asd	1105	1454.000	18971.231
WYF00007.asd	1106	1455.000	18978.755
WYF00007.asd	1107	1456.000	18984.213
WYF00007.asd	1108	1457.000	18986.260
WYF00007.asd	1109	1458.000	18984.542
WYF00007.asd	1110	1459.000	18981.886
WYF00007.asd	1111	1460.000	18972.981
WYF00007.asd	1112	1461.000	18957.425
WYF00007.asd	1113	1462.000	18942.931
WYF00007.asd	1114	1463.000	18924.803
WYF00007.asd	1115	1464.000	18908.694
WYF00007.asd	1116	1465.000	18891.226
WYF00007.asd	1117	1466.000	18875.518
WYF00007.asd	1118	1467.000	18861.042
WYF00007.asd	1119	1468.000	18845.917
WYF00007.asd	1120	1469.000	18829.789
WYF00007.asd	1121	1470.000	18817.188
WYF00007.asd	1122	1471.000	18804.120
WYF00007.asd	1123	1472.000	18795.853
WYF00007.asd	1124	1473.000	18792.267
WYF00007.asd	1125	1474.000	18788.392
WYF00007.asd	1126	1475.000	18786.131
WYF00007.asd	1127	1476.000	18786.189
WYF00007.asd	1128	1477.000	18787.404
WYF00007.asd	1129	1478.000	18791.376
WYF00007.asd	1130	1479.000	18801.701
WYF00007.asd	1131	1480.000	18806.257
WYF00007.asd	1132	1481.000	18811.628
WYF00007.asd	1133	1482.000	18812.725
WYF00007.asd	1134	1483.000	18805.846
WYF00007.asd	1135	1484.000	18805.292
WYF00007.asd	1136	1485.000	18806.163
WYF00007.asd	1137	1486.000	18806.624
WYF00007.asd	1138	1487.000	18809.335
WYF00007.asd	1139	1488.000	18812.262
WYF00007.asd	1140	1489.000	18816.692
WYF00007.asd	1141	1490.000	18817.581
WYF00007.asd	1142	1491.000	18817.271
WYF00007.asd	1143	1492.000	18817.872
WYF00007.asd	1144	1493.000	18815.174
WYF00007.asd	1145	1494.000	18813.774
WYF00007.asd	1146	1495.000	18815.202
WYF00007.asd	1147	1496.000	18815.249
WYF00007.asd	1148	1497.000	18813.762
WYF00007.asd	1149	1498.000	18812.792
WYF00007.asd	1150	1499.000	18812.453
WYF00007.asd	1151	1500.000	18812.019
WYF00007.asd	1152	1501.000	18809.523
WYF00007.asd	1153	1502.000	18806.967
WYF00007.asd	1154	1503.000	18802.821
WYF00007.asd	1155	1504.000	18796.552
WYF00007.asd	1156	1505.000	18793.264
WYF00007.asd	1157	1506.000	18790.347
WYF00007.asd	1158	1507.000	18788.182
WYF00007.asd	1159	1508.000	18788.046
WYF00007.asd	1160	1509.000	18786.803
WYF00007.asd	1161	1510.000	18784.869
WYF00007.asd	1162	1511.000	18784.371
WYF00007.asd	1163	1512.000	18784.085
WYF00007.asd	1164	1513.000	18784.722
WYF00007.asd	1165	1514.000	18788.145
WYF00007.asd	1166	1515.000	18786.937
WYF00007.asd	1167	1516.000	18783.528
WYF00007.asd	1168	1517.000	18782.526
WYF00007.asd	1169	1518.000	18780.033
WYF00007.asd	1170	1519.000	18777.721
WYF00007.asd	1171	1520.000	18777.741
WYF00007.asd	1172	1521.000	18775.944
WYF00007.asd	1173	1522.000	18770.860
WYF00007.asd	1174	1523.000	18769.376
WYF00007.asd	1175	1524.000	18769.658
WYF00007.asd	1176	1525.000	18770.532
WYF00007.asd	1177	1526.000	18774.597
WYF00007.asd	1178	1527.000	18774.054
WYF00007.asd	1179	1528.000	18774.512
WYF00007.asd	1180	1529.000	18769.104
WYF00007.asd	1181	1530.000	18758.069
WYF00007.asd	1182	1531.000	18747.777
WYF00007.asd	1183	1532.000	18732.677
WYF00007.asd	1184	1533.000	18721.684
WYF00007.asd	1185	1534.000	18712.019
WYF00007.asd	1186	1535.000	18701.932
WYF00007.asd	1187	1536.000	18695.789
WYF00007.asd	1188	1537.000	18684.677
WYF00007.asd	1189	1538.000	18667.667
WYF00007.asd	1190	1539.000	18656.570
WYF00007.asd	1191	1540.000	18647.693
WYF00007.asd	1192	1541.000	18635.662
WYF00007.asd	1193	1542.000	18626.704
WYF00007.asd	1194	1543.000	18614.794
WYF00007.asd	1195	1544.000	18598.355
WYF00007.asd	1196	1545.000	18582.449
WYF00007.asd	1197	1546.000	18566.179
WYF00007.asd	1198	1547.000	18550.395
WYF00007.asd	1199	1548.000	18531.728
WYF00007.asd	1200	1549.000	18515.847
WYF00007.asd	1201	1550.000	18502.607
WYF00007.asd	1202	1551.000	18489.117
WYF00007.asd	1203	1552.000	18479.796
WYF00007.asd	1204	1553.000	18466.016
WYF00007.asd	1205	1554.000	18449.238
WYF00007.asd	1206	1555.000	18432.976
WYF00007.asd	1207	1556.000	18412.605
WYF00007.asd	1208	1557.000	18394.150
WYF00007.asd	1209	1558.000	18379.488
WYF00007.asd	1210	1559.000	18361.680
WYF00007.asd	1211	1560.000	18341.021
WYF00007.asd	1212	1561.000	18322.770
WYF00007.asd	1213	1562.000	18305.242
WYF00007.asd	1214	1563.000	18285.712
WYF00007.asd	1215	1564.000	18269.296
WYF00007.asd	1216	1565.000	18250.174
WYF00007.asd	1217	1566.000	18224.221
WYF00007.asd	1218	1567.000	18198.107
WYF00007.asd	1219	1568.000	18171.058
WYF00007.asd	1220	1569.000	18145.828
WYF00007.asd	1221	1570.000	18124.138
WYF00007.asd	1222	1571.000	18104.792
WYF00007.asd	1223	1572.000	18086.021
WYF00007.asd	1224	1573.000	18062.920
WYF00007.asd	1225	1574.000	18037.719
WYF00007.asd	1226	1575.000	18010.587
WYF00007.asd	1227	1576.000	17985.240
WYF00007.asd	1228	1577.000	17963.192
WYF00007.asd	1229	1578.000	17940.648
WYF00007.asd	1230	1579.000	17920.336
WYF00007.asd	1231	1580.000	17895.436
WYF00007.asd	1232	1581.000	17867.562
WYF00007.asd	1233	1582.000	17843.890
WYF00007.asd	1234	1583.000	17818.169
WYF00007.asd	1235	1584.000	17794.695
WYF00007.asd	1236	1585.000	17774.977
WYF00007.asd	1237	1586.000	17752.015
WYF00007.asd	1238	1587.000	17728.062
WYF00007.asd	1239	1588.000	17705.000
WYF00007.asd	1240	1589.000	17681.560
WYF00007.asd	1241	1590.000	17657.453
WYF00007.asd	1242	1591.000	17632.888
WYF00007.asd	1243	1592.000	17609.959
WYF00007.asd	1244	1593.000	17586.863
WYF00007.asd	1245	1594.000	17564.090
WYF00007.asd	1246	1595.000	17544.067
WYF00007.asd	1247	1596.000	17520.435
WYF00007.asd	1248	1597.000	17494.373
WYF00007.asd	1249	1598.000	17469.215
WYF00007.asd	1250	1599.000	17443.415
WYF00007.asd	1251	1600.000	17417.203
WYF00007.asd	1252	1601.000	17391.584
WYF00007.asd	1253	1602.000	17365.232
WYF00007.asd	1254	1603.000	17338.396
WYF00007.asd	1255	1604.000	17308.600
WYF00007.asd	1256	1605.000	17277.438
WYF00007.asd	1257	1606.000	17245.215
WYF00007.asd	1258	1607.000	17209.364
WYF00007.asd	1259	1608.000	17177.123
WYF00007.asd	1260	1609.000	17147.390
WYF00007.asd	1261	1610.000	17112.820
WYF00007.asd	1262	1611.000	17078.898
WYF00007.asd	1263	1612.000	17041.621
WYF00007.asd	1264	1613.000	17000.214
WYF00007.asd	1265	1614.000	16957.860
WYF00007.asd	1266	1615.000	16912.713
WYF00007.asd	1267	1616.000	16868.939
WYF00007.asd	1268	1617.000	16824.396
WYF00007.asd	1269	1618.000	16779.497
WYF00007.asd	1270	1619.000	16735.982
WYF00007.asd	1271	1620.000	16688.360
WYF00007.asd	1272	1621.000	16638.415
WYF00007.asd	1273	1622.000	16586.520
WYF00007.asd	1274	1623.000	16531.307
WYF00007.asd	1275	1624.000	16479.751
WYF00007.asd	1276	1625.000	16427.834
WYF00007.asd	1277	1626.000	16375.144
WYF00007.asd	1278	1627.000	16324.911
WYF00007.asd	1279	1628.000	16271.607
WYF00007.asd	1280	1629.000	16214.090
WYF00007.asd	1281	1630.000	16159.908
WYF00007.asd	1282	1631.000	16107.606
WYF00007.asd	1283	1632.000	16053.518
WYF00007.asd	1284	1633.000	16000.983
WYF00007.asd	1285	1634.000	15944.279
WYF00007.asd	1286	1635.000	15883.974
WYF00007.asd	1287	1636.000	15825.502
WYF00007.asd	1288	1637.000	15766.089
WYF00007.asd	1289	1638.000	15705.246
WYF00007.asd	1290	1639.000	15646.243
WYF00007.asd	1291	1640.000	15581.766
WYF00007.asd	1292	1641.000	15514.584
WYF00007.asd	1293	1642.000	15442.848
WYF00007.asd	1294	1643.000	15365.041
WYF00007.asd	1295	1644.000	15292.327
WYF00007.asd	1296	1645.000	15219.046
WYF00007.asd	1297	1646.000	15143.392
WYF00007.asd	1298	1647.000	15070.754
WYF00007.asd	1299	1648.000	14992.735
WYF00007.asd	1300	1649.000	14910.296
WYF00007.asd	1301	1650.000	14824.555
WYF00007.asd	1302	1651.000	14736.089
WYF00007.asd	1303	1652.000	14646.868
WYF00007.asd	1304	1653.000	14551.283
WYF00007.asd	1305	1654.000	14459.878
WYF00007.asd	1306	1655.000	14369.647
WYF00007.asd	1307	1656.000	14281.801
WYF00007.asd	1308	1657.000	14196.680
WYF00007.asd	1309	1658.000	14109.492
WYF00007.asd	1310	1659.000	14022.919
WYF00007.asd	1311	1660.000	13938.251
WYF00007.asd	1312	1661.000	13850.806
WYF00007.asd	1313	1662.000	13770.652
WYF00007.asd	1314	1663.000	13690.183
WYF00007.asd	1315	1664.000	13607.532
WYF00007.asd	1316	1665.000	13531.500
WYF00007.asd	1317	1666.000	13458.750
WYF00007.asd	1318	1667.000	13386.960
WYF00007.asd	1319	1668.000	13315.803
WYF00007.asd	1320	1669.000	13245.768
WYF00007.asd	1321	1670.000	13177.591
WYF00007.asd	1322	1671.000	13109.841
WYF00007.asd	1323	1672.000	13048.276
WYF00007.asd	1324	1673.000	12989.955
WYF00007.asd	1325	1674.000	12931.004
WYF00007.asd	1326	1675.000	12878.717
WYF00007.asd	1327	1676.000	12829.195
WYF00007.asd	1328	1677.000	12774.520
WYF00007.asd	1329	1678.000	12721.960
WYF00007.asd	1330	1679.000	12669.434
WYF00007.asd	1331	1680.000	12614.532
WYF00007.asd	1332	1681.000	12564.334
WYF00007.asd	1333	1682.000	12511.395
WYF00007.asd	1334	1683.000	12455.069
WYF00007.asd	1335	1684.000	12399.420
WYF00007.asd	1336	1685.000	12344.138
WYF00007.asd	1337	1686.000	12291.008
WYF00007.asd	1338	1687.000	12235.824
WYF00007.asd	1339	1688.000	12177.761
WYF00007.asd	1340	1689.000	12121.129
WYF00007.asd	1341	1690.000	12061.550
WYF00007.asd	1342	1691.000	11997.846
WYF00007.asd	1343	1692.000	11937.316
WYF00007.asd	1344	1693.000	11875.850
WYF00007.asd	1345	1694.000	11812.060
WYF00007.asd	1346	1695.000	11756.000
WYF00007.asd	1347	1696.000	11702.069
WYF00007.asd	1348	1697.000	11644.560
WYF00007.asd	1349	1698.000	11587.543
WYF00007.asd	1350	1699.000	11527.265
WYF00007.asd	1351	1700.000	11464.812
WYF00007.asd	1352	1701.000	11405.869
WYF00007.asd	1353	1702.000	11348.318
WYF00007.asd	1354	1703.000	11291.217
WYF00007.asd	1355	1704.000	11235.552
WYF00007.asd	1356	1705.000	11177.927
WYF00007.asd	1357	1706.000	11118.774
WYF00007.asd	1358	1707.000	11061.386
WYF00007.asd	1359	1708.000	11005.630
WYF00007.asd	1360	1709.000	10947.503
WYF00007.asd	1361	1710.000	10890.739
WYF00007.asd	1362	1711.000	10837.186
WYF00007.asd	1363	1712.000	10782.250
WYF00007.asd	1364	1713.000	10728.442
WYF00007.asd	1365	1714.000	10671.799
WYF00007.asd	1366	1715.000	10614.565
WYF00007.asd	1367	1716.000	10556.947
WYF00007.asd	1368	1717.000	10496.097
WYF00007.asd	1369	1718.000	10438.269
WYF00007.asd	1370	1719.000	10381.639
WYF00007.asd	1371	1720.000	10327.473
WYF00007.asd	1372	1721.000	10275.430
WYF00007.asd	1373	1722.000	10225.820
WYF00007.asd	1374	1723.000	10176.477
WYF00007.asd	1375	1724.000	10127.268
WYF00007.asd	1376	1725.000	10079.798
WYF00007.asd	1377	1726.000	10033.123
WYF00007.asd	1378	1727.000	9992.298
WYF00007.asd	1379	1728.000	9955.529
WYF00007.asd	1380	1729.000	9919.158
WYF00007.asd	1381	1730.000	9887.286
WYF00007.asd	1382	1731.000	9852.437
WYF00007.asd	1383	1732.000	9815.707
WYF00007.asd	1384	1733.000	9782.744
WYF00007.asd	1385	1734.000	9751.740
WYF00007.asd	1386	1735.000	9721.781
WYF00007.asd	1387	1736.000	9694.588
WYF00007.asd	1388	1737.000	9665.011
WYF00007.asd	1389	1738.000	9635.324
WYF00007.asd	1390	1739.000	9600.409
WYF00007.asd	1391	1740.000	9568.249
WYF00007.asd	1392	1741.000	9531.418
WYF00007.asd	1393	1742.000	9492.101
WYF00007.asd	1394	1743.000	9454.123
WYF00007.asd	1395	1744.000	9410.877
WYF00007.asd	1396	1745.000	9364.525
WYF00007.asd	1397	1746.000	9322.429
WYF00007.asd	1398	1747.000	9284.687
WYF00007.asd	1399	1748.000	9245.201
WYF00007.asd	1400	1749.000	9203.492
WYF00007.asd	1401	1750.000	9160.797
WYF00007.asd	1402	1751.000	9112.039
WYF00007.asd	1403	1752.000	9062.049
WYF00007.asd	1404	1753.000	9017.931
WYF00007.asd	1405	1754.000	8974.955
WYF00007.asd	1406	1755.000	8933.830
WYF00007.asd	1407	1756.000	8890.937
WYF00007.asd	1408	1757.000	8845.121
WYF00007.asd	1409	1758.000	8802.253
WYF00007.asd	1410	1759.000	8758.214
WYF00007.asd	1411	1760.000	8715.551
WYF00007.asd	1412	1761.000	8674.422
WYF00007.asd	1413	1762.000	8629.914
WYF00007.asd	1414	1763.000	8583.082
WYF00007.asd	1415	1764.000	8541.839
WYF00007.asd	1416	1765.000	8506.742
WYF00007.asd	1417	1766.000	8471.212
WYF00007.asd	1418	1767.000	8437.053
WYF00007.asd	1419	1768.000	8398.863
WYF00007.asd	1420	1769.000	8358.633
WYF00007.asd	1421	1770.000	8321.300
WYF00007.asd	1422	1771.000	8283.812
WYF00007.asd	1423	1772.000	8246.953
WYF00007.asd	1424	1773.000	8205.421
WYF00007.asd	1425	1774.000	8158.664
WYF00007.asd	1426	1775.000	8112.544
WYF00007.asd	1427	1776.000	8068.031
WYF00007.asd	1428	1777.000	8028.499
WYF00007.asd	1429	1778.000	7986.388
WYF00007.asd	1430	1779.000	7944.874
WYF00007.asd	1431	1780.000	7898.257
WYF00007.asd	1432	1781.000	7852.216
WYF00007.asd	1433	1782.000	7802.091
WYF00007.asd	1434	1783.000	7752.501
WYF00007.asd	1435	1784.000	7701.012
WYF00007.asd	1436	1785.000	7643.806
WYF00007.asd	1437	1786.000	7589.185
WYF00007.asd	1438	1787.000	7530.390
WYF00007.asd	1439	1788.000	7465.921
WYF00007.asd	1440	1789.000	7398.003
WYF00007.asd	1441	1790.000	7322.942
WYF00007.asd	1442	1791.000	7244.037
WYF00007.asd	1443	1792.000	7162.294
WYF00007.asd	1444	1793.000	7078.560
WYF00007.asd	1445	1794.000	6990.083
WYF00007.asd	1446	1795.000	6890.672
WYF00007.asd	1447	1796.000	6781.183
WYF00007.asd	1448	1797.000	6666.499
WYF00007.asd	1449	1798.000	6547.415
WYF00007.asd	1450	1799.000	6423.091
WYF00007.asd	1451	1800.000	6291.217
WYF00007.asd	1452	1801.000	14192.845
WYF00007.asd	1453	1802.000	14325.422
WYF00007.asd	1454	1803.000	14443.174
WYF00007.asd	1455	1804.000	14575.225
WYF00007.asd	1456	1805.000	14711.226
WYF00007.asd	1457	1806.000	14846.196
WYF00007.asd	1458	1807.000	14987.331
WYF00007.asd	1459	1808.000	15153.630
WYF00007.asd	1460	1809.000	15281.333
WYF00007.asd	1461	1810.000	15409.410
WYF00007.asd	1462	1811.000	15503.682
WYF00007.asd	1463	1812.000	15560.493
WYF00007.asd	1464	1813.000	15621.608
WYF00007.asd	1465	1814.000	15665.801
WYF00007.asd	1466	1815.000	15704.404
WYF00007.asd	1467	1816.000	15730.617
WYF00007.asd	1468	1817.000	15758.457
WYF00007.asd	1469	1818.000	15787.701
WYF00007.asd	1470	1819.000	15801.298
WYF00007.asd	1471	1820.000	15835.018
WYF00007.asd	1472	1821.000	15881.531
WYF00007.asd	1473	1822.000	15927.863
WYF00007.asd	1474	1823.000	15988.082
WYF00007.asd	1475	1824.000	16037.697
WYF00007.asd	1476	1825.000	16080.410
WYF00007.asd	1477	1826.000	16130.839
WYF00007.asd	1478	1827.000	16179.588
WYF00007.asd	1479	1828.000	16233.323
WYF00007.asd	1480	1829.000	16266.791
WYF00007.asd	1481	1830.000	16307.353
WYF00007.asd	1482	1831.000	16319.695
WYF00007.asd	1483	1832.000	16300.446
WYF00007.asd	1484	1833.000	16285.979
WYF00007.asd	1485	1834.000	16246.639
WYF00007.asd	1486	1835.000	16225.015
WYF00007.asd	1487	1836.000	16207.934
WYF00007.asd	1488	1837.000	16179.426
WYF00007.asd	1489	1838.000	16191.835
WYF00007.asd	1490	1839.000	16208.265
WYF00007.asd	1491	1840.000	16271.168
WYF00007.asd	1492	1841.000	16382.801
WYF00007.asd	1493	1842.000	16488.359
WYF00007.asd	1494	1843.000	16648.837
WYF00007.asd	1495	1844.000	16770.292
WYF00007.asd	1496	1845.000	16879.925
WYF00007.asd	1497	1846.000	16980.227
WYF00007.asd	1498	1847.000	17085.678
WYF00007.asd	1499	1848.000	17178.498
WYF00007.asd	1500	1849.000	17277.084
WYF00007.asd	1501	1850.000	17390.999
WYF00007.asd	1502	1851.000	17482.653
WYF00007.asd	1503	1852.000	17555.187
WYF00007.asd	1504	1853.000	17636.005
WYF00007.asd	1505	1854.000	17714.085
WYF00007.asd	1506	1855.000	17787.775
WYF00007.asd	1507	1856.000	17859.651
WYF00007.asd	1508	1857.000	17930.959
WYF00007.asd	1509	1858.000	18006.091
WYF00007.asd	1510	1859.000	18080.966
WYF00007.asd	1511	1860.000	18149.427
WYF00007.asd	1512	1861.000	18267.188
WYF00007.asd	1513	1862.000	18289.914
WYF00007.asd	1514	1863.000	18290.887
WYF00007.asd	1515	1864.000	18232.741
WYF00007.asd	1516	1865.000	18108.385
WYF00007.asd	1517	1866.000	17944.761
WYF00007.asd	1518	1867.000	17737.639
WYF00007.asd	1519	1868.000	17444.427
WYF00007.asd	1520	1869.000	17230.501
WYF00007.asd	1521	1870.000	16942.563
WYF00007.asd	1522	1871.000	16791.829
WYF00007.asd	1523	1872.000	16692.866
WYF00007.asd	1524	1873.000	16675.568
WYF00007.asd	1525	1874.000	16749.296
WYF00007.asd	1526	1875.000	16856.440
WYF00007.asd	1527	1876.000	17058.988
WYF00007.asd	1528	1877.000	17285.522
WYF00007.asd	1529	1878.000	17480.635
WYF00007.asd	1530	1879.000	17736.985
WYF00007.asd	1531	1880.000	17880.958
WYF00007.asd	1532	1881.000	18001.114
WYF00007.asd	1533	1882.000	18048.328
WYF00007.asd	1534	1883.000	18026.430
WYF00007.asd	1535	1884.000	17964.456
WYF00007.asd	1536	1885.000	17829.636
WYF00007.asd	1537	1886.000	17683.273
WYF00007.asd	1538	1887.000	17475.509
WYF00007.asd	1539	1888.000	17270.186
WYF00007.asd	1540	1889.000	17063.784
WYF00007.asd	1541	1890.000	16839.730
WYF00007.asd	1542	1891.000	16620.452
WYF00007.asd	1543	1892.000	16413.287
WYF00007.asd	1544	1893.000	16174.746
WYF00007.asd	1545	1894.000	15921.897
WYF00007.asd	1546	1895.000	15658.991
WYF00007.asd	1547	1896.000	15386.403
WYF00007.asd	1548	1897.000	15092.260
WYF00007.asd	1549	1898.000	14767.050
WYF00007.asd	1550	1899.000	14441.703
WYF00007.asd	1551	1900.000	14140.890
WYF00007.asd	1552	1901.000	13811.511
WYF00007.asd	1553	1902.000	13543.153
WYF00007.asd	1554	1903.000	13308.601
WYF00007.asd	1555	1904.000	13104.870
WYF00007.asd	1556	1905.000	12930.278
WYF00007.asd	1557	1906.000	12782.735
WYF00007.asd	1558	1907.000	12676.565
WYF00007.asd	1559	1908.000	12586.345
WYF00007.asd	1560	1909.000	12518.673
WYF00007.asd	1561	1910.000	12445.048
WYF00007.asd	1562	1911.000	12372.134
WYF00007.asd	1563	1912.000	12312.664
WYF00007.asd	1564	1913.000	12237.690
WYF00007.asd	1565	1914.000	12150.482
WYF00007.asd	1566	1915.000	12076.993
WYF00007.asd	1567	1916.000	11996.532
WYF00007.asd	1568	1917.000	11928.744
WYF00007.asd	1569	1918.000	11872.238
WYF00007.asd	1570	1919.000	11815.479
WYF00007.asd	1571	1920.000	11769.840
WYF00007.asd	1572	1921.000	11737.688
WYF00007.asd	1573	1922.000	11728.683
WYF00007.asd	1574	1923.000	11744.269
WYF00007.asd	1575	1924.000	11763.089
WYF00007.asd	1576	1925.000	11803.298
WYF00007.asd	1577	1926.000	11840.314
WYF00007.asd	1578	1927.000	11890.238
WYF00007.asd	1579	1928.000	11926.819
WYF00007.asd	1580	1929.000	11962.793
WYF00007.asd	1581	1930.000	11997.997
WYF00007.asd	1582	1931.000	12025.604
WYF00007.asd	1583	1932.000	12054.355
WYF00007.asd	1584	1933.000	12089.114
WYF00007.asd	1585	1934.000	12127.473
WYF00007.asd	1586	1935.000	12163.173
WYF00007.asd	1587	1936.000	12195.176
WYF00007.asd	1588	1937.000	12236.952
WYF00007.asd	1589	1938.000	12271.279
WYF00007.asd	1590	1939.000	12325.752
WYF00007.asd	1591	1940.000	12403.311
WYF00007.asd	1592	1941.000	12469.991
WYF00007.asd	1593	1942.000	12522.598
WYF00007.asd	1594	1943.000	12607.275
WYF00007.asd	1595	1944.000	12671.849
WYF00007.asd	1596	1945.000	12725.000
WYF00007.asd	1597	1946.000	12794.367
WYF00007.asd	1598	1947.000	12876.917
WYF00007.asd	1599	1948.000	12946.885
WYF00007.asd	1600	1949.000	13021.724
WYF00007.asd	1601	1950.000	13087.869
WYF00007.asd	1602	1951.000	13147.138
WYF00007.asd	1603	1952.000	13206.134
WYF00007.asd	1604	1953.000	13261.970
WYF00007.asd	1605	1954.000	13311.124
WYF00007.asd	1606	1955.000	13363.200
WYF00007.asd	1607	1956.000	13411.221
WYF00007.asd	1608	1957.000	13462.242
WYF00007.asd	1609	1958.000	13522.575
WYF00007.asd	1610	1959.000	13586.607
WYF00007.asd	1611	1960.000	13669.427
WYF00007.asd	1612	1961.000	13727.851
WYF00007.asd	1613	1962.000	13776.523
WYF00007.asd	1614	1963.000	13828.162
WYF00007.asd	1615	1964.000	13869.034
WYF00007.asd	1616	1965.000	13907.708
WYF00007.asd	1617	1966.000	13959.577
WYF00007.asd	1618	1967.000	14022.907
WYF00007.asd	1619	1968.000	14082.355
WYF00007.asd	1620	1969.000	14134.109
WYF00007.asd	1621	1970.000	14184.023
WYF00007.asd	1622	1971.000	14230.177
WYF00007.asd	1623	1972.000	14277.882
WYF00007.asd	1624	1973.000	14321.928
WYF00007.asd	1625	1974.000	14368.859
WYF00007.asd	1626	1975.000	14418.962
WYF00007.asd	1627	1976.000	14465.221
WYF00007.asd	1628	1977.000	14505.132
WYF00007.asd	1629	1978.000	14559.342
WYF00007.asd	1630	1979.000	14602.385
WYF00007.asd	1631	1980.000	14638.083
WYF00007.asd	1632	1981.000	14687.830
WYF00007.asd	1633	1982.000	14712.315
WYF00007.asd	1634	1983.000	14742.655
WYF00007.asd	1635	1984.000	14771.685
WYF00007.asd	1636	1985.000	14806.303
WYF00007.asd	1637	1986.000	14838.999
WYF00007.asd	1638	1987.000	14878.314
WYF00007.asd	1639	1988.000	14926.984
WYF00007.asd	1640	1989.000	14969.952
WYF00007.asd	1641	1990.000	15006.910
WYF00007.asd	1642	1991.000	15039.916
WYF00007.asd	1643	1992.000	15066.422
WYF00007.asd	1644	1993.000	15083.891
WYF00007.asd	1645	1994.000	15110.286
WYF00007.asd	1646	1995.000	15131.112
WYF00007.asd	1647	1996.000	15156.182
WYF00007.asd	1648	1997.000	15190.306
WYF00007.asd	1649	1998.000	15219.707
WYF00007.asd	1650	1999.000	15249.594
WYF00007.asd	1651	2000.000	15269.815
WYF00007.asd	1652	2001.000	15288.027
WYF00007.asd	1653	2002.000	15294.212
WYF00007.asd	1654	2003.000	15293.708
WYF00007.asd	1655	2004.000	15297.009
WYF00007.asd	1656	2005.000	15311.138
WYF00007.asd	1657	2006.000	15325.137
WYF00007.asd	1658	2007.000	15324.479
WYF00007.asd	1659	2008.000	15331.853
WYF00007.asd	1660	2009.000	15335.823
WYF00007.asd	1661	2010.000	15326.118
WYF00007.asd	1662	2011.000	15330.070
WYF00007.asd	1663	2012.000	15344.581
WYF00007.asd	1664	2013.000	15351.983
WYF00007.asd	1665	2014.000	15366.010
WYF00007.asd	1666	2015.000	15367.307
WYF00007.asd	1667	2016.000	15352.484
WYF00007.asd	1668	2017.000	15346.029
WYF00007.asd	1669	2018.000	15332.890
WYF00007.asd	1670	2019.000	15316.229
WYF00007.asd	1671	2020.000	15306.367
WYF00007.asd	1672	2021.000	15296.366
WYF00007.asd	1673	2022.000	15282.653
WYF00007.asd	1674	2023.000	15257.746
WYF00007.asd	1675	2024.000	15234.796
WYF00007.asd	1676	2025.000	15210.959
WYF00007.asd	1677	2026.000	15182.048
WYF00007.asd	1678	2027.000	15144.619
WYF00007.asd	1679	2028.000	15122.451
WYF00007.asd	1680	2029.000	15089.188
WYF00007.asd	1681	2030.000	15051.324
WYF00007.asd	1682	2031.000	15016.102
WYF00007.asd	1683	2032.000	14968.036
WYF00007.asd	1684	2033.000	14921.099
WYF00007.asd	1685	2034.000	14880.320
WYF00007.asd	1686	2035.000	14834.481
WYF00007.asd	1687	2036.000	14797.377
WYF00007.asd	1688	2037.000	14762.133
WYF00007.asd	1689	2038.000	14731.752
WYF00007.asd	1690	2039.000	14688.554
WYF00007.asd	1691	2040.000	14649.676
WYF00007.asd	1692	2041.000	14601.364
WYF00007.asd	1693	2042.000	14532.131
WYF00007.asd	1694	2043.000	14480.135
WYF00007.asd	1695	2044.000	14447.829
WYF00007.asd	1696	2045.000	14409.303
WYF00007.asd	1697	2046.000	14383.064
WYF00007.asd	1698	2047.000	14350.359
WYF00007.asd	1699	2048.000	14290.468
WYF00007.asd	1700	2049.000	14232.360
WYF00007.asd	1701	2050.000	14176.496
WYF00007.asd	1702	2051.000	14119.542
WYF00007.asd	1703	2052.000	14071.481
WYF00007.asd	1704	2053.000	14041.834
WYF00007.asd	1705	2054.000	13999.881
WYF00007.asd	1706	2055.000	13950.250
WYF00007.asd	1707	2056.000	13909.336
WYF00007.asd	1708	2057.000	13881.731
WYF00007.asd	1709	2058.000	13844.305
WYF00007.asd	1710	2059.000	13820.224
WYF00007.asd	1711	2060.000	13805.403
WYF00007.asd	1712	2061.000	13779.614
WYF00007.asd	1713	2062.000	13757.016
WYF00007.asd	1714	2063.000	13745.866
WYF00007.asd	1715	2064.000	13724.134
WYF00007.asd	1716	2065.000	13679.298
WYF00007.asd	1717	2066.000	13633.351
WYF00007.asd	1718	2067.000	13598.841
WYF00007.asd	1719	2068.000	13551.094
WYF00007.asd	1720	2069.000	13521.539
WYF00007.asd	1721	2070.000	13511.114
WYF00007.asd	1722	2071.000	13512.408
WYF00007.asd	1723	2072.000	13487.564
WYF00007.asd	1724	2073.000	13461.707
WYF00007.asd	1725	2074.000	13445.802
WYF00007.asd	1726	2075.000	13409.827
WYF00007.asd	1727	2076.000	13381.892
WYF00007.asd	1728	2077.000	13352.232
WYF00007.asd	1729	2078.000	13314.364
WYF00007.asd	1730	2079.000	13293.477
WYF00007.asd	1731	2080.000	13263.972
WYF00007.asd	1732	2081.000	13241.223
WYF00007.asd	1733	2082.000	13223.911
WYF00007.asd	1734	2083.000	13214.001
WYF00007.asd	1735	2084.000	13189.753
WYF00007.asd	1736	2085.000	13163.890
WYF00007.asd	1737	2086.000	13143.697
WYF00007.asd	1738	2087.000	13107.308
WYF00007.asd	1739	2088.000	13070.516
WYF00007.asd	1740	2089.000	13046.312
WYF00007.asd	1741	2090.000	13016.563
WYF00007.asd	1742	2091.000	12989.096
WYF00007.asd	1743	2092.000	12965.654
WYF00007.asd	1744	2093.000	12937.540
WYF00007.asd	1745	2094.000	12907.789
WYF00007.asd	1746	2095.000	12882.515
WYF00007.asd	1747	2096.000	12865.628
WYF00007.asd	1748	2097.000	12842.508
WYF00007.asd	1749	2098.000	12831.714
WYF00007.asd	1750	2099.000	12816.667
WYF00007.asd	1751	2100.000	12798.763
WYF00007.asd	1752	2101.000	12772.667
WYF00007.asd	1753	2102.000	12746.721
WYF00007.asd	1754	2103.000	12715.434
WYF00007.asd	1755	2104.000	12677.594
WYF00007.asd	1756	2105.000	12641.729
WYF00007.asd	1757	2106.000	12609.898
WYF00007.asd	1758	2107.000	12591.148
WYF00007.asd	1759	2108.000	12572.782
WYF00007.asd	1760	2109.000	12565.774
WYF00007.asd	1761	2110.000	12575.298
WYF00007.asd	1762	2111.000	12568.555
WYF00007.asd	1763	2112.000	12542.742
WYF00007.asd	1764	2113.000	12521.992
WYF00007.asd	1765	2114.000	12489.487
WYF00007.asd	1766	2115.000	12426.922
WYF00007.asd	1767	2116.000	12392.732
WYF00007.asd	1768	2117.000	12371.084
WYF00007.asd	1769	2118.000	12339.156
WYF00007.asd	1770	2119.000	12309.459
WYF00007.asd	1771	2120.000	12290.735
WYF00007.asd	1772	2121.000	12263.657
WYF00007.asd	1773	2122.000	12238.545
WYF00007.asd	1774	2123.000	12219.127
WYF00007.asd	1775	2124.000	12198.800
WYF00007.asd	1776	2125.000	12171.831
WYF00007.asd	1777	2126.000	12143.062
WYF00007.asd	1778	2127.000	12119.429
WYF00007.asd	1779	2128.000	12100.372
WYF00007.asd	1780	2129.000	12071.986
WYF00007.asd	1781	2130.000	12040.995
WYF00007.asd	1782	2131.000	12010.446
WYF00007.asd	1783	2132.000	11970.237
WYF00007.asd	1784	2133.000	11933.317
WYF00007.asd	1785	2134.000	11893.679
WYF00007.asd	1786	2135.000	11862.532
WYF00007.asd	1787	2136.000	11834.118
WYF00007.asd	1788	2137.000	11809.162
WYF00007.asd	1789	2138.000	11789.030
WYF00007.asd	1790	2139.000	11769.391
WYF00007.asd	1791	2140.000	11743.697
WYF00007.asd	1792	2141.000	11725.315
WYF00007.asd	1793	2142.000	11701.911
WYF00007.asd	1794	2143.000	11678.038
WYF00007.asd	1795	2144.000	11662.249
WYF00007.asd	1796	2145.000	11635.040
WYF00007.asd	1797	2146.000	11614.606
WYF00007.asd	1798	2147.000	11604.004
WYF00007.asd	1799	2148.000	11593.283
WYF00007.asd	1800	2149.000	11587.294
WYF00007.asd	1801	2150.000	11573.483
WYF00007.asd	1802	2151.000	11556.312
WYF00007.asd	1803	2152.000	11539.790
WYF00007.asd	1804	2153.000	11516.193
WYF00007.asd	1805	2154.000	11498.206
WYF00007.asd	1806	2155.000	11484.492
WYF00007.asd	1807	2156.000	11472.875
WYF00007.asd	1808	2157.000	11456.079
WYF00007.asd	1809	2158.000	11421.969
WYF00007.asd	1810	2159.000	11391.920
WYF00007.asd	1811	2160.000	11373.512
WYF00007.asd	1812	2161.000	11349.238
WYF00007.asd	1813	2162.000	11337.835
WYF00007.asd	1814	2163.000	11319.355
WYF00007.asd	1815	2164.000	11281.460
WYF00007.asd	1816	2165.000	11255.857
WYF00007.asd	1817	2166.000	11236.583
WYF00007.asd	1818	2167.000	11221.751
WYF00007.asd	1819	2168.000	11204.916
WYF00007.asd	1820	2169.000	11188.068
WYF00007.asd	1821	2170.000	11179.173
WYF00007.asd	1822	2171.000	11164.728
WYF00007.asd	1823	2172.000	11157.525
WYF00007.asd	1824	2173.000	11138.012
WYF00007.asd	1825	2174.000	11108.923
WYF00007.asd	1826	2175.000	11076.035
WYF00007.asd	1827	2176.000	11031.007
WYF00007.asd	1828	2177.000	10994.516
WYF00007.asd	1829	2178.000	10969.586
WYF00007.asd	1830	2179.000	10942.521
WYF00007.asd	1831	2180.000	10934.139
WYF00007.asd	1832	2181.000	10932.665
WYF00007.asd	1833	2182.000	10917.669
WYF00007.asd	1834	2183.000	10897.838
WYF00007.asd	1835	2184.000	10867.405
WYF00007.asd	1836	2185.000	10827.864
WYF00007.asd	1837	2186.000	10788.016
WYF00007.asd	1838	2187.000	10753.552
WYF00007.asd	1839	2188.000	10717.775
WYF00007.asd	1840	2189.000	10681.440
WYF00007.asd	1841	2190.000	10651.485
WYF00007.asd	1842	2191.000	10617.125
WYF00007.asd	1843	2192.000	10577.145
WYF00007.asd	1844	2193.000	10533.697
WYF00007.asd	1845	2194.000	10487.957
WYF00007.asd	1846	2195.000	10429.167
WYF00007.asd	1847	2196.000	10384.918
WYF00007.asd	1848	2197.000	10344.639
WYF00007.asd	1849	2198.000	10314.968
WYF00007.asd	1850	2199.000	10282.202
WYF00007.asd	1851	2200.000	10247.135
WYF00007.asd	1852	2201.000	10204.323
WYF00007.asd	1853	2202.000	10152.324
WYF00007.asd	1854	2203.000	10100.413
WYF00007.asd	1855	2204.000	10044.114
WYF00007.asd	1856	2205.000	10003.455
WYF00007.asd	1857	2206.000	9969.273
WYF00007.asd	1858	2207.000	9941.436
WYF00007.asd	1859	2208.000	9933.468
WYF00007.asd	1860	2209.000	9915.269
WYF00007.asd	1861	2210.000	9890.136
WYF00007.asd	1862	2211.000	9861.588
WYF00007.asd	1863	2212.000	9824.071
WYF00007.asd	1864	2213.000	9784.933
WYF00007.asd	1865	2214.000	9759.124
WYF00007.asd	1866	2215.000	9734.974
WYF00007.asd	1867	2216.000	9714.709
WYF00007.asd	1868	2217.000	9693.307
WYF00007.asd	1869	2218.000	9683.440
WYF00007.asd	1870	2219.000	9655.178
WYF00007.asd	1871	2220.000	9619.754
WYF00007.asd	1872	2221.000	9589.590
WYF00007.asd	1873	2222.000	9552.032
WYF00007.asd	1874	2223.000	9512.161
WYF00007.asd	1875	2224.000	9492.383
WYF00007.asd	1876	2225.000	9448.962
WYF00007.asd	1877	2226.000	9410.553
WYF00007.asd	1878	2227.000	9375.254
WYF00007.asd	1879	2228.000	9326.000
WYF00007.asd	1880	2229.000	9294.383
WYF00007.asd	1881	2230.000	9255.821
WYF00007.asd	1882	2231.000	9204.163
WYF00007.asd	1883	2232.000	9147.808
WYF00007.asd	1884	2233.000	9084.853
WYF00007.asd	1885	2234.000	9014.259
WYF00007.asd	1886	2235.000	8942.229
WYF00007.asd	1887	2236.000	8886.060
WYF00007.asd	1888	2237.000	8833.084
WYF00007.asd	1889	2238.000	8782.038
WYF00007.asd	1890	2239.000	8732.679
WYF00007.asd	1891	2240.000	8661.969
WYF00007.asd	1892	2241.000	8587.497
WYF00007.asd	1893	2242.000	8516.645
WYF00007.asd	1894	2243.000	8435.447
WYF00007.asd	1895	2244.000	8366.939
WYF00007.asd	1896	2245.000	8312.682
WYF00007.asd	1897	2246.000	8249.656
WYF00007.asd	1898	2247.000	8190.787
WYF00007.asd	1899	2248.000	8128.195
WYF00007.asd	1900	2249.000	8053.297
WYF00007.asd	1901	2250.000	7989.468
WYF00007.asd	1902	2251.000	7926.390
WYF00007.asd	1903	2252.000	7874.032
WYF00007.asd	1904	2253.000	7829.282
WYF00007.asd	1905	2254.000	7775.683
WYF00007.asd	1906	2255.000	7722.331
WYF00007.asd	1907	2256.000	7661.435
WYF00007.asd	1908	2257.000	7595.409
WYF00007.asd	1909	2258.000	7543.055
WYF00007.asd	1910	2259.000	7485.604
WYF00007.asd	1911	2260.000	7416.134
WYF00007.asd	1912	2261.000	7350.480
WYF00007.asd	1913	2262.000	7294.942
WYF00007.asd	1914	2263.000	7239.694
WYF00007.asd	1915	2264.000	7198.572
WYF00007.asd	1916	2265.000	7163.525
WYF00007.asd	1917	2266.000	7115.987
WYF00007.asd	1918	2267.000	7062.928
WYF00007.asd	1919	2268.000	7006.697
WYF00007.asd	1920	2269.000	6960.056
WYF00007.asd	1921	2270.000	6910.811
WYF00007.asd	1922	2271.000	6865.157
WYF00007.asd	1923	2272.000	6832.584
WYF00007.asd	1924	2273.000	6791.866
WYF00007.asd	1925	2274.000	6742.263
WYF00007.asd	1926	2275.000	6702.588
WYF00007.asd	1927	2276.000	6665.191
WYF00007.asd	1928	2277.000	6631.037
WYF00007.asd	1929	2278.000	6606.678
WYF00007.asd	1930	2279.000	6569.891
WYF00007.asd	1931	2280.000	6526.255
WYF00007.asd	1932	2281.000	6488.825
WYF00007.asd	1933	2282.000	6449.929
WYF00007.asd	1934	2283.000	6413.349
WYF00007.asd	1935	2284.000	6383.084
WYF00007.asd	1936	2285.000	6349.918
WYF00007.asd	1937	2286.000	6313.548
WYF00007.asd	1938	2287.000	6270.547
WYF00007.asd	1939	2288.000	6222.302
WYF00007.asd	1940	2289.000	6188.768
WYF00007.asd	1941	2290.000	6155.493
WYF00007.asd	1942	2291.000	6113.278
WYF00007.asd	1943	2292.000	6085.919
WYF00007.asd	1944	2293.000	6040.807
WYF00007.asd	1945	2294.000	5986.784
WYF00007.asd	1946	2295.000	5945.041
WYF00007.asd	1947	2296.000	5897.588
WYF00007.asd	1948	2297.000	5849.408
WYF00007.asd	1949	2298.000	5798.549
WYF00007.asd	1950	2299.000	5743.344
WYF00007.asd	1951	2300.000	5687.928
WYF00007.asd	1952	2301.000	5638.066
WYF00007.asd	1953	2302.000	5589.876
WYF00007.asd	1954	2303.000	5541.817
WYF00007.asd	1955	2304.000	5495.466
WYF00007.asd	1956	2305.000	5454.733
WYF00007.asd	1957	2306.000	5421.185
WYF00007.asd	1958	2307.000	5392.636
WYF00007.asd	1959	2308.000	5366.725
WYF00007.asd	1960	2309.000	5352.679
WYF00007.asd	1961	2310.000	5324.719
WYF00007.asd	1962	2311.000	5292.356
WYF00007.asd	1963	2312.000	5254.825
WYF00007.asd	1964	2313.000	5199.897
WYF00007.asd	1965	2314.000	5165.140
WYF00007.asd	1966	2315.000	5141.277
WYF00007.asd	1967	2316.000	5117.768
WYF00007.asd	1968	2317.000	5110.023
WYF00007.asd	1969	2318.000	5082.553
WYF00007.asd	1970	2319.000	5045.746
WYF00007.asd	1971	2320.000	5005.370
WYF00007.asd	1972	2321.000	4952.262
WYF00007.asd	1973	2322.000	4909.296
WYF00007.asd	1974	2323.000	4862.930
WYF00007.asd	1975	2324.000	4826.715
WYF00007.asd	1976	2325.000	4800.212
WYF00007.asd	1977	2326.000	4770.730
WYF00007.asd	1978	2327.000	4749.812
WYF00007.asd	1979	2328.000	4719.130
WYF00007.asd	1980	2329.000	4685.979
WYF00007.asd	1981	2330.000	4647.224
WYF00007.asd	1982	2331.000	4597.974
WYF00007.asd	1983	2332.000	4556.710
WYF00007.asd	1984	2333.000	4512.309
WYF00007.asd	1985	2334.000	4473.602
WYF00007.asd	1986	2335.000	4447.951
WYF00007.asd	1987	2336.000	4408.339
WYF00007.asd	1988	2337.000	4362.810
WYF00007.asd	1989	2338.000	4316.066
WYF00007.asd	1990	2339.000	4255.317
WYF00007.asd	1991	2340.000	4206.438
WYF00007.asd	1992	2341.000	4170.670
WYF00007.asd	1993	2342.000	4139.633
WYF00007.asd	1994	2343.000	4114.987
WYF00007.asd	1995	2344.000	4084.482
WYF00007.asd	1996	2345.000	4054.384
WYF00007.asd	1997	2346.000	4017.256
WYF00007.asd	1998	2347.000	3981.384
WYF00007.asd	1999	2348.000	3948.572
WYF00007.asd	2000	2349.000	3912.832
WYF00007.asd	2001	2350.000	3880.383
WYF00007.asd	2002	2351.000	3847.821
WYF00007.asd	2003	2352.000	3822.434
WYF00007.asd	2004	2353.000	3785.856
WYF00007.asd	2005	2354.000	3750.235
WYF00007.asd	2006	2355.000	3723.496
WYF00007.asd	2007	2356.000	3695.314
WYF00007.asd	2008	2357.000	3675.809
WYF00007.asd	2009	2358.000	3649.241
WYF00007.asd	2010	2359.000	3615.698
WYF00007.asd	2011	2360.000	3582.454
WYF00007.asd	2012	2361.000	3546.664
WYF00007.asd	2013	2362.000	3514.142
WYF00007.asd	2014	2363.000	3485.452
WYF00007.asd	2015	2364.000	3456.347
WYF00007.asd	2016	2365.000	3425.414
WYF00007.asd	2017	2366.000	3394.376
WYF00007.asd	2018	2367.000	3363.890
WYF00007.asd	2019	2368.000	3321.822
WYF00007.asd	2020	2369.000	3283.925
WYF00007.asd	2021	2370.000	3260.399
WYF00007.asd	2022	2371.000	3236.022
WYF00007.asd	2023	2372.000	3219.771
WYF00007.asd	2024	2373.000	3192.180
WYF00007.asd	2025	2374.000	3161.854
WYF00007.asd	2026	2375.000	3130.976
WYF00007.asd	2027	2376.000	3091.012
WYF00007.asd	2028	2377.000	3060.870
WYF00007.asd	2029	2378.000	3039.730
WYF00007.asd	2030	2379.000	3015.324
WYF00007.asd	2031	2380.000	2991.730
WYF00007.asd	2032	2381.000	2962.059
WYF00007.asd	2033	2382.000	2930.631
WYF00007.asd	2034	2383.000	2896.052
WYF00007.asd	2035	2384.000	2851.839
WYF00007.asd	2036	2385.000	2823.405
WYF00007.asd	2037	2386.000	2802.488
WYF00007.asd	2038	2387.000	2773.064
WYF00007.asd	2039	2388.000	2751.661
WYF00007.asd	2040	2389.000	2719.954
WYF00007.asd	2041	2390.000	2673.007
WYF00007.asd	2042	2391.000	2641.924
WYF00007.asd	2043	2392.000	2616.670
WYF00007.asd	2044	2393.000	2585.622
WYF00007.asd	2045	2394.000	2563.627
WYF00007.asd	2046	2395.000	2528.605
WYF00007.asd	2047	2396.000	2474.209
WYF00007.asd	2048	2397.000	2445.944
WYF00007.asd	2049	2398.000	2424.910
WYF00007.asd	2050	2399.000	2400.187
WYF00007.asd	2051	2400.000	2389.460
WYF00007.asd	2052	2401.000	2373.204
WYF00007.asd	2053	2402.000	2354.764
WYF00007.asd	2054	2403.000	2328.309
WYF00007.asd	2055	2404.000	2304.210
WYF00007.asd	2056	2405.000	2272.547
WYF00007.asd	2057	2406.000	2217.910
WYF00007.asd	2058	2407.000	2188.167
WYF00007.asd	2059	2408.000	2174.956
WYF00007.asd	2060	2409.000	2146.621
WYF00007.asd	2061	2410.000	2120.215
WYF00007.asd	2062	2411.000	2093.666
WYF00007.asd	2063	2412.000	2050.315
WYF00007.asd	2064	2413.000	2030.923
WYF00007.asd	2065	2414.000	2033.638
WYF00007.asd	2066	2415.000	2019.061
WYF00007.asd	2067	2416.000	2009.749
WYF00007.asd	2068	2417.000	1990.928
WYF00007.asd	2069	2418.000	1958.511
WYF00007.asd	2070	2419.000	1929.983
WYF00007.asd	2071	2420.000	1903.046
WYF00007.asd	2072	2421.000	1871.037
WYF00007.asd	2073	2422.000	1829.690
WYF00007.asd	2074	2423.000	1801.134
WYF00007.asd	2075	2424.000	1776.576
WYF00007.asd	2076	2425.000	1750.340
WYF00007.asd	2077	2426.000	1730.971
WYF00007.asd	2078	2427.000	1708.580
WYF00007.asd	2079	2428.000	1681.488
WYF00007.asd	2080	2429.000	1659.557
WYF00007.asd	2081	2430.000	1642.911
WYF00007.asd	2082	2431.000	1621.404
WYF00007.asd	2083	2432.000	1599.724
WYF00007.asd	2084	2433.000	1574.459
WYF00007.asd	2085	2434.000	1543.024
WYF00007.asd	2086	2435.000	1521.424
WYF00007.asd	2087	2436.000	1502.984
WYF00007.asd	2088	2437.000	1481.448
WYF00007.asd	2089	2438.000	1464.550
WYF00007.asd	2090	2439.000	1444.807
WYF00007.asd	2091	2440.000	1417.969
WYF00007.asd	2092	2441.000	1402.150
WYF00007.asd	2093	2442.000	1394.949
WYF00007.asd	2094	2443.000	1379.142
WYF00007.asd	2095	2444.000	1365.011
WYF00007.asd	2096	2445.000	1342.875
WYF00007.asd	2097	2446.000	1313.576
WYF00007.asd	2098	2447.000	1288.485
WYF00007.asd	2099	2448.000	1259.457
WYF00007.asd	2100	2449.000	1245.981
WYF00007.asd	2101	2450.000	1224.118
WYF00007.asd	2102	2451.000	1197.654
WYF00007.asd	2103	2452.000	1187.839
WYF00007.asd	2104	2453.000	1171.051
WYF00007.asd	2105	2454.000	1156.172
WYF00007.asd	2106	2455.000	1141.313
WYF00007.asd	2107	2456.000	1119.093
WYF00007.asd	2108	2457.000	1108.689
WYF00007.asd	2109	2458.000	1084.550
WYF00007.asd	2110	2459.000	1080.230
WYF00007.asd	2111	2460.000	1071.447
WYF00007.asd	2112	2461.000	1063.833
WYF00007.asd	2113	2462.000	1049.248
WYF00007.asd	2114	2463.000	1024.201
WYF00007.asd	2115	2464.000	1005.474
WYF00007.asd	2116	2465.000	982.516
WYF00007.asd	2117	2466.000	966.005
WYF00007.asd	2118	2467.000	966.052
WYF00007.asd	2119	2468.000	952.596
WYF00007.asd	2120	2469.000	930.846
WYF00007.asd	2121	2470.000	911.106
WYF00007.asd	2122	2471.000	878.537
WYF00007.asd	2123	2472.000	859.245
WYF00007.asd	2124	2473.000	852.279
WYF00007.asd	2125	2474.000	841.294
WYF00007.asd	2126	2475.000	835.631
WYF00007.asd	2127	2476.000	826.957
WYF00007.asd	2128	2477.000	817.276
WYF00007.asd	2129	2478.000	803.877
WYF00007.asd	2130	2479.000	784.835
WYF00007.asd	2131	2480.000	772.137
WYF00007.asd	2132	2481.000	760.306
WYF00007.asd	2133	2482.000	747.187
WYF00007.asd	2134	2483.000	737.155
WYF00007.asd	2135	2484.000	728.261
WYF00007.asd	2136	2485.000	719.009
WYF00007.asd	2137	2486.000	706.806
WYF00007.asd	2138	2487.000	704.212
WYF00007.asd	2139	2488.000	682.063
WYF00007.asd	2140	2489.000	633.605
WYF00007.asd	2141	2490.000	616.444
WYF00007.asd	2142	2491.000	603.423
WYF00007.asd	2143	2492.000	595.917
WYF00007.asd	2144	2493.000	617.152
WYF00007.asd	2145	2494.000	610.429
WYF00007.asd	2146	2495.000	588.436
WYF00007.asd	2147	2496.000	571.371
WYF00007.asd	2148	2497.000	542.062
WYF00007.asd	2149	2498.000	535.324
WYF00007.asd	2150	2499.000	542.567
WYF00007.asd	2151	2500.000	534.813
