WYF00008.asd	1	350.000	16.604
WYF00008.asd	2	351.000	17.221
WYF00008.asd	3	352.000	17.440
WYF00008.asd	4	353.000	16.347
WYF00008.asd	5	354.000	17.813
WYF00008.asd	6	355.000	18.346
WYF00008.asd	7	356.000	17.262
WYF00008.asd	8	357.000	17.503
WYF00008.asd	9	358.000	19.535
WYF00008.asd	10	359.000	21.347
WYF00008.asd	11	360.000	21.935
WYF00008.asd	12	361.000	22.817
WYF00008.asd	13	362.000	23.062
WYF00008.asd	14	363.000	23.576
WYF00008.asd	15	364.000	24.906
WYF00008.asd	16	365.000	25.078
WYF00008.asd	17	366.000	26.383
WYF00008.asd	18	367.000	27.563
WYF00008.asd	19	368.000	26.804
WYF00008.asd	20	369.000	27.731
WYF00008.asd	21	370.000	27.043
WYF00008.asd	22	371.000	26.271
WYF00008.asd	23	372.000	29.809
WYF00008.asd	24	373.000	31.295
WYF00008.asd	25	374.000	31.308
WYF00008.asd	26	375.000	30.797
WYF00008.asd	27	376.000	30.043
WYF00008.asd	28	377.000	31.418
WYF00008.asd	29	378.000	32.692
WYF00008.asd	30	379.000	32.611
WYF00008.asd	31	380.000	35.085
WYF00008.asd	32	381.000	34.749
WYF00008.asd	33	382.000	33.990
WYF00008.asd	34	383.000	36.119
WYF00008.asd	35	384.000	35.653
WYF00008.asd	36	385.000	35.849
WYF00008.asd	37	386.000	36.869
WYF00008.asd	38	387.000	36.963
WYF00008.asd	39	388.000	38.369
WYF00008.asd	40	389.000	39.371
WYF00008.asd	41	390.000	39.554
WYF00008.asd	42	391.000	40.541
WYF00008.asd	43	392.000	40.021
WYF00008.asd	44	393.000	39.448
WYF00008.asd	45	394.000	40.272
WYF00008.asd	46	395.000	42.108
WYF00008.asd	47	396.000	44.078
WYF00008.asd	48	397.000	44.944
WYF00008.asd	49	398.000	44.147
WYF00008.asd	50	399.000	44.148
WYF00008.asd	51	400.000	45.797
WYF00008.asd	52	401.000	47.992
WYF00008.asd	53	402.000	48.718
WYF00008.asd	54	403.000	51.474
WYF00008.asd	55	404.000	52.972
WYF00008.asd	56	405.000	52.829
WYF00008.asd	57	406.000	55.784
WYF00008.asd	58	407.000	56.458
WYF00008.asd	59	408.000	56.789
WYF00008.asd	60	409.000	59.146
WYF00008.asd	61	410.000	62.133
WYF00008.asd	62	411.000	63.615
WYF00008.asd	63	412.000	64.382
WYF00008.asd	64	413.000	66.345
WYF00008.asd	65	414.000	69.005
WYF00008.asd	66	415.000	70.950
WYF00008.asd	67	416.000	72.542
WYF00008.asd	68	417.000	75.676
WYF00008.asd	69	418.000	77.962
WYF00008.asd	70	419.000	80.597
WYF00008.asd	71	420.000	84.154
WYF00008.asd	72	421.000	86.810
WYF00008.asd	73	422.000	89.079
WYF00008.asd	74	423.000	92.515
WYF00008.asd	75	424.000	97.741
WYF00008.asd	76	425.000	100.180
WYF00008.asd	77	426.000	102.841
WYF00008.asd	78	427.000	106.890
WYF00008.asd	79	428.000	111.722
WYF00008.asd	80	429.000	114.432
WYF00008.asd	81	430.000	117.961
WYF00008.asd	82	431.000	123.148
WYF00008.asd	83	432.000	126.702
WYF00008.asd	84	433.000	130.453
WYF00008.asd	85	434.000	134.954
WYF00008.asd	86	435.000	140.204
WYF00008.asd	87	436.000	145.709
WYF00008.asd	88	437.000	149.713
WYF00008.asd	89	438.000	153.519
WYF00008.asd	90	439.000	159.374
WYF00008.asd	91	440.000	163.098
WYF00008.asd	92	441.000	167.745
WYF00008.asd	93	442.000	173.580
WYF00008.asd	94	443.000	176.863
WYF00008.asd	95	444.000	181.417
WYF00008.asd	96	445.000	186.330
WYF00008.asd	97	446.000	190.635
WYF00008.asd	98	447.000	196.310
WYF00008.asd	99	448.000	201.114
WYF00008.asd	100	449.000	204.948
WYF00008.asd	101	450.000	208.752
WYF00008.asd	102	451.000	213.067
WYF00008.asd	103	452.000	217.511
WYF00008.asd	104	453.000	221.341
WYF00008.asd	105	454.000	223.719
WYF00008.asd	106	455.000	229.244
WYF00008.asd	107	456.000	233.758
WYF00008.asd	108	457.000	234.869
WYF00008.asd	109	458.000	239.137
WYF00008.asd	110	459.000	243.323
WYF00008.asd	111	460.000	245.754
WYF00008.asd	112	461.000	246.167
WYF00008.asd	113	462.000	248.695
WYF00008.asd	114	463.000	251.481
WYF00008.asd	115	464.000	253.723
WYF00008.asd	116	465.000	256.148
WYF00008.asd	117	466.000	259.193
WYF00008.asd	118	467.000	262.329
WYF00008.asd	119	468.000	264.727
WYF00008.asd	120	469.000	264.988
WYF00008.asd	121	470.000	267.221
WYF00008.asd	122	471.000	271.399
WYF00008.asd	123	472.000	275.248
WYF00008.asd	124	473.000	274.913
WYF00008.asd	125	474.000	276.716
WYF00008.asd	126	475.000	281.028
WYF00008.asd	127	476.000	281.608
WYF00008.asd	128	477.000	284.732
WYF00008.asd	129	478.000	287.736
WYF00008.asd	130	479.000	288.536
WYF00008.asd	131	480.000	291.210
WYF00008.asd	132	481.000	293.090
WYF00008.asd	133	482.000	294.579
WYF00008.asd	134	483.000	297.109
WYF00008.asd	135	484.000	299.656
WYF00008.asd	136	485.000	302.212
WYF00008.asd	137	486.000	304.667
WYF00008.asd	138	487.000	306.745
WYF00008.asd	139	488.000	309.166
WYF00008.asd	140	489.000	312.975
WYF00008.asd	141	490.000	317.890
WYF00008.asd	142	491.000	319.542
WYF00008.asd	143	492.000	323.491
WYF00008.asd	144	493.000	329.032
WYF00008.asd	145	494.000	332.901
WYF00008.asd	146	495.000	338.525
WYF00008.asd	147	496.000	343.819
WYF00008.asd	148	497.000	348.571
WYF00008.asd	149	498.000	355.582
WYF00008.asd	150	499.000	362.405
WYF00008.asd	151	500.000	369.316
WYF00008.asd	152	501.000	377.043
WYF00008.asd	153	502.000	385.351
WYF00008.asd	154	503.000	395.455
WYF00008.asd	155	504.000	406.387
WYF00008.asd	156	505.000	416.236
WYF00008.asd	157	506.000	427.441
WYF00008.asd	158	507.000	440.983
WYF00008.asd	159	508.000	456.460
WYF00008.asd	160	509.000	471.556
WYF00008.asd	161	510.000	490.230
WYF00008.asd	162	511.000	511.408
WYF00008.asd	163	512.000	533.292
WYF00008.asd	164	513.000	557.768
WYF00008.asd	165	514.000	583.689
WYF00008.asd	166	515.000	613.100
WYF00008.asd	167	516.000	649.598
WYF00008.asd	168	517.000	683.422
WYF00008.asd	169	518.000	719.275
WYF00008.asd	170	519.000	760.887
WYF00008.asd	171	520.000	805.539
WYF00008.asd	172	521.000	852.175
WYF00008.asd	173	522.000	899.338
WYF00008.asd	174	523.000	946.273
WYF00008.asd	175	524.000	995.954
WYF00008.asd	176	525.000	1045.862
WYF00008.asd	177	526.000	1095.320
WYF00008.asd	178	527.000	1145.688
WYF00008.asd	179	528.000	1194.513
WYF00008.asd	180	529.000	1241.322
WYF00008.asd	181	530.000	1286.466
WYF00008.asd	182	531.000	1331.366
WYF00008.asd	183	532.000	1373.510
WYF00008.asd	184	533.000	1414.287
WYF00008.asd	185	534.000	1456.204
WYF00008.asd	186	535.000	1494.729
WYF00008.asd	187	536.000	1532.412
WYF00008.asd	188	537.000	1570.144
WYF00008.asd	189	538.000	1605.686
WYF00008.asd	190	539.000	1642.241
WYF00008.asd	191	540.000	1678.393
WYF00008.asd	192	541.000	1712.691
WYF00008.asd	193	542.000	1747.880
WYF00008.asd	194	543.000	1785.020
WYF00008.asd	195	544.000	1823.453
WYF00008.asd	196	545.000	1861.477
WYF00008.asd	197	546.000	1900.652
WYF00008.asd	198	547.000	1939.513
WYF00008.asd	199	548.000	1977.391
WYF00008.asd	200	549.000	2015.722
WYF00008.asd	201	550.000	2056.130
WYF00008.asd	202	551.000	2096.415
WYF00008.asd	203	552.000	2134.062
WYF00008.asd	204	553.000	2173.452
WYF00008.asd	205	554.000	2208.604
WYF00008.asd	206	555.000	2238.912
WYF00008.asd	207	556.000	2269.405
WYF00008.asd	208	557.000	2296.591
WYF00008.asd	209	558.000	2320.160
WYF00008.asd	210	559.000	2339.629
WYF00008.asd	211	560.000	2352.220
WYF00008.asd	212	561.000	2360.741
WYF00008.asd	213	562.000	2365.429
WYF00008.asd	214	563.000	2365.070
WYF00008.asd	215	564.000	2358.631
WYF00008.asd	216	565.000	2344.736
WYF00008.asd	217	566.000	2323.519
WYF00008.asd	218	567.000	2297.123
WYF00008.asd	219	568.000	2267.950
WYF00008.asd	220	569.000	2234.031
WYF00008.asd	221	570.000	2193.806
WYF00008.asd	222	571.000	2152.378
WYF00008.asd	223	572.000	2108.875
WYF00008.asd	224	573.000	2066.468
WYF00008.asd	225	574.000	2031.015
WYF00008.asd	226	575.000	2000.017
WYF00008.asd	227	576.000	1974.795
WYF00008.asd	228	577.000	1954.786
WYF00008.asd	229	578.000	1934.637
WYF00008.asd	230	579.000	1914.933
WYF00008.asd	231	580.000	1893.320
WYF00008.asd	232	581.000	1867.805
WYF00008.asd	233	582.000	1843.076
WYF00008.asd	234	583.000	1823.557
WYF00008.asd	235	584.000	1809.184
WYF00008.asd	236	585.000	1794.976
WYF00008.asd	237	586.000	1784.338
WYF00008.asd	238	587.000	1774.723
WYF00008.asd	239	588.000	1762.997
WYF00008.asd	240	589.000	1748.148
WYF00008.asd	241	590.000	1733.478
WYF00008.asd	242	591.000	1719.704
WYF00008.asd	243	592.000	1706.694
WYF00008.asd	244	593.000	1701.932
WYF00008.asd	245	594.000	1702.231
WYF00008.asd	246	595.000	1704.303
WYF00008.asd	247	596.000	1707.196
WYF00008.asd	248	597.000	1711.321
WYF00008.asd	249	598.000	1716.361
WYF00008.asd	250	599.000	1721.726
WYF00008.asd	251	600.000	1726.567
WYF00008.asd	252	601.000	1731.929
WYF00008.asd	253	602.000	1737.402
WYF00008.asd	254	603.000	1741.105
WYF00008.asd	255	604.000	1741.322
WYF00008.asd	256	605.000	1737.882
WYF00008.asd	257	606.000	1731.751
WYF00008.asd	258	607.000	1725.756
WYF00008.asd	259	608.000	1717.207
WYF00008.asd	260	609.000	1707.598
WYF00008.asd	261	610.000	1699.685
WYF00008.asd	262	611.000	1689.668
WYF00008.asd	263	612.000	1679.422
WYF00008.asd	264	613.000	1670.178
WYF00008.asd	265	614.000	1661.585
WYF00008.asd	266	615.000	1651.273
WYF00008.asd	267	616.000	1640.111
WYF00008.asd	268	617.000	1629.535
WYF00008.asd	269	618.000	1619.154
WYF00008.asd	270	619.000	1609.215
WYF00008.asd	271	620.000	1599.314
WYF00008.asd	272	621.000	1588.834
WYF00008.asd	273	622.000	1580.993
WYF00008.asd	274	623.000	1573.450
WYF00008.asd	275	624.000	1564.913
WYF00008.asd	276	625.000	1558.050
WYF00008.asd	277	626.000	1552.061
WYF00008.asd	278	627.000	1546.478
WYF00008.asd	279	628.000	1541.151
WYF00008.asd	280	629.000	1537.692
WYF00008.asd	281	630.000	1533.000
WYF00008.asd	282	631.000	1526.805
WYF00008.asd	283	632.000	1522.139
WYF00008.asd	284	633.000	1514.917
WYF00008.asd	285	634.000	1506.353
WYF00008.asd	286	635.000	1497.534
WYF00008.asd	287	636.000	1485.341
WYF00008.asd	288	637.000	1472.276
WYF00008.asd	289	638.000	1458.871
WYF00008.asd	290	639.000	1444.501
WYF00008.asd	291	640.000	1429.132
WYF00008.asd	292	641.000	1412.421
WYF00008.asd	293	642.000	1395.635
WYF00008.asd	294	643.000	1382.750
WYF00008.asd	295	644.000	1367.822
WYF00008.asd	296	645.000	1352.494
WYF00008.asd	297	646.000	1339.895
WYF00008.asd	298	647.000	1328.583
WYF00008.asd	299	648.000	1318.754
WYF00008.asd	300	649.000	1310.169
WYF00008.asd	301	650.000	1302.329
WYF00008.asd	302	651.000	1296.915
WYF00008.asd	303	652.000	1292.696
WYF00008.asd	304	653.000	1288.758
WYF00008.asd	305	654.000	1286.125
WYF00008.asd	306	655.000	1284.076
WYF00008.asd	307	656.000	1282.585
WYF00008.asd	308	657.000	1281.482
WYF00008.asd	309	658.000	1278.078
WYF00008.asd	310	659.000	1274.487
WYF00008.asd	311	660.000	1271.561
WYF00008.asd	312	661.000	1268.273
WYF00008.asd	313	662.000	1267.353
WYF00008.asd	314	663.000	1266.260
WYF00008.asd	315	664.000	1263.498
WYF00008.asd	316	665.000	1264.870
WYF00008.asd	317	666.000	1265.943
WYF00008.asd	318	667.000	1267.783
WYF00008.asd	319	668.000	1273.939
WYF00008.asd	320	669.000	1279.233
WYF00008.asd	321	670.000	1285.637
WYF00008.asd	322	671.000	1294.099
WYF00008.asd	323	672.000	1302.657
WYF00008.asd	324	673.000	1311.120
WYF00008.asd	325	674.000	1321.096
WYF00008.asd	326	675.000	1334.113
WYF00008.asd	327	676.000	1349.030
WYF00008.asd	328	677.000	1363.438
WYF00008.asd	329	678.000	1378.184
WYF00008.asd	330	679.000	1396.399
WYF00008.asd	331	680.000	1414.559
WYF00008.asd	332	681.000	1432.320
WYF00008.asd	333	682.000	1451.057
WYF00008.asd	334	683.000	1474.673
WYF00008.asd	335	684.000	1500.253
WYF00008.asd	336	685.000	1527.402
WYF00008.asd	337	686.000	1556.783
WYF00008.asd	338	687.000	1588.936
WYF00008.asd	339	688.000	1627.280
WYF00008.asd	340	689.000	1673.769
WYF00008.asd	341	690.000	1728.937
WYF00008.asd	342	691.000	1799.845
WYF00008.asd	343	692.000	1889.844
WYF00008.asd	344	693.000	2001.752
WYF00008.asd	345	694.000	2138.557
WYF00008.asd	346	695.000	2308.133
WYF00008.asd	347	696.000	2514.670
WYF00008.asd	348	697.000	2760.477
WYF00008.asd	349	698.000	3049.270
WYF00008.asd	350	699.000	3382.826
WYF00008.asd	351	700.000	3760.745
WYF00008.asd	352	701.000	4180.365
WYF00008.asd	353	702.000	4641.718
WYF00008.asd	354	703.000	5140.752
WYF00008.asd	355	704.000	5673.486
WYF00008.asd	356	705.000	6240.021
WYF00008.asd	357	706.000	6832.053
WYF00008.asd	358	707.000	7448.244
WYF00008.asd	359	708.000	8091.044
WYF00008.asd	360	709.000	8757.942
WYF00008.asd	361	710.000	9444.952
WYF00008.asd	362	711.000	10149.317
WYF00008.asd	363	712.000	10870.233
WYF00008.asd	364	713.000	11608.677
WYF00008.asd	365	714.000	12365.940
WYF00008.asd	366	715.000	13140.489
WYF00008.asd	367	716.000	13921.948
WYF00008.asd	368	717.000	14711.571
WYF00008.asd	369	718.000	15510.795
WYF00008.asd	370	719.000	16320.560
WYF00008.asd	371	720.000	17136.822
WYF00008.asd	372	721.000	17953.310
WYF00008.asd	373	722.000	18769.310
WYF00008.asd	374	723.000	19593.296
WYF00008.asd	375	724.000	20402.257
WYF00008.asd	376	725.000	21199.899
WYF00008.asd	377	726.000	21994.093
WYF00008.asd	378	727.000	22776.214
WYF00008.asd	379	728.000	23553.272
WYF00008.asd	380	729.000	24319.296
WYF00008.asd	381	730.000	25060.425
WYF00008.asd	382	731.000	25777.903
WYF00008.asd	383	732.000	26476.504
WYF00008.asd	384	733.000	27157.291
WYF00008.asd	385	734.000	27814.409
WYF00008.asd	386	735.000	28454.539
WYF00008.asd	387	736.000	29072.540
WYF00008.asd	388	737.000	29661.801
WYF00008.asd	389	738.000	30222.214
WYF00008.asd	390	739.000	30768.388
WYF00008.asd	391	740.000	31292.195
WYF00008.asd	392	741.000	31774.406
WYF00008.asd	393	742.000	32244.088
WYF00008.asd	394	743.000	32691.961
WYF00008.asd	395	744.000	33113.200
WYF00008.asd	396	745.000	33517.006
WYF00008.asd	397	746.000	33893.587
WYF00008.asd	398	747.000	34256.695
WYF00008.asd	399	748.000	34617.891
WYF00008.asd	400	749.000	34959.326
WYF00008.asd	401	750.000	35285.142
WYF00008.asd	402	751.000	35589.963
WYF00008.asd	403	752.000	35866.611
WYF00008.asd	404	753.000	36139.335
WYF00008.asd	405	754.000	36406.483
WYF00008.asd	406	755.000	36656.110
WYF00008.asd	407	756.000	36867.474
WYF00008.asd	408	757.000	37075.776
WYF00008.asd	409	758.000	37279.401
WYF00008.asd	410	759.000	37470.396
WYF00008.asd	411	760.000	37651.615
WYF00008.asd	412	761.000	37824.511
WYF00008.asd	413	762.000	37988.426
WYF00008.asd	414	763.000	38140.560
WYF00008.asd	415	764.000	38273.490
WYF00008.asd	416	765.000	38389.031
WYF00008.asd	417	766.000	38495.439
WYF00008.asd	418	767.000	38606.121
WYF00008.asd	419	768.000	38712.454
WYF00008.asd	420	769.000	38808.687
WYF00008.asd	421	770.000	38894.131
WYF00008.asd	422	771.000	38979.892
WYF00008.asd	423	772.000	39050.728
WYF00008.asd	424	773.000	39110.009
WYF00008.asd	425	774.000	39168.317
WYF00008.asd	426	775.000	39233.324
WYF00008.asd	427	776.000	39278.182
WYF00008.asd	428	777.000	39306.739
WYF00008.asd	429	778.000	39347.926
WYF00008.asd	430	779.000	39378.668
WYF00008.asd	431	780.000	39397.951
WYF00008.asd	432	781.000	39409.020
WYF00008.asd	433	782.000	39416.211
WYF00008.asd	434	783.000	39423.552
WYF00008.asd	435	784.000	39425.392
WYF00008.asd	436	785.000	39416.641
WYF00008.asd	437	786.000	39406.194
WYF00008.asd	438	787.000	39388.550
WYF00008.asd	439	788.000	39360.372
WYF00008.asd	440	789.000	39320.471
WYF00008.asd	441	790.000	39271.828
WYF00008.asd	442	791.000	39212.472
WYF00008.asd	443	792.000	39149.015
WYF00008.asd	444	793.000	39097.327
WYF00008.asd	445	794.000	39035.917
WYF00008.asd	446	795.000	38966.661
WYF00008.asd	447	796.000	38898.415
WYF00008.asd	448	797.000	38848.780
WYF00008.asd	449	798.000	38759.906
WYF00008.asd	450	799.000	38647.550
WYF00008.asd	451	800.000	38547.548
WYF00008.asd	452	801.000	38444.104
WYF00008.asd	453	802.000	38358.252
WYF00008.asd	454	803.000	38288.168
WYF00008.asd	455	804.000	38213.754
WYF00008.asd	456	805.000	38123.896
WYF00008.asd	457	806.000	38015.007
WYF00008.asd	458	807.000	37895.271
WYF00008.asd	459	808.000	37785.511
WYF00008.asd	460	809.000	37666.502
WYF00008.asd	461	810.000	37551.278
WYF00008.asd	462	811.000	37444.801
WYF00008.asd	463	812.000	37310.756
WYF00008.asd	464	813.000	37185.403
WYF00008.asd	465	814.000	37061.588
WYF00008.asd	466	815.000	36922.611
WYF00008.asd	467	816.000	36791.548
WYF00008.asd	468	817.000	36665.585
WYF00008.asd	469	818.000	36543.368
WYF00008.asd	470	819.000	36424.025
WYF00008.asd	471	820.000	36296.133
WYF00008.asd	472	821.000	36165.166
WYF00008.asd	473	822.000	36031.863
WYF00008.asd	474	823.000	35888.426
WYF00008.asd	475	824.000	35750.849
WYF00008.asd	476	825.000	35602.148
WYF00008.asd	477	826.000	35433.924
WYF00008.asd	478	827.000	35273.514
WYF00008.asd	479	828.000	35117.128
WYF00008.asd	480	829.000	34959.956
WYF00008.asd	481	830.000	34795.346
WYF00008.asd	482	831.000	34613.471
WYF00008.asd	483	832.000	34436.810
WYF00008.asd	484	833.000	34270.597
WYF00008.asd	485	834.000	34107.408
WYF00008.asd	486	835.000	33938.325
WYF00008.asd	487	836.000	33770.049
WYF00008.asd	488	837.000	33602.010
WYF00008.asd	489	838.000	33426.022
WYF00008.asd	490	839.000	33255.796
WYF00008.asd	491	840.000	33093.650
WYF00008.asd	492	841.000	32932.156
WYF00008.asd	493	842.000	32751.932
WYF00008.asd	494	843.000	32581.475
WYF00008.asd	495	844.000	32408.474
WYF00008.asd	496	845.000	32224.753
WYF00008.asd	497	846.000	32065.218
WYF00008.asd	498	847.000	31897.406
WYF00008.asd	499	848.000	31722.119
WYF00008.asd	500	849.000	31553.037
WYF00008.asd	501	850.000	31398.607
WYF00008.asd	502	851.000	31236.965
WYF00008.asd	503	852.000	31061.870
WYF00008.asd	504	853.000	30880.595
WYF00008.asd	505	854.000	30710.442
WYF00008.asd	506	855.000	30533.159
WYF00008.asd	507	856.000	30350.570
WYF00008.asd	508	857.000	30184.899
WYF00008.asd	509	858.000	30017.995
WYF00008.asd	510	859.000	29842.636
WYF00008.asd	511	860.000	29659.227
WYF00008.asd	512	861.000	29476.469
WYF00008.asd	513	862.000	29296.040
WYF00008.asd	514	863.000	29116.721
WYF00008.asd	515	864.000	28936.237
WYF00008.asd	516	865.000	28752.046
WYF00008.asd	517	866.000	28568.396
WYF00008.asd	518	867.000	28392.867
WYF00008.asd	519	868.000	28225.048
WYF00008.asd	520	869.000	28036.575
WYF00008.asd	521	870.000	27843.163
WYF00008.asd	522	871.000	27653.877
WYF00008.asd	523	872.000	27471.306
WYF00008.asd	524	873.000	27284.306
WYF00008.asd	525	874.000	27098.041
WYF00008.asd	526	875.000	26914.961
WYF00008.asd	527	876.000	26733.706
WYF00008.asd	528	877.000	26543.471
WYF00008.asd	529	878.000	26357.060
WYF00008.asd	530	879.000	26177.513
WYF00008.asd	531	880.000	25996.395
WYF00008.asd	532	881.000	25803.646
WYF00008.asd	533	882.000	25612.496
WYF00008.asd	534	883.000	25428.937
WYF00008.asd	535	884.000	25245.438
WYF00008.asd	536	885.000	25050.180
WYF00008.asd	537	886.000	24852.964
WYF00008.asd	538	887.000	24662.023
WYF00008.asd	539	888.000	24475.510
WYF00008.asd	540	889.000	24287.234
WYF00008.asd	541	890.000	24094.016
WYF00008.asd	542	891.000	23897.796
WYF00008.asd	543	892.000	23709.108
WYF00008.asd	544	893.000	23515.274
WYF00008.asd	545	894.000	23326.532
WYF00008.asd	546	895.000	23150.625
WYF00008.asd	547	896.000	22969.606
WYF00008.asd	548	897.000	22787.317
WYF00008.asd	549	898.000	22599.382
WYF00008.asd	550	899.000	22405.126
WYF00008.asd	551	900.000	22225.357
WYF00008.asd	552	901.000	22043.420
WYF00008.asd	553	902.000	21861.282
WYF00008.asd	554	903.000	21686.014
WYF00008.asd	555	904.000	21507.252
WYF00008.asd	556	905.000	21326.054
WYF00008.asd	557	906.000	21143.272
WYF00008.asd	558	907.000	20958.908
WYF00008.asd	559	908.000	20769.845
WYF00008.asd	560	909.000	20577.364
WYF00008.asd	561	910.000	20387.080
WYF00008.asd	562	911.000	20203.555
WYF00008.asd	563	912.000	20008.657
WYF00008.asd	564	913.000	19818.922
WYF00008.asd	565	914.000	19634.364
WYF00008.asd	566	915.000	19442.386
WYF00008.asd	567	916.000	19253.094
WYF00008.asd	568	917.000	19060.579
WYF00008.asd	569	918.000	18869.192
WYF00008.asd	570	919.000	18689.743
WYF00008.asd	571	920.000	18499.761
WYF00008.asd	572	921.000	18307.255
WYF00008.asd	573	922.000	18116.810
WYF00008.asd	574	923.000	17925.779
WYF00008.asd	575	924.000	17732.610
WYF00008.asd	576	925.000	17534.801
WYF00008.asd	577	926.000	17336.088
WYF00008.asd	578	927.000	17144.809
WYF00008.asd	579	928.000	16947.344
WYF00008.asd	580	929.000	16745.667
WYF00008.asd	581	930.000	16541.685
WYF00008.asd	582	931.000	16335.275
WYF00008.asd	583	932.000	16135.942
WYF00008.asd	584	933.000	15942.335
WYF00008.asd	585	934.000	15751.911
WYF00008.asd	586	935.000	15562.473
WYF00008.asd	587	936.000	15361.946
WYF00008.asd	588	937.000	15164.712
WYF00008.asd	589	938.000	14976.440
WYF00008.asd	590	939.000	14787.529
WYF00008.asd	591	940.000	14605.027
WYF00008.asd	592	941.000	14419.564
WYF00008.asd	593	942.000	14231.152
WYF00008.asd	594	943.000	14052.156
WYF00008.asd	595	944.000	13866.439
WYF00008.asd	596	945.000	13677.749
WYF00008.asd	597	946.000	13493.153
WYF00008.asd	598	947.000	13317.839
WYF00008.asd	599	948.000	13138.803
WYF00008.asd	600	949.000	12956.314
WYF00008.asd	601	950.000	12776.177
WYF00008.asd	602	951.000	12605.619
WYF00008.asd	603	952.000	12428.891
WYF00008.asd	604	953.000	12252.734
WYF00008.asd	605	954.000	12080.474
WYF00008.asd	606	955.000	11908.658
WYF00008.asd	607	956.000	11739.983
WYF00008.asd	608	957.000	11577.035
WYF00008.asd	609	958.000	11417.509
WYF00008.asd	610	959.000	11255.797
WYF00008.asd	611	960.000	11097.733
WYF00008.asd	612	961.000	10944.201
WYF00008.asd	613	962.000	10793.141
WYF00008.asd	614	963.000	10641.375
WYF00008.asd	615	964.000	10492.408
WYF00008.asd	616	965.000	10344.621
WYF00008.asd	617	966.000	10198.597
WYF00008.asd	618	967.000	10056.091
WYF00008.asd	619	968.000	9913.319
WYF00008.asd	620	969.000	9775.295
WYF00008.asd	621	970.000	9639.705
WYF00008.asd	622	971.000	9501.395
WYF00008.asd	623	972.000	9367.800
WYF00008.asd	624	973.000	9232.552
WYF00008.asd	625	974.000	9097.202
WYF00008.asd	626	975.000	8966.217
WYF00008.asd	627	976.000	8836.208
WYF00008.asd	628	977.000	8706.614
WYF00008.asd	629	978.000	8575.377
WYF00008.asd	630	979.000	8442.431
WYF00008.asd	631	980.000	8315.426
WYF00008.asd	632	981.000	8191.642
WYF00008.asd	633	982.000	8066.456
WYF00008.asd	634	983.000	7938.965
WYF00008.asd	635	984.000	7818.996
WYF00008.asd	636	985.000	7697.190
WYF00008.asd	637	986.000	7575.032
WYF00008.asd	638	987.000	7454.762
WYF00008.asd	639	988.000	7334.131
WYF00008.asd	640	989.000	7212.843
WYF00008.asd	641	990.000	7096.285
WYF00008.asd	642	991.000	6983.779
WYF00008.asd	643	992.000	6865.687
WYF00008.asd	644	993.000	6748.882
WYF00008.asd	645	994.000	6635.935
WYF00008.asd	646	995.000	6525.274
WYF00008.asd	647	996.000	6412.437
WYF00008.asd	648	997.000	6298.077
WYF00008.asd	649	998.000	6188.176
WYF00008.asd	650	999.000	6081.599
WYF00008.asd	651	1000.000	5973.054
WYF00008.asd	652	1001.000	6516.654
WYF00008.asd	653	1002.000	6564.255
WYF00008.asd	654	1003.000	6610.538
WYF00008.asd	655	1004.000	6658.782
WYF00008.asd	656	1005.000	6708.325
WYF00008.asd	657	1006.000	6756.746
WYF00008.asd	658	1007.000	6806.178
WYF00008.asd	659	1008.000	6854.366
WYF00008.asd	660	1009.000	6899.969
WYF00008.asd	661	1010.000	6948.767
WYF00008.asd	662	1011.000	6999.513
WYF00008.asd	663	1012.000	7049.530
WYF00008.asd	664	1013.000	7104.692
WYF00008.asd	665	1014.000	7160.580
WYF00008.asd	666	1015.000	7215.330
WYF00008.asd	667	1016.000	7272.527
WYF00008.asd	668	1017.000	7329.044
WYF00008.asd	669	1018.000	7384.326
WYF00008.asd	670	1019.000	7443.314
WYF00008.asd	671	1020.000	7503.387
WYF00008.asd	672	1021.000	7564.480
WYF00008.asd	673	1022.000	7630.165
WYF00008.asd	674	1023.000	7692.519
WYF00008.asd	675	1024.000	7753.149
WYF00008.asd	676	1025.000	7816.486
WYF00008.asd	677	1026.000	7876.726
WYF00008.asd	678	1027.000	7936.460
WYF00008.asd	679	1028.000	7999.218
WYF00008.asd	680	1029.000	8059.388
WYF00008.asd	681	1030.000	8121.325
WYF00008.asd	682	1031.000	8183.266
WYF00008.asd	683	1032.000	8242.176
WYF00008.asd	684	1033.000	8299.664
WYF00008.asd	685	1034.000	8355.437
WYF00008.asd	686	1035.000	8408.097
WYF00008.asd	687	1036.000	8461.398
WYF00008.asd	688	1037.000	8513.839
WYF00008.asd	689	1038.000	8564.697
WYF00008.asd	690	1039.000	8617.324
WYF00008.asd	691	1040.000	8667.318
WYF00008.asd	692	1041.000	8714.024
WYF00008.asd	693	1042.000	8760.618
WYF00008.asd	694	1043.000	8803.133
WYF00008.asd	695	1044.000	8846.013
WYF00008.asd	696	1045.000	8890.254
WYF00008.asd	697	1046.000	8930.843
WYF00008.asd	698	1047.000	8972.142
WYF00008.asd	699	1048.000	9012.279
WYF00008.asd	700	1049.000	9050.658
WYF00008.asd	701	1050.000	9087.345
WYF00008.asd	702	1051.000	9123.798
WYF00008.asd	703	1052.000	9158.730
WYF00008.asd	704	1053.000	9193.085
WYF00008.asd	705	1054.000	9228.765
WYF00008.asd	706	1055.000	9262.531
WYF00008.asd	707	1056.000	9297.923
WYF00008.asd	708	1057.000	9334.491
WYF00008.asd	709	1058.000	9369.527
WYF00008.asd	710	1059.000	9405.927
WYF00008.asd	711	1060.000	9443.198
WYF00008.asd	712	1061.000	9481.083
WYF00008.asd	713	1062.000	9519.499
WYF00008.asd	714	1063.000	9558.243
WYF00008.asd	715	1064.000	9599.334
WYF00008.asd	716	1065.000	9641.975
WYF00008.asd	717	1066.000	9685.597
WYF00008.asd	718	1067.000	9731.044
WYF00008.asd	719	1068.000	9778.348
WYF00008.asd	720	1069.000	9825.916
WYF00008.asd	721	1070.000	9877.306
WYF00008.asd	722	1071.000	9931.056
WYF00008.asd	723	1072.000	9984.872
WYF00008.asd	724	1073.000	10044.726
WYF00008.asd	725	1074.000	10105.793
WYF00008.asd	726	1075.000	10167.352
WYF00008.asd	727	1076.000	10235.878
WYF00008.asd	728	1077.000	10304.223
WYF00008.asd	729	1078.000	10375.826
WYF00008.asd	730	1079.000	10451.485
WYF00008.asd	731	1080.000	10531.089
WYF00008.asd	732	1081.000	10611.165
WYF00008.asd	733	1082.000	10698.721
WYF00008.asd	734	1083.000	10789.120
WYF00008.asd	735	1084.000	10880.897
WYF00008.asd	736	1085.000	10978.140
WYF00008.asd	737	1086.000	11074.419
WYF00008.asd	738	1087.000	11173.969
WYF00008.asd	739	1088.000	11276.486
WYF00008.asd	740	1089.000	11378.729
WYF00008.asd	741	1090.000	11490.824
WYF00008.asd	742	1091.000	11605.364
WYF00008.asd	743	1092.000	11718.915
WYF00008.asd	744	1093.000	11836.940
WYF00008.asd	745	1094.000	11948.638
WYF00008.asd	746	1095.000	12063.558
WYF00008.asd	747	1096.000	12177.754
WYF00008.asd	748	1097.000	12295.828
WYF00008.asd	749	1098.000	12410.853
WYF00008.asd	750	1099.000	12534.242
WYF00008.asd	751	1100.000	12655.506
WYF00008.asd	752	1101.000	12769.940
WYF00008.asd	753	1102.000	12888.124
WYF00008.asd	754	1103.000	12999.752
WYF00008.asd	755	1104.000	13109.712
WYF00008.asd	756	1105.000	13222.084
WYF00008.asd	757	1106.000	13329.502
WYF00008.asd	758	1107.000	13440.902
WYF00008.asd	759	1108.000	13550.119
WYF00008.asd	760	1109.000	13653.094
WYF00008.asd	761	1110.000	13754.000
WYF00008.asd	762	1111.000	13852.334
WYF00008.asd	763	1112.000	13947.627
WYF00008.asd	764	1113.000	14039.096
WYF00008.asd	765	1114.000	14130.153
WYF00008.asd	766	1115.000	14216.754
WYF00008.asd	767	1116.000	14303.890
WYF00008.asd	768	1117.000	14385.498
WYF00008.asd	769	1118.000	14461.636
WYF00008.asd	770	1119.000	14538.011
WYF00008.asd	771	1120.000	14609.276
WYF00008.asd	772	1121.000	14679.264
WYF00008.asd	773	1122.000	14748.546
WYF00008.asd	774	1123.000	14812.228
WYF00008.asd	775	1124.000	14876.984
WYF00008.asd	776	1125.000	14940.026
WYF00008.asd	777	1126.000	14997.178
WYF00008.asd	778	1127.000	15050.746
WYF00008.asd	779	1128.000	15102.244
WYF00008.asd	780	1129.000	15147.968
WYF00008.asd	781	1130.000	15187.961
WYF00008.asd	782	1131.000	15225.068
WYF00008.asd	783	1132.000	15258.179
WYF00008.asd	784	1133.000	15287.732
WYF00008.asd	785	1134.000	15312.323
WYF00008.asd	786	1135.000	15332.348
WYF00008.asd	787	1136.000	15349.511
WYF00008.asd	788	1137.000	15364.578
WYF00008.asd	789	1138.000	15377.233
WYF00008.asd	790	1139.000	15386.570
WYF00008.asd	791	1140.000	15392.277
WYF00008.asd	792	1141.000	15395.287
WYF00008.asd	793	1142.000	15395.370
WYF00008.asd	794	1143.000	15389.840
WYF00008.asd	795	1144.000	15386.323
WYF00008.asd	796	1145.000	15379.575
WYF00008.asd	797	1146.000	15375.647
WYF00008.asd	798	1147.000	15371.909
WYF00008.asd	799	1148.000	15371.027
WYF00008.asd	800	1149.000	15370.915
WYF00008.asd	801	1150.000	15376.148
WYF00008.asd	802	1151.000	15385.202
WYF00008.asd	803	1152.000	15397.080
WYF00008.asd	804	1153.000	15413.921
WYF00008.asd	805	1154.000	15432.338
WYF00008.asd	806	1155.000	15455.643
WYF00008.asd	807	1156.000	15483.226
WYF00008.asd	808	1157.000	15512.544
WYF00008.asd	809	1158.000	15548.669
WYF00008.asd	810	1159.000	15587.191
WYF00008.asd	811	1160.000	15629.047
WYF00008.asd	812	1161.000	15672.385
WYF00008.asd	813	1162.000	15719.857
WYF00008.asd	814	1163.000	15767.735
WYF00008.asd	815	1164.000	15817.082
WYF00008.asd	816	1165.000	15868.195
WYF00008.asd	817	1166.000	15918.438
WYF00008.asd	818	1167.000	15971.890
WYF00008.asd	819	1168.000	16025.233
WYF00008.asd	820	1169.000	16077.121
WYF00008.asd	821	1170.000	16131.040
WYF00008.asd	822	1171.000	16183.535
WYF00008.asd	823	1172.000	16236.030
WYF00008.asd	824	1173.000	16288.917
WYF00008.asd	825	1174.000	16340.395
WYF00008.asd	826	1175.000	16392.543
WYF00008.asd	827	1176.000	16442.191
WYF00008.asd	828	1177.000	16490.027
WYF00008.asd	829	1178.000	16535.616
WYF00008.asd	830	1179.000	16578.924
WYF00008.asd	831	1180.000	16621.470
WYF00008.asd	832	1181.000	16661.976
WYF00008.asd	833	1182.000	16701.615
WYF00008.asd	834	1183.000	16740.023
WYF00008.asd	835	1184.000	16778.910
WYF00008.asd	836	1185.000	16815.682
WYF00008.asd	837	1186.000	16851.604
WYF00008.asd	838	1187.000	16888.180
WYF00008.asd	839	1188.000	16923.202
WYF00008.asd	840	1189.000	16959.157
WYF00008.asd	841	1190.000	16994.903
WYF00008.asd	842	1191.000	17030.005
WYF00008.asd	843	1192.000	17067.918
WYF00008.asd	844	1193.000	17105.479
WYF00008.asd	845	1194.000	17143.931
WYF00008.asd	846	1195.000	17180.644
WYF00008.asd	847	1196.000	17217.334
WYF00008.asd	848	1197.000	17253.274
WYF00008.asd	849	1198.000	17287.202
WYF00008.asd	850	1199.000	17322.426
WYF00008.asd	851	1200.000	17358.070
WYF00008.asd	852	1201.000	17394.487
WYF00008.asd	853	1202.000	17431.446
WYF00008.asd	854	1203.000	17468.762
WYF00008.asd	855	1204.000	17505.634
WYF00008.asd	856	1205.000	17539.638
WYF00008.asd	857	1206.000	17574.394
WYF00008.asd	858	1207.000	17608.190
WYF00008.asd	859	1208.000	17641.879
WYF00008.asd	860	1209.000	17678.806
WYF00008.asd	861	1210.000	17714.909
WYF00008.asd	862	1211.000	17751.263
WYF00008.asd	863	1212.000	17786.875
WYF00008.asd	864	1213.000	17822.590
WYF00008.asd	865	1214.000	17857.881
WYF00008.asd	866	1215.000	17892.458
WYF00008.asd	867	1216.000	17927.274
WYF00008.asd	868	1217.000	17962.312
WYF00008.asd	869	1218.000	17997.657
WYF00008.asd	870	1219.000	18032.919
WYF00008.asd	871	1220.000	18067.691
WYF00008.asd	872	1221.000	18103.374
WYF00008.asd	873	1222.000	18137.372
WYF00008.asd	874	1223.000	18170.997
WYF00008.asd	875	1224.000	18203.879
WYF00008.asd	876	1225.000	18232.946
WYF00008.asd	877	1226.000	18262.776
WYF00008.asd	878	1227.000	18292.506
WYF00008.asd	879	1228.000	18319.679
WYF00008.asd	880	1229.000	18346.732
WYF00008.asd	881	1230.000	18374.628
WYF00008.asd	882	1231.000	18399.885
WYF00008.asd	883	1232.000	18422.637
WYF00008.asd	884	1233.000	18445.533
WYF00008.asd	885	1234.000	18467.487
WYF00008.asd	886	1235.000	18489.563
WYF00008.asd	887	1236.000	18510.396
WYF00008.asd	888	1237.000	18531.962
WYF00008.asd	889	1238.000	18553.408
WYF00008.asd	890	1239.000	18575.242
WYF00008.asd	891	1240.000	18598.406
WYF00008.asd	892	1241.000	18620.143
WYF00008.asd	893	1242.000	18640.860
WYF00008.asd	894	1243.000	18662.732
WYF00008.asd	895	1244.000	18683.860
WYF00008.asd	896	1245.000	18704.814
WYF00008.asd	897	1246.000	18727.540
WYF00008.asd	898	1247.000	18748.283
WYF00008.asd	899	1248.000	18768.144
WYF00008.asd	900	1249.000	18786.790
WYF00008.asd	901	1250.000	18805.478
WYF00008.asd	902	1251.000	18823.734
WYF00008.asd	903	1252.000	18841.279
WYF00008.asd	904	1253.000	18859.999
WYF00008.asd	905	1254.000	18874.078
WYF00008.asd	906	1255.000	18885.825
WYF00008.asd	907	1256.000	18895.673
WYF00008.asd	908	1257.000	18902.723
WYF00008.asd	909	1258.000	18908.002
WYF00008.asd	910	1259.000	18911.594
WYF00008.asd	911	1260.000	18913.443
WYF00008.asd	912	1261.000	18911.163
WYF00008.asd	913	1262.000	18909.977
WYF00008.asd	914	1263.000	18908.586
WYF00008.asd	915	1264.000	18906.430
WYF00008.asd	916	1265.000	18902.968
WYF00008.asd	917	1266.000	18899.410
WYF00008.asd	918	1267.000	18894.106
WYF00008.asd	919	1268.000	18887.459
WYF00008.asd	920	1269.000	18881.644
WYF00008.asd	921	1270.000	18875.875
WYF00008.asd	922	1271.000	18869.725
WYF00008.asd	923	1272.000	18863.008
WYF00008.asd	924	1273.000	18857.516
WYF00008.asd	925	1274.000	18852.033
WYF00008.asd	926	1275.000	18847.087
WYF00008.asd	927	1276.000	18843.383
WYF00008.asd	928	1277.000	18839.035
WYF00008.asd	929	1278.000	18834.817
WYF00008.asd	930	1279.000	18830.178
WYF00008.asd	931	1280.000	18825.344
WYF00008.asd	932	1281.000	18820.618
WYF00008.asd	933	1282.000	18815.431
WYF00008.asd	934	1283.000	18810.527
WYF00008.asd	935	1284.000	18805.910
WYF00008.asd	936	1285.000	18801.057
WYF00008.asd	937	1286.000	18796.873
WYF00008.asd	938	1287.000	18792.848
WYF00008.asd	939	1288.000	18788.878
WYF00008.asd	940	1289.000	18784.157
WYF00008.asd	941	1290.000	18778.994
WYF00008.asd	942	1291.000	18772.962
WYF00008.asd	943	1292.000	18767.389
WYF00008.asd	944	1293.000	18761.919
WYF00008.asd	945	1294.000	18755.578
WYF00008.asd	946	1295.000	18748.463
WYF00008.asd	947	1296.000	18742.166
WYF00008.asd	948	1297.000	18735.426
WYF00008.asd	949	1298.000	18729.439
WYF00008.asd	950	1299.000	18725.009
WYF00008.asd	951	1300.000	18719.112
WYF00008.asd	952	1301.000	18713.256
WYF00008.asd	953	1302.000	18705.914
WYF00008.asd	954	1303.000	18697.386
WYF00008.asd	955	1304.000	18688.628
WYF00008.asd	956	1305.000	18678.517
WYF00008.asd	957	1306.000	18668.828
WYF00008.asd	958	1307.000	18659.612
WYF00008.asd	959	1308.000	18649.290
WYF00008.asd	960	1309.000	18639.174
WYF00008.asd	961	1310.000	18627.721
WYF00008.asd	962	1311.000	18614.637
WYF00008.asd	963	1312.000	18601.480
WYF00008.asd	964	1313.000	18587.424
WYF00008.asd	965	1314.000	18572.173
WYF00008.asd	966	1315.000	18556.938
WYF00008.asd	967	1316.000	18541.816
WYF00008.asd	968	1317.000	18524.959
WYF00008.asd	969	1318.000	18507.294
WYF00008.asd	970	1319.000	18488.385
WYF00008.asd	971	1320.000	18467.658
WYF00008.asd	972	1321.000	18447.202
WYF00008.asd	973	1322.000	18426.595
WYF00008.asd	974	1323.000	18404.661
WYF00008.asd	975	1324.000	18382.054
WYF00008.asd	976	1325.000	18358.692
WYF00008.asd	977	1326.000	18334.012
WYF00008.asd	978	1327.000	18308.714
WYF00008.asd	979	1328.000	18282.817
WYF00008.asd	980	1329.000	18256.504
WYF00008.asd	981	1330.000	18230.264
WYF00008.asd	982	1331.000	18202.196
WYF00008.asd	983	1332.000	18173.155
WYF00008.asd	984	1333.000	18142.404
WYF00008.asd	985	1334.000	18113.252
WYF00008.asd	986	1335.000	18082.178
WYF00008.asd	987	1336.000	18051.172
WYF00008.asd	988	1337.000	18021.117
WYF00008.asd	989	1338.000	17989.543
WYF00008.asd	990	1339.000	17956.987
WYF00008.asd	991	1340.000	17922.498
WYF00008.asd	992	1341.000	17887.189
WYF00008.asd	993	1342.000	17851.100
WYF00008.asd	994	1343.000	17813.414
WYF00008.asd	995	1344.000	17773.854
WYF00008.asd	996	1345.000	17735.906
WYF00008.asd	997	1346.000	17691.534
WYF00008.asd	998	1347.000	17643.653
WYF00008.asd	999	1348.000	17592.044
WYF00008.asd	1000	1349.000	17535.702
WYF00008.asd	1001	1350.000	17477.220
WYF00008.asd	1002	1351.000	17416.425
WYF00008.asd	1003	1352.000	17350.772
WYF00008.asd	1004	1353.000	17280.376
WYF00008.asd	1005	1354.000	17208.903
WYF00008.asd	1006	1355.000	17131.952
WYF00008.asd	1007	1356.000	17056.009
WYF00008.asd	1008	1357.000	16976.259
WYF00008.asd	1009	1358.000	16900.982
WYF00008.asd	1010	1359.000	16826.694
WYF00008.asd	1011	1360.000	16752.489
WYF00008.asd	1012	1361.000	16685.652
WYF00008.asd	1013	1362.000	16627.412
WYF00008.asd	1014	1363.000	16577.066
WYF00008.asd	1015	1364.000	16535.761
WYF00008.asd	1016	1365.000	16496.901
WYF00008.asd	1017	1366.000	16467.838
WYF00008.asd	1018	1367.000	16434.642
WYF00008.asd	1019	1368.000	16407.162
WYF00008.asd	1020	1369.000	16369.836
WYF00008.asd	1021	1370.000	16335.312
WYF00008.asd	1022	1371.000	16284.456
WYF00008.asd	1023	1372.000	16234.501
WYF00008.asd	1024	1373.000	16153.745
WYF00008.asd	1025	1374.000	16061.458
WYF00008.asd	1026	1375.000	15939.116
WYF00008.asd	1027	1376.000	15793.166
WYF00008.asd	1028	1377.000	15618.809
WYF00008.asd	1029	1378.000	15409.535
WYF00008.asd	1030	1379.000	15193.307
WYF00008.asd	1031	1380.000	14944.040
WYF00008.asd	1032	1381.000	14699.343
WYF00008.asd	1033	1382.000	14440.427
WYF00008.asd	1034	1383.000	14189.302
WYF00008.asd	1035	1384.000	13942.572
WYF00008.asd	1036	1385.000	13686.732
WYF00008.asd	1037	1386.000	13430.091
WYF00008.asd	1038	1387.000	13174.189
WYF00008.asd	1039	1388.000	12901.769
WYF00008.asd	1040	1389.000	12625.903
WYF00008.asd	1041	1390.000	12329.490
WYF00008.asd	1042	1391.000	12020.305
WYF00008.asd	1043	1392.000	11706.802
WYF00008.asd	1044	1393.000	11373.280
WYF00008.asd	1045	1394.000	11047.958
WYF00008.asd	1046	1395.000	10716.842
WYF00008.asd	1047	1396.000	10401.366
WYF00008.asd	1048	1397.000	10085.013
WYF00008.asd	1049	1398.000	9783.456
WYF00008.asd	1050	1399.000	9492.816
WYF00008.asd	1051	1400.000	9215.178
WYF00008.asd	1052	1401.000	8945.518
WYF00008.asd	1053	1402.000	8687.717
WYF00008.asd	1054	1403.000	8443.552
WYF00008.asd	1055	1404.000	8212.935
WYF00008.asd	1056	1405.000	7990.755
WYF00008.asd	1057	1406.000	7784.727
WYF00008.asd	1058	1407.000	7595.090
WYF00008.asd	1059	1408.000	7418.195
WYF00008.asd	1060	1409.000	7254.777
WYF00008.asd	1061	1410.000	7102.498
WYF00008.asd	1062	1411.000	6965.254
WYF00008.asd	1063	1412.000	6838.665
WYF00008.asd	1064	1413.000	6725.334
WYF00008.asd	1065	1414.000	6619.062
WYF00008.asd	1066	1415.000	6524.867
WYF00008.asd	1067	1416.000	6437.447
WYF00008.asd	1068	1417.000	6357.844
WYF00008.asd	1069	1418.000	6284.646
WYF00008.asd	1070	1419.000	6218.428
WYF00008.asd	1071	1420.000	6161.962
WYF00008.asd	1072	1421.000	6110.326
WYF00008.asd	1073	1422.000	6065.601
WYF00008.asd	1074	1423.000	6024.467
WYF00008.asd	1075	1424.000	5990.126
WYF00008.asd	1076	1425.000	5958.530
WYF00008.asd	1077	1426.000	5930.391
WYF00008.asd	1078	1427.000	5906.968
WYF00008.asd	1079	1428.000	5888.964
WYF00008.asd	1080	1429.000	5873.458
WYF00008.asd	1081	1430.000	5862.240
WYF00008.asd	1082	1431.000	5852.567
WYF00008.asd	1083	1432.000	5845.856
WYF00008.asd	1084	1433.000	5841.773
WYF00008.asd	1085	1434.000	5839.914
WYF00008.asd	1086	1435.000	5840.943
WYF00008.asd	1087	1436.000	5846.081
WYF00008.asd	1088	1437.000	5851.528
WYF00008.asd	1089	1438.000	5858.781
WYF00008.asd	1090	1439.000	5867.583
WYF00008.asd	1091	1440.000	5878.241
WYF00008.asd	1092	1441.000	5889.607
WYF00008.asd	1093	1442.000	5902.972
WYF00008.asd	1094	1443.000	5916.488
WYF00008.asd	1095	1444.000	5930.664
WYF00008.asd	1096	1445.000	5945.306
WYF00008.asd	1097	1446.000	5960.549
WYF00008.asd	1098	1447.000	5976.397
WYF00008.asd	1099	1448.000	5993.098
WYF00008.asd	1100	1449.000	6009.831
WYF00008.asd	1101	1450.000	6027.107
WYF00008.asd	1102	1451.000	6044.624
WYF00008.asd	1103	1452.000	6062.562
WYF00008.asd	1104	1453.000	6080.114
WYF00008.asd	1105	1454.000	6097.264
WYF00008.asd	1106	1455.000	6115.166
WYF00008.asd	1107	1456.000	6133.064
WYF00008.asd	1108	1457.000	6152.156
WYF00008.asd	1109	1458.000	6172.281
WYF00008.asd	1110	1459.000	6193.463
WYF00008.asd	1111	1460.000	6216.303
WYF00008.asd	1112	1461.000	6240.005
WYF00008.asd	1113	1462.000	6265.591
WYF00008.asd	1114	1463.000	6292.127
WYF00008.asd	1115	1464.000	6322.614
WYF00008.asd	1116	1465.000	6354.699
WYF00008.asd	1117	1466.000	6390.757
WYF00008.asd	1118	1467.000	6430.973
WYF00008.asd	1119	1468.000	6472.968
WYF00008.asd	1120	1469.000	6517.500
WYF00008.asd	1121	1470.000	6564.627
WYF00008.asd	1122	1471.000	6614.142
WYF00008.asd	1123	1472.000	6666.571
WYF00008.asd	1124	1473.000	6722.892
WYF00008.asd	1125	1474.000	6779.157
WYF00008.asd	1126	1475.000	6837.080
WYF00008.asd	1127	1476.000	6897.557
WYF00008.asd	1128	1477.000	6959.605
WYF00008.asd	1129	1478.000	7022.608
WYF00008.asd	1130	1479.000	7088.459
WYF00008.asd	1131	1480.000	7154.466
WYF00008.asd	1132	1481.000	7221.271
WYF00008.asd	1133	1482.000	7288.281
WYF00008.asd	1134	1483.000	7356.314
WYF00008.asd	1135	1484.000	7425.090
WYF00008.asd	1136	1485.000	7494.513
WYF00008.asd	1137	1486.000	7563.445
WYF00008.asd	1138	1487.000	7632.079
WYF00008.asd	1139	1488.000	7702.432
WYF00008.asd	1140	1489.000	7773.886
WYF00008.asd	1141	1490.000	7844.481
WYF00008.asd	1142	1491.000	7916.604
WYF00008.asd	1143	1492.000	7988.171
WYF00008.asd	1144	1493.000	8057.631
WYF00008.asd	1145	1494.000	8128.264
WYF00008.asd	1146	1495.000	8199.773
WYF00008.asd	1147	1496.000	8271.418
WYF00008.asd	1148	1497.000	8344.223
WYF00008.asd	1149	1498.000	8415.995
WYF00008.asd	1150	1499.000	8486.318
WYF00008.asd	1151	1500.000	8558.941
WYF00008.asd	1152	1501.000	8631.438
WYF00008.asd	1153	1502.000	8700.771
WYF00008.asd	1154	1503.000	8772.439
WYF00008.asd	1155	1504.000	8842.986
WYF00008.asd	1156	1505.000	8914.625
WYF00008.asd	1157	1506.000	8986.971
WYF00008.asd	1158	1507.000	9057.184
WYF00008.asd	1159	1508.000	9127.032
WYF00008.asd	1160	1509.000	9197.273
WYF00008.asd	1161	1510.000	9266.581
WYF00008.asd	1162	1511.000	9334.761
WYF00008.asd	1163	1512.000	9403.351
WYF00008.asd	1164	1513.000	9470.739
WYF00008.asd	1165	1514.000	9535.790
WYF00008.asd	1166	1515.000	9601.696
WYF00008.asd	1167	1516.000	9668.467
WYF00008.asd	1168	1517.000	9734.257
WYF00008.asd	1169	1518.000	9799.010
WYF00008.asd	1170	1519.000	9863.650
WYF00008.asd	1171	1520.000	9928.051
WYF00008.asd	1172	1521.000	9992.244
WYF00008.asd	1173	1522.000	10056.719
WYF00008.asd	1174	1523.000	10119.191
WYF00008.asd	1175	1524.000	10180.781
WYF00008.asd	1176	1525.000	10242.422
WYF00008.asd	1177	1526.000	10303.197
WYF00008.asd	1178	1527.000	10362.286
WYF00008.asd	1179	1528.000	10421.054
WYF00008.asd	1180	1529.000	10478.548
WYF00008.asd	1181	1530.000	10533.437
WYF00008.asd	1182	1531.000	10589.080
WYF00008.asd	1183	1532.000	10645.132
WYF00008.asd	1184	1533.000	10700.316
WYF00008.asd	1185	1534.000	10754.919
WYF00008.asd	1186	1535.000	10808.606
WYF00008.asd	1187	1536.000	10861.235
WYF00008.asd	1188	1537.000	10913.851
WYF00008.asd	1189	1538.000	10966.128
WYF00008.asd	1190	1539.000	11017.619
WYF00008.asd	1191	1540.000	11069.328
WYF00008.asd	1192	1541.000	11119.804
WYF00008.asd	1193	1542.000	11169.370
WYF00008.asd	1194	1543.000	11217.400
WYF00008.asd	1195	1544.000	11263.531
WYF00008.asd	1196	1545.000	11309.966
WYF00008.asd	1197	1546.000	11355.829
WYF00008.asd	1198	1547.000	11400.830
WYF00008.asd	1199	1548.000	11445.064
WYF00008.asd	1200	1549.000	11489.949
WYF00008.asd	1201	1550.000	11535.127
WYF00008.asd	1202	1551.000	11578.326
WYF00008.asd	1203	1552.000	11621.049
WYF00008.asd	1204	1553.000	11663.265
WYF00008.asd	1205	1554.000	11703.644
WYF00008.asd	1206	1555.000	11743.881
WYF00008.asd	1207	1556.000	11784.760
WYF00008.asd	1208	1557.000	11824.529
WYF00008.asd	1209	1558.000	11863.470
WYF00008.asd	1210	1559.000	11900.917
WYF00008.asd	1211	1560.000	11936.979
WYF00008.asd	1212	1561.000	11972.679
WYF00008.asd	1213	1562.000	12007.904
WYF00008.asd	1214	1563.000	12041.112
WYF00008.asd	1215	1564.000	12072.758
WYF00008.asd	1216	1565.000	12105.515
WYF00008.asd	1217	1566.000	12136.184
WYF00008.asd	1218	1567.000	12165.560
WYF00008.asd	1219	1568.000	12194.604
WYF00008.asd	1220	1569.000	12222.271
WYF00008.asd	1221	1570.000	12250.610
WYF00008.asd	1222	1571.000	12277.898
WYF00008.asd	1223	1572.000	12304.813
WYF00008.asd	1224	1573.000	12332.475
WYF00008.asd	1225	1574.000	12358.497
WYF00008.asd	1226	1575.000	12384.107
WYF00008.asd	1227	1576.000	12409.019
WYF00008.asd	1228	1577.000	12432.510
WYF00008.asd	1229	1578.000	12455.934
WYF00008.asd	1230	1579.000	12478.132
WYF00008.asd	1231	1580.000	12499.831
WYF00008.asd	1232	1581.000	12523.311
WYF00008.asd	1233	1582.000	12545.698
WYF00008.asd	1234	1583.000	12566.177
WYF00008.asd	1235	1584.000	12587.483
WYF00008.asd	1236	1585.000	12607.677
WYF00008.asd	1237	1586.000	12627.736
WYF00008.asd	1238	1587.000	12647.330
WYF00008.asd	1239	1588.000	12666.595
WYF00008.asd	1240	1589.000	12685.562
WYF00008.asd	1241	1590.000	12704.173
WYF00008.asd	1242	1591.000	12722.000
WYF00008.asd	1243	1592.000	12740.363
WYF00008.asd	1244	1593.000	12758.556
WYF00008.asd	1245	1594.000	12776.872
WYF00008.asd	1246	1595.000	12796.203
WYF00008.asd	1247	1596.000	12813.102
WYF00008.asd	1248	1597.000	12829.396
WYF00008.asd	1249	1598.000	12844.815
WYF00008.asd	1250	1599.000	12858.204
WYF00008.asd	1251	1600.000	12872.139
WYF00008.asd	1252	1601.000	12885.889
WYF00008.asd	1253	1602.000	12899.127
WYF00008.asd	1254	1603.000	12912.596
WYF00008.asd	1255	1604.000	12923.950
WYF00008.asd	1256	1605.000	12934.368
WYF00008.asd	1257	1606.000	12943.953
WYF00008.asd	1258	1607.000	12951.804
WYF00008.asd	1259	1608.000	12959.749
WYF00008.asd	1260	1609.000	12967.464
WYF00008.asd	1261	1610.000	12974.005
WYF00008.asd	1262	1611.000	12979.569
WYF00008.asd	1263	1612.000	12984.793
WYF00008.asd	1264	1613.000	12989.318
WYF00008.asd	1265	1614.000	12993.845
WYF00008.asd	1266	1615.000	12998.152
WYF00008.asd	1267	1616.000	13001.063
WYF00008.asd	1268	1617.000	13003.431
WYF00008.asd	1269	1618.000	13004.981
WYF00008.asd	1270	1619.000	13005.745
WYF00008.asd	1271	1620.000	13005.428
WYF00008.asd	1272	1621.000	13004.568
WYF00008.asd	1273	1622.000	13001.925
WYF00008.asd	1274	1623.000	12997.589
WYF00008.asd	1275	1624.000	12992.846
WYF00008.asd	1276	1625.000	12987.062
WYF00008.asd	1277	1626.000	12980.401
WYF00008.asd	1278	1627.000	12973.099
WYF00008.asd	1279	1628.000	12964.219
WYF00008.asd	1280	1629.000	12954.025
WYF00008.asd	1281	1630.000	12943.316
WYF00008.asd	1282	1631.000	12931.159
WYF00008.asd	1283	1632.000	12919.355
WYF00008.asd	1284	1633.000	12907.671
WYF00008.asd	1285	1634.000	12894.480
WYF00008.asd	1286	1635.000	12880.572
WYF00008.asd	1287	1636.000	12865.459
WYF00008.asd	1288	1637.000	12849.468
WYF00008.asd	1289	1638.000	12831.290
WYF00008.asd	1290	1639.000	12812.154
WYF00008.asd	1291	1640.000	12791.597
WYF00008.asd	1292	1641.000	12769.224
WYF00008.asd	1293	1642.000	12745.493
WYF00008.asd	1294	1643.000	12720.631
WYF00008.asd	1295	1644.000	12693.413
WYF00008.asd	1296	1645.000	12663.175
WYF00008.asd	1297	1646.000	12633.562
WYF00008.asd	1298	1647.000	12602.828
WYF00008.asd	1299	1648.000	12572.337
WYF00008.asd	1300	1649.000	12542.955
WYF00008.asd	1301	1650.000	12510.377
WYF00008.asd	1302	1651.000	12476.121
WYF00008.asd	1303	1652.000	12440.956
WYF00008.asd	1304	1653.000	12404.085
WYF00008.asd	1305	1654.000	12365.015
WYF00008.asd	1306	1655.000	12325.386
WYF00008.asd	1307	1656.000	12282.638
WYF00008.asd	1308	1657.000	12237.985
WYF00008.asd	1309	1658.000	12189.772
WYF00008.asd	1310	1659.000	12138.396
WYF00008.asd	1311	1660.000	12085.615
WYF00008.asd	1312	1661.000	12029.109
WYF00008.asd	1313	1662.000	11969.689
WYF00008.asd	1314	1663.000	11911.235
WYF00008.asd	1315	1664.000	11850.874
WYF00008.asd	1316	1665.000	11792.042
WYF00008.asd	1317	1666.000	11733.919
WYF00008.asd	1318	1667.000	11676.378
WYF00008.asd	1319	1668.000	11621.327
WYF00008.asd	1320	1669.000	11564.901
WYF00008.asd	1321	1670.000	11511.568
WYF00008.asd	1322	1671.000	11462.039
WYF00008.asd	1323	1672.000	11412.643
WYF00008.asd	1324	1673.000	11367.501
WYF00008.asd	1325	1674.000	11323.363
WYF00008.asd	1326	1675.000	11278.364
WYF00008.asd	1327	1676.000	11235.805
WYF00008.asd	1328	1677.000	11190.778
WYF00008.asd	1329	1678.000	11146.157
WYF00008.asd	1330	1679.000	11101.663
WYF00008.asd	1331	1680.000	11054.601
WYF00008.asd	1332	1681.000	11009.303
WYF00008.asd	1333	1682.000	10960.158
WYF00008.asd	1334	1683.000	10908.752
WYF00008.asd	1335	1684.000	10857.968
WYF00008.asd	1336	1685.000	10801.271
WYF00008.asd	1337	1686.000	10742.652
WYF00008.asd	1338	1687.000	10685.473
WYF00008.asd	1339	1688.000	10625.582
WYF00008.asd	1340	1689.000	10567.941
WYF00008.asd	1341	1690.000	10512.739
WYF00008.asd	1342	1691.000	10457.560
WYF00008.asd	1343	1692.000	10404.484
WYF00008.asd	1344	1693.000	10348.710
WYF00008.asd	1345	1694.000	10294.013
WYF00008.asd	1346	1695.000	10240.964
WYF00008.asd	1347	1696.000	10185.449
WYF00008.asd	1348	1697.000	10133.269
WYF00008.asd	1349	1698.000	10080.550
WYF00008.asd	1350	1699.000	10025.589
WYF00008.asd	1351	1700.000	9972.520
WYF00008.asd	1352	1701.000	9916.130
WYF00008.asd	1353	1702.000	9859.989
WYF00008.asd	1354	1703.000	9807.137
WYF00008.asd	1355	1704.000	9753.329
WYF00008.asd	1356	1705.000	9701.703
WYF00008.asd	1357	1706.000	9649.964
WYF00008.asd	1358	1707.000	9596.956
WYF00008.asd	1359	1708.000	9545.230
WYF00008.asd	1360	1709.000	9489.875
WYF00008.asd	1361	1710.000	9432.984
WYF00008.asd	1362	1711.000	9377.292
WYF00008.asd	1363	1712.000	9320.681
WYF00008.asd	1364	1713.000	9265.493
WYF00008.asd	1365	1714.000	9210.233
WYF00008.asd	1366	1715.000	9153.881
WYF00008.asd	1367	1716.000	9097.955
WYF00008.asd	1368	1717.000	9039.882
WYF00008.asd	1369	1718.000	8983.042
WYF00008.asd	1370	1719.000	8928.960
WYF00008.asd	1371	1720.000	8874.174
WYF00008.asd	1372	1721.000	8821.640
WYF00008.asd	1373	1722.000	8771.299
WYF00008.asd	1374	1723.000	8721.798
WYF00008.asd	1375	1724.000	8672.928
WYF00008.asd	1376	1725.000	8625.424
WYF00008.asd	1377	1726.000	8579.314
WYF00008.asd	1378	1727.000	8535.694
WYF00008.asd	1379	1728.000	8494.178
WYF00008.asd	1380	1729.000	8453.242
WYF00008.asd	1381	1730.000	8414.550
WYF00008.asd	1382	1731.000	8376.191
WYF00008.asd	1383	1732.000	8337.950
WYF00008.asd	1384	1733.000	8300.537
WYF00008.asd	1385	1734.000	8265.935
WYF00008.asd	1386	1735.000	8228.887
WYF00008.asd	1387	1736.000	8191.520
WYF00008.asd	1388	1737.000	8152.382
WYF00008.asd	1389	1738.000	8111.137
WYF00008.asd	1390	1739.000	8070.861
WYF00008.asd	1391	1740.000	8028.571
WYF00008.asd	1392	1741.000	7984.270
WYF00008.asd	1393	1742.000	7939.451
WYF00008.asd	1394	1743.000	7890.681
WYF00008.asd	1395	1744.000	7842.244
WYF00008.asd	1396	1745.000	7794.546
WYF00008.asd	1397	1746.000	7744.706
WYF00008.asd	1398	1747.000	7696.831
WYF00008.asd	1399	1748.000	7646.980
WYF00008.asd	1400	1749.000	7594.782
WYF00008.asd	1401	1750.000	7543.014
WYF00008.asd	1402	1751.000	7489.485
WYF00008.asd	1403	1752.000	7437.711
WYF00008.asd	1404	1753.000	7385.021
WYF00008.asd	1405	1754.000	7331.712
WYF00008.asd	1406	1755.000	7280.222
WYF00008.asd	1407	1756.000	7225.873
WYF00008.asd	1408	1757.000	7172.899
WYF00008.asd	1409	1758.000	7121.526
WYF00008.asd	1410	1759.000	7069.366
WYF00008.asd	1411	1760.000	7020.251
WYF00008.asd	1412	1761.000	6971.356
WYF00008.asd	1413	1762.000	6922.904
WYF00008.asd	1414	1763.000	6875.777
WYF00008.asd	1415	1764.000	6826.284
WYF00008.asd	1416	1765.000	6778.498
WYF00008.asd	1417	1766.000	6733.112
WYF00008.asd	1418	1767.000	6688.384
WYF00008.asd	1419	1768.000	6646.351
WYF00008.asd	1420	1769.000	6603.951
WYF00008.asd	1421	1770.000	6560.704
WYF00008.asd	1422	1771.000	6517.996
WYF00008.asd	1423	1772.000	6473.766
WYF00008.asd	1424	1773.000	6430.227
WYF00008.asd	1425	1774.000	6388.469
WYF00008.asd	1426	1775.000	6346.318
WYF00008.asd	1427	1776.000	6304.532
WYF00008.asd	1428	1777.000	6262.773
WYF00008.asd	1429	1778.000	6221.087
WYF00008.asd	1430	1779.000	6178.933
WYF00008.asd	1431	1780.000	6135.908
WYF00008.asd	1432	1781.000	6093.639
WYF00008.asd	1433	1782.000	6049.869
WYF00008.asd	1434	1783.000	6005.856
WYF00008.asd	1435	1784.000	5960.635
WYF00008.asd	1436	1785.000	5914.717
WYF00008.asd	1437	1786.000	5869.642
WYF00008.asd	1438	1787.000	5822.203
WYF00008.asd	1439	1788.000	5774.343
WYF00008.asd	1440	1789.000	5724.982
WYF00008.asd	1441	1790.000	5670.968
WYF00008.asd	1442	1791.000	5617.417
WYF00008.asd	1443	1792.000	5560.318
WYF00008.asd	1444	1793.000	5497.747
WYF00008.asd	1445	1794.000	5433.853
WYF00008.asd	1446	1795.000	5361.620
WYF00008.asd	1447	1796.000	5283.682
WYF00008.asd	1448	1797.000	5204.773
WYF00008.asd	1449	1798.000	5120.245
WYF00008.asd	1450	1799.000	5033.571
WYF00008.asd	1451	1800.000	4941.340
WYF00008.asd	1452	1801.000	8952.288
WYF00008.asd	1453	1802.000	9046.261
WYF00008.asd	1454	1803.000	9145.420
WYF00008.asd	1455	1804.000	9243.425
WYF00008.asd	1456	1805.000	9341.041
WYF00008.asd	1457	1806.000	9439.947
WYF00008.asd	1458	1807.000	9534.304
WYF00008.asd	1459	1808.000	9632.771
WYF00008.asd	1460	1809.000	9720.692
WYF00008.asd	1461	1810.000	9803.878
WYF00008.asd	1462	1811.000	9879.228
WYF00008.asd	1463	1812.000	9947.707
WYF00008.asd	1464	1813.000	10011.498
WYF00008.asd	1465	1814.000	10066.692
WYF00008.asd	1466	1815.000	10119.791
WYF00008.asd	1467	1816.000	10166.449
WYF00008.asd	1468	1817.000	10214.453
WYF00008.asd	1469	1818.000	10258.460
WYF00008.asd	1470	1819.000	10295.849
WYF00008.asd	1471	1820.000	10337.671
WYF00008.asd	1472	1821.000	10378.772
WYF00008.asd	1473	1822.000	10420.827
WYF00008.asd	1474	1823.000	10466.715
WYF00008.asd	1475	1824.000	10508.512
WYF00008.asd	1476	1825.000	10547.586
WYF00008.asd	1477	1826.000	10589.256
WYF00008.asd	1478	1827.000	10625.238
WYF00008.asd	1479	1828.000	10659.483
WYF00008.asd	1480	1829.000	10688.412
WYF00008.asd	1481	1830.000	10715.521
WYF00008.asd	1482	1831.000	10735.408
WYF00008.asd	1483	1832.000	10750.095
WYF00008.asd	1484	1833.000	10759.956
WYF00008.asd	1485	1834.000	10758.238
WYF00008.asd	1486	1835.000	10761.190
WYF00008.asd	1487	1836.000	10763.432
WYF00008.asd	1488	1837.000	10760.190
WYF00008.asd	1489	1838.000	10765.162
WYF00008.asd	1490	1839.000	10773.317
WYF00008.asd	1491	1840.000	10784.030
WYF00008.asd	1492	1841.000	10801.380
WYF00008.asd	1493	1842.000	10814.178
WYF00008.asd	1494	1843.000	10836.710
WYF00008.asd	1495	1844.000	10844.014
WYF00008.asd	1496	1845.000	10845.687
WYF00008.asd	1497	1846.000	10838.141
WYF00008.asd	1498	1847.000	10827.520
WYF00008.asd	1499	1848.000	10810.050
WYF00008.asd	1500	1849.000	10783.889
WYF00008.asd	1501	1850.000	10755.093
WYF00008.asd	1502	1851.000	10714.428
WYF00008.asd	1503	1852.000	10661.706
WYF00008.asd	1504	1853.000	10602.577
WYF00008.asd	1505	1854.000	10539.272
WYF00008.asd	1506	1855.000	10463.264
WYF00008.asd	1507	1856.000	10377.078
WYF00008.asd	1508	1857.000	10280.882
WYF00008.asd	1509	1858.000	10174.906
WYF00008.asd	1510	1859.000	10057.330
WYF00008.asd	1511	1860.000	9932.361
WYF00008.asd	1512	1861.000	9809.032
WYF00008.asd	1513	1862.000	9656.097
WYF00008.asd	1514	1863.000	9490.978
WYF00008.asd	1515	1864.000	9304.083
WYF00008.asd	1516	1865.000	9092.761
WYF00008.asd	1517	1866.000	8864.210
WYF00008.asd	1518	1867.000	8617.837
WYF00008.asd	1519	1868.000	8345.176
WYF00008.asd	1520	1869.000	8081.068
WYF00008.asd	1521	1870.000	7794.215
WYF00008.asd	1522	1871.000	7524.475
WYF00008.asd	1523	1872.000	7253.515
WYF00008.asd	1524	1873.000	6995.382
WYF00008.asd	1525	1874.000	6746.964
WYF00008.asd	1526	1875.000	6497.171
WYF00008.asd	1527	1876.000	6252.236
WYF00008.asd	1528	1877.000	6019.872
WYF00008.asd	1529	1878.000	5779.237
WYF00008.asd	1530	1879.000	5539.927
WYF00008.asd	1531	1880.000	5292.994
WYF00008.asd	1532	1881.000	5040.999
WYF00008.asd	1533	1882.000	4793.037
WYF00008.asd	1534	1883.000	4535.677
WYF00008.asd	1535	1884.000	4287.057
WYF00008.asd	1536	1885.000	4037.145
WYF00008.asd	1537	1886.000	3803.082
WYF00008.asd	1538	1887.000	3569.194
WYF00008.asd	1539	1888.000	3354.231
WYF00008.asd	1540	1889.000	3153.223
WYF00008.asd	1541	1890.000	2967.293
WYF00008.asd	1542	1891.000	2794.878
WYF00008.asd	1543	1892.000	2636.833
WYF00008.asd	1544	1893.000	2489.579
WYF00008.asd	1545	1894.000	2357.430
WYF00008.asd	1546	1895.000	2236.492
WYF00008.asd	1547	1896.000	2129.759
WYF00008.asd	1548	1897.000	2030.900
WYF00008.asd	1549	1898.000	1944.502
WYF00008.asd	1550	1899.000	1865.384
WYF00008.asd	1551	1900.000	1796.379
WYF00008.asd	1552	1901.000	1736.119
WYF00008.asd	1553	1902.000	1683.202
WYF00008.asd	1554	1903.000	1642.452
WYF00008.asd	1555	1904.000	1605.393
WYF00008.asd	1556	1905.000	1576.724
WYF00008.asd	1557	1906.000	1550.322
WYF00008.asd	1558	1907.000	1531.289
WYF00008.asd	1559	1908.000	1512.997
WYF00008.asd	1560	1909.000	1497.562
WYF00008.asd	1561	1910.000	1485.871
WYF00008.asd	1562	1911.000	1475.077
WYF00008.asd	1563	1912.000	1467.690
WYF00008.asd	1564	1913.000	1460.513
WYF00008.asd	1565	1914.000	1455.624
WYF00008.asd	1566	1915.000	1449.866
WYF00008.asd	1567	1916.000	1444.663
WYF00008.asd	1568	1917.000	1439.900
WYF00008.asd	1569	1918.000	1435.657
WYF00008.asd	1570	1919.000	1430.219
WYF00008.asd	1571	1920.000	1426.251
WYF00008.asd	1572	1921.000	1425.448
WYF00008.asd	1573	1922.000	1425.670
WYF00008.asd	1574	1923.000	1427.147
WYF00008.asd	1575	1924.000	1430.794
WYF00008.asd	1576	1925.000	1437.281
WYF00008.asd	1577	1926.000	1443.024
WYF00008.asd	1578	1927.000	1451.480
WYF00008.asd	1579	1928.000	1457.315
WYF00008.asd	1580	1929.000	1461.192
WYF00008.asd	1581	1930.000	1466.890
WYF00008.asd	1582	1931.000	1473.233
WYF00008.asd	1583	1932.000	1478.717
WYF00008.asd	1584	1933.000	1485.086
WYF00008.asd	1585	1934.000	1490.759
WYF00008.asd	1586	1935.000	1496.510
WYF00008.asd	1587	1936.000	1500.723
WYF00008.asd	1588	1937.000	1507.295
WYF00008.asd	1589	1938.000	1514.336
WYF00008.asd	1590	1939.000	1522.596
WYF00008.asd	1591	1940.000	1533.238
WYF00008.asd	1592	1941.000	1541.754
WYF00008.asd	1593	1942.000	1550.117
WYF00008.asd	1594	1943.000	1563.077
WYF00008.asd	1595	1944.000	1574.034
WYF00008.asd	1596	1945.000	1584.592
WYF00008.asd	1597	1946.000	1595.662
WYF00008.asd	1598	1947.000	1606.624
WYF00008.asd	1599	1948.000	1617.839
WYF00008.asd	1600	1949.000	1628.374
WYF00008.asd	1601	1950.000	1641.079
WYF00008.asd	1602	1951.000	1655.502
WYF00008.asd	1603	1952.000	1669.816
WYF00008.asd	1604	1953.000	1685.340
WYF00008.asd	1605	1954.000	1701.405
WYF00008.asd	1606	1955.000	1715.485
WYF00008.asd	1607	1956.000	1729.348
WYF00008.asd	1608	1957.000	1745.630
WYF00008.asd	1609	1958.000	1760.590
WYF00008.asd	1610	1959.000	1776.697
WYF00008.asd	1611	1960.000	1794.932
WYF00008.asd	1612	1961.000	1811.456
WYF00008.asd	1613	1962.000	1826.507
WYF00008.asd	1614	1963.000	1843.936
WYF00008.asd	1615	1964.000	1862.219
WYF00008.asd	1616	1965.000	1879.929
WYF00008.asd	1617	1966.000	1899.901
WYF00008.asd	1618	1967.000	1918.745
WYF00008.asd	1619	1968.000	1937.757
WYF00008.asd	1620	1969.000	1957.421
WYF00008.asd	1621	1970.000	1977.980
WYF00008.asd	1622	1971.000	1999.814
WYF00008.asd	1623	1972.000	2021.759
WYF00008.asd	1624	1973.000	2044.782
WYF00008.asd	1625	1974.000	2067.115
WYF00008.asd	1626	1975.000	2088.606
WYF00008.asd	1627	1976.000	2110.837
WYF00008.asd	1628	1977.000	2133.547
WYF00008.asd	1629	1978.000	2156.252
WYF00008.asd	1630	1979.000	2176.623
WYF00008.asd	1631	1980.000	2201.206
WYF00008.asd	1632	1981.000	2227.120
WYF00008.asd	1633	1982.000	2251.792
WYF00008.asd	1634	1983.000	2277.610
WYF00008.asd	1635	1984.000	2306.304
WYF00008.asd	1636	1985.000	2333.680
WYF00008.asd	1637	1986.000	2360.175
WYF00008.asd	1638	1987.000	2386.650
WYF00008.asd	1639	1988.000	2413.624
WYF00008.asd	1640	1989.000	2440.454
WYF00008.asd	1641	1990.000	2467.293
WYF00008.asd	1642	1991.000	2494.978
WYF00008.asd	1643	1992.000	2522.820
WYF00008.asd	1644	1993.000	2550.333
WYF00008.asd	1645	1994.000	2576.528
WYF00008.asd	1646	1995.000	2603.366
WYF00008.asd	1647	1996.000	2631.224
WYF00008.asd	1648	1997.000	2660.157
WYF00008.asd	1649	1998.000	2689.144
WYF00008.asd	1650	1999.000	2718.962
WYF00008.asd	1651	2000.000	2748.476
WYF00008.asd	1652	2001.000	2778.648
WYF00008.asd	1653	2002.000	2807.518
WYF00008.asd	1654	2003.000	2838.017
WYF00008.asd	1655	2004.000	2869.772
WYF00008.asd	1656	2005.000	2896.671
WYF00008.asd	1657	2006.000	2927.207
WYF00008.asd	1658	2007.000	2957.530
WYF00008.asd	1659	2008.000	2982.898
WYF00008.asd	1660	2009.000	3010.346
WYF00008.asd	1661	2010.000	3038.875
WYF00008.asd	1662	2011.000	3066.201
WYF00008.asd	1663	2012.000	3093.079
WYF00008.asd	1664	2013.000	3120.603
WYF00008.asd	1665	2014.000	3147.327
WYF00008.asd	1666	2015.000	3177.097
WYF00008.asd	1667	2016.000	3206.512
WYF00008.asd	1668	2017.000	3231.221
WYF00008.asd	1669	2018.000	3257.810
WYF00008.asd	1670	2019.000	3283.796
WYF00008.asd	1671	2020.000	3308.158
WYF00008.asd	1672	2021.000	3334.194
WYF00008.asd	1673	2022.000	3359.900
WYF00008.asd	1674	2023.000	3384.166
WYF00008.asd	1675	2024.000	3407.554
WYF00008.asd	1676	2025.000	3430.168
WYF00008.asd	1677	2026.000	3452.149
WYF00008.asd	1678	2027.000	3472.710
WYF00008.asd	1679	2028.000	3493.130
WYF00008.asd	1680	2029.000	3515.335
WYF00008.asd	1681	2030.000	3536.450
WYF00008.asd	1682	2031.000	3557.369
WYF00008.asd	1683	2032.000	3578.274
WYF00008.asd	1684	2033.000	3596.875
WYF00008.asd	1685	2034.000	3616.285
WYF00008.asd	1686	2035.000	3635.316
WYF00008.asd	1687	2036.000	3653.933
WYF00008.asd	1688	2037.000	3671.852
WYF00008.asd	1689	2038.000	3688.877
WYF00008.asd	1690	2039.000	3705.874
WYF00008.asd	1691	2040.000	3723.044
WYF00008.asd	1692	2041.000	3738.910
WYF00008.asd	1693	2042.000	3754.699
WYF00008.asd	1694	2043.000	3768.716
WYF00008.asd	1695	2044.000	3781.297
WYF00008.asd	1696	2045.000	3792.282
WYF00008.asd	1697	2046.000	3804.462
WYF00008.asd	1698	2047.000	3818.135
WYF00008.asd	1699	2048.000	3830.372
WYF00008.asd	1700	2049.000	3844.422
WYF00008.asd	1701	2050.000	3859.261
WYF00008.asd	1702	2051.000	3872.051
WYF00008.asd	1703	2052.000	3885.198
WYF00008.asd	1704	2053.000	3899.275
WYF00008.asd	1705	2054.000	3912.505
WYF00008.asd	1706	2055.000	3923.883
WYF00008.asd	1707	2056.000	3937.566
WYF00008.asd	1708	2057.000	3952.778
WYF00008.asd	1709	2058.000	3967.200
WYF00008.asd	1710	2059.000	3981.788
WYF00008.asd	1711	2060.000	3995.392
WYF00008.asd	1712	2061.000	4007.724
WYF00008.asd	1713	2062.000	4020.059
WYF00008.asd	1714	2063.000	4033.764
WYF00008.asd	1715	2064.000	4048.254
WYF00008.asd	1716	2065.000	4062.547
WYF00008.asd	1717	2066.000	4077.078
WYF00008.asd	1718	2067.000	4091.333
WYF00008.asd	1719	2068.000	4105.729
WYF00008.asd	1720	2069.000	4118.988
WYF00008.asd	1721	2070.000	4132.018
WYF00008.asd	1722	2071.000	4143.804
WYF00008.asd	1723	2072.000	4154.623
WYF00008.asd	1724	2073.000	4165.798
WYF00008.asd	1725	2074.000	4177.805
WYF00008.asd	1726	2075.000	4191.975
WYF00008.asd	1727	2076.000	4208.598
WYF00008.asd	1728	2077.000	4224.652
WYF00008.asd	1729	2078.000	4239.894
WYF00008.asd	1730	2079.000	4253.310
WYF00008.asd	1731	2080.000	4264.532
WYF00008.asd	1732	2081.000	4275.590
WYF00008.asd	1733	2082.000	4288.071
WYF00008.asd	1734	2083.000	4302.057
WYF00008.asd	1735	2084.000	4314.977
WYF00008.asd	1736	2085.000	4328.271
WYF00008.asd	1737	2086.000	4341.252
WYF00008.asd	1738	2087.000	4353.573
WYF00008.asd	1739	2088.000	4364.684
WYF00008.asd	1740	2089.000	4377.041
WYF00008.asd	1741	2090.000	4389.367
WYF00008.asd	1742	2091.000	4401.312
WYF00008.asd	1743	2092.000	4414.130
WYF00008.asd	1744	2093.000	4426.426
WYF00008.asd	1745	2094.000	4438.371
WYF00008.asd	1746	2095.000	4450.855
WYF00008.asd	1747	2096.000	4460.368
WYF00008.asd	1748	2097.000	4471.085
WYF00008.asd	1749	2098.000	4483.390
WYF00008.asd	1750	2099.000	4495.038
WYF00008.asd	1751	2100.000	4508.024
WYF00008.asd	1752	2101.000	4519.927
WYF00008.asd	1753	2102.000	4531.555
WYF00008.asd	1754	2103.000	4540.921
WYF00008.asd	1755	2104.000	4550.987
WYF00008.asd	1756	2105.000	4558.642
WYF00008.asd	1757	2106.000	4568.772
WYF00008.asd	1758	2107.000	4579.669
WYF00008.asd	1759	2108.000	4589.581
WYF00008.asd	1760	2109.000	4601.090
WYF00008.asd	1761	2110.000	4610.792
WYF00008.asd	1762	2111.000	4620.859
WYF00008.asd	1763	2112.000	4632.786
WYF00008.asd	1764	2113.000	4644.021
WYF00008.asd	1765	2114.000	4655.435
WYF00008.asd	1766	2115.000	4669.111
WYF00008.asd	1767	2116.000	4679.305
WYF00008.asd	1768	2117.000	4687.298
WYF00008.asd	1769	2118.000	4694.693
WYF00008.asd	1770	2119.000	4699.730
WYF00008.asd	1771	2120.000	4705.623
WYF00008.asd	1772	2121.000	4713.202
WYF00008.asd	1773	2122.000	4722.286
WYF00008.asd	1774	2123.000	4731.743
WYF00008.asd	1775	2124.000	4738.103
WYF00008.asd	1776	2125.000	4743.623
WYF00008.asd	1777	2126.000	4750.735
WYF00008.asd	1778	2127.000	4758.597
WYF00008.asd	1779	2128.000	4766.414
WYF00008.asd	1780	2129.000	4773.005
WYF00008.asd	1781	2130.000	4778.647
WYF00008.asd	1782	2131.000	4782.143
WYF00008.asd	1783	2132.000	4787.402
WYF00008.asd	1784	2133.000	4792.021
WYF00008.asd	1785	2134.000	4795.081
WYF00008.asd	1786	2135.000	4800.072
WYF00008.asd	1787	2136.000	4806.559
WYF00008.asd	1788	2137.000	4811.726
WYF00008.asd	1789	2138.000	4817.308
WYF00008.asd	1790	2139.000	4824.182
WYF00008.asd	1791	2140.000	4831.259
WYF00008.asd	1792	2141.000	4835.847
WYF00008.asd	1793	2142.000	4840.036
WYF00008.asd	1794	2143.000	4845.922
WYF00008.asd	1795	2144.000	4850.629
WYF00008.asd	1796	2145.000	4857.149
WYF00008.asd	1797	2146.000	4864.520
WYF00008.asd	1798	2147.000	4870.742
WYF00008.asd	1799	2148.000	4874.999
WYF00008.asd	1800	2149.000	4877.818
WYF00008.asd	1801	2150.000	4882.277
WYF00008.asd	1802	2151.000	4886.723
WYF00008.asd	1803	2152.000	4891.814
WYF00008.asd	1804	2153.000	4899.773
WYF00008.asd	1805	2154.000	4904.595
WYF00008.asd	1806	2155.000	4907.887
WYF00008.asd	1807	2156.000	4910.729
WYF00008.asd	1808	2157.000	4914.696
WYF00008.asd	1809	2158.000	4917.473
WYF00008.asd	1810	2159.000	4922.322
WYF00008.asd	1811	2160.000	4929.626
WYF00008.asd	1812	2161.000	4931.371
WYF00008.asd	1813	2162.000	4932.188
WYF00008.asd	1814	2163.000	4934.136
WYF00008.asd	1815	2164.000	4933.269
WYF00008.asd	1816	2165.000	4936.096
WYF00008.asd	1817	2166.000	4938.905
WYF00008.asd	1818	2167.000	4939.723
WYF00008.asd	1819	2168.000	4943.522
WYF00008.asd	1820	2169.000	4947.086
WYF00008.asd	1821	2170.000	4949.915
WYF00008.asd	1822	2171.000	4951.595
WYF00008.asd	1823	2172.000	4952.669
WYF00008.asd	1824	2173.000	4952.963
WYF00008.asd	1825	2174.000	4951.423
WYF00008.asd	1826	2175.000	4950.758
WYF00008.asd	1827	2176.000	4950.849
WYF00008.asd	1828	2177.000	4950.687
WYF00008.asd	1829	2178.000	4947.419
WYF00008.asd	1830	2179.000	4942.561
WYF00008.asd	1831	2180.000	4939.327
WYF00008.asd	1832	2181.000	4935.368
WYF00008.asd	1833	2182.000	4930.968
WYF00008.asd	1834	2183.000	4927.460
WYF00008.asd	1835	2184.000	4921.197
WYF00008.asd	1836	2185.000	4913.387
WYF00008.asd	1837	2186.000	4906.639
WYF00008.asd	1838	2187.000	4898.342
WYF00008.asd	1839	2188.000	4889.494
WYF00008.asd	1840	2189.000	4880.194
WYF00008.asd	1841	2190.000	4870.462
WYF00008.asd	1842	2191.000	4860.843
WYF00008.asd	1843	2192.000	4849.545
WYF00008.asd	1844	2193.000	4837.575
WYF00008.asd	1845	2194.000	4825.079
WYF00008.asd	1846	2195.000	4809.885
WYF00008.asd	1847	2196.000	4796.574
WYF00008.asd	1848	2197.000	4784.033
WYF00008.asd	1849	2198.000	4771.525
WYF00008.asd	1850	2199.000	4759.578
WYF00008.asd	1851	2200.000	4747.170
WYF00008.asd	1852	2201.000	4734.799
WYF00008.asd	1853	2202.000	4721.653
WYF00008.asd	1854	2203.000	4708.852
WYF00008.asd	1855	2204.000	4697.999
WYF00008.asd	1856	2205.000	4687.744
WYF00008.asd	1857	2206.000	4678.132
WYF00008.asd	1858	2207.000	4666.934
WYF00008.asd	1859	2208.000	4655.265
WYF00008.asd	1860	2209.000	4643.906
WYF00008.asd	1861	2210.000	4632.624
WYF00008.asd	1862	2211.000	4623.006
WYF00008.asd	1863	2212.000	4613.519
WYF00008.asd	1864	2213.000	4603.385
WYF00008.asd	1865	2214.000	4590.953
WYF00008.asd	1866	2215.000	4578.211
WYF00008.asd	1867	2216.000	4564.823
WYF00008.asd	1868	2217.000	4550.304
WYF00008.asd	1869	2218.000	4534.974
WYF00008.asd	1870	2219.000	4519.001
WYF00008.asd	1871	2220.000	4502.155
WYF00008.asd	1872	2221.000	4483.078
WYF00008.asd	1873	2222.000	4462.541
WYF00008.asd	1874	2223.000	4442.069
WYF00008.asd	1875	2224.000	4417.897
WYF00008.asd	1876	2225.000	4391.967
WYF00008.asd	1877	2226.000	4366.367
WYF00008.asd	1878	2227.000	4338.076
WYF00008.asd	1879	2228.000	4309.069
WYF00008.asd	1880	2229.000	4280.174
WYF00008.asd	1881	2230.000	4249.850
WYF00008.asd	1882	2231.000	4219.855
WYF00008.asd	1883	2232.000	4187.265
WYF00008.asd	1884	2233.000	4153.557
WYF00008.asd	1885	2234.000	4119.992
WYF00008.asd	1886	2235.000	4082.759
WYF00008.asd	1887	2236.000	4045.910
WYF00008.asd	1888	2237.000	4010.411
WYF00008.asd	1889	2238.000	3972.480
WYF00008.asd	1890	2239.000	3935.524
WYF00008.asd	1891	2240.000	3897.040
WYF00008.asd	1892	2241.000	3856.165
WYF00008.asd	1893	2242.000	3816.898
WYF00008.asd	1894	2243.000	3777.141
WYF00008.asd	1895	2244.000	3737.227
WYF00008.asd	1896	2245.000	3698.659
WYF00008.asd	1897	2246.000	3659.526
WYF00008.asd	1898	2247.000	3619.850
WYF00008.asd	1899	2248.000	3580.685
WYF00008.asd	1900	2249.000	3540.701
WYF00008.asd	1901	2250.000	3502.142
WYF00008.asd	1902	2251.000	3465.581
WYF00008.asd	1903	2252.000	3425.523
WYF00008.asd	1904	2253.000	3386.018
WYF00008.asd	1905	2254.000	3349.028
WYF00008.asd	1906	2255.000	3309.973
WYF00008.asd	1907	2256.000	3274.255
WYF00008.asd	1908	2257.000	3238.174
WYF00008.asd	1909	2258.000	3201.589
WYF00008.asd	1910	2259.000	3167.028
WYF00008.asd	1911	2260.000	3130.728
WYF00008.asd	1912	2261.000	3097.516
WYF00008.asd	1913	2262.000	3066.196
WYF00008.asd	1914	2263.000	3032.688
WYF00008.asd	1915	2264.000	3000.609
WYF00008.asd	1916	2265.000	2970.650
WYF00008.asd	1917	2266.000	2942.027
WYF00008.asd	1918	2267.000	2915.136
WYF00008.asd	1919	2268.000	2888.883
WYF00008.asd	1920	2269.000	2861.052
WYF00008.asd	1921	2270.000	2830.902
WYF00008.asd	1922	2271.000	2802.924
WYF00008.asd	1923	2272.000	2775.083
WYF00008.asd	1924	2273.000	2748.307
WYF00008.asd	1925	2274.000	2721.863
WYF00008.asd	1926	2275.000	2698.953
WYF00008.asd	1927	2276.000	2677.912
WYF00008.asd	1928	2277.000	2657.004
WYF00008.asd	1929	2278.000	2639.910
WYF00008.asd	1930	2279.000	2620.684
WYF00008.asd	1931	2280.000	2599.677
WYF00008.asd	1932	2281.000	2580.507
WYF00008.asd	1933	2282.000	2563.217
WYF00008.asd	1934	2283.000	2543.731
WYF00008.asd	1935	2284.000	2524.674
WYF00008.asd	1936	2285.000	2503.081
WYF00008.asd	1937	2286.000	2479.625
WYF00008.asd	1938	2287.000	2457.366
WYF00008.asd	1939	2288.000	2436.576
WYF00008.asd	1940	2289.000	2416.539
WYF00008.asd	1941	2290.000	2394.903
WYF00008.asd	1942	2291.000	2371.003
WYF00008.asd	1943	2292.000	2347.046
WYF00008.asd	1944	2293.000	2321.311
WYF00008.asd	1945	2294.000	2295.489
WYF00008.asd	1946	2295.000	2272.305
WYF00008.asd	1947	2296.000	2247.243
WYF00008.asd	1948	2297.000	2221.823
WYF00008.asd	1949	2298.000	2196.931
WYF00008.asd	1950	2299.000	2170.910
WYF00008.asd	1951	2300.000	2145.845
WYF00008.asd	1952	2301.000	2120.663
WYF00008.asd	1953	2302.000	2095.924
WYF00008.asd	1954	2303.000	2072.995
WYF00008.asd	1955	2304.000	2050.168
WYF00008.asd	1956	2305.000	2027.301
WYF00008.asd	1957	2306.000	2004.426
WYF00008.asd	1958	2307.000	1982.435
WYF00008.asd	1959	2308.000	1961.746
WYF00008.asd	1960	2309.000	1940.856
WYF00008.asd	1961	2310.000	1921.764
WYF00008.asd	1962	2311.000	1904.965
WYF00008.asd	1963	2312.000	1887.919
WYF00008.asd	1964	2313.000	1871.894
WYF00008.asd	1965	2314.000	1855.362
WYF00008.asd	1966	2315.000	1839.534
WYF00008.asd	1967	2316.000	1823.449
WYF00008.asd	1968	2317.000	1806.672
WYF00008.asd	1969	2318.000	1789.581
WYF00008.asd	1970	2319.000	1772.680
WYF00008.asd	1971	2320.000	1755.845
WYF00008.asd	1972	2321.000	1739.166
WYF00008.asd	1973	2322.000	1721.841
WYF00008.asd	1974	2323.000	1704.493
WYF00008.asd	1975	2324.000	1685.986
WYF00008.asd	1976	2325.000	1665.631
WYF00008.asd	1977	2326.000	1646.483
WYF00008.asd	1978	2327.000	1627.967
WYF00008.asd	1979	2328.000	1609.080
WYF00008.asd	1980	2329.000	1590.001
WYF00008.asd	1981	2330.000	1571.325
WYF00008.asd	1982	2331.000	1552.615
WYF00008.asd	1983	2332.000	1533.927
WYF00008.asd	1984	2333.000	1515.779
WYF00008.asd	1985	2334.000	1497.194
WYF00008.asd	1986	2335.000	1478.026
WYF00008.asd	1987	2336.000	1459.115
WYF00008.asd	1988	2337.000	1441.017
WYF00008.asd	1989	2338.000	1423.534
WYF00008.asd	1990	2339.000	1405.119
WYF00008.asd	1991	2340.000	1386.855
WYF00008.asd	1992	2341.000	1367.844
WYF00008.asd	1993	2342.000	1348.768
WYF00008.asd	1994	2343.000	1331.425
WYF00008.asd	1995	2344.000	1313.967
WYF00008.asd	1996	2345.000	1298.945
WYF00008.asd	1997	2346.000	1285.712
WYF00008.asd	1998	2347.000	1272.243
WYF00008.asd	1999	2348.000	1259.795
WYF00008.asd	2000	2349.000	1245.431
WYF00008.asd	2001	2350.000	1227.985
WYF00008.asd	2002	2351.000	1211.268
WYF00008.asd	2003	2352.000	1194.546
WYF00008.asd	2004	2353.000	1177.511
WYF00008.asd	2005	2354.000	1164.684
WYF00008.asd	2006	2355.000	1153.913
WYF00008.asd	2007	2356.000	1142.609
WYF00008.asd	2008	2357.000	1130.597
WYF00008.asd	2009	2358.000	1117.099
WYF00008.asd	2010	2359.000	1102.496
WYF00008.asd	2011	2360.000	1086.802
WYF00008.asd	2012	2361.000	1073.283
WYF00008.asd	2013	2362.000	1061.290
WYF00008.asd	2014	2363.000	1046.613
WYF00008.asd	2015	2364.000	1032.723
WYF00008.asd	2016	2365.000	1020.750
WYF00008.asd	2017	2366.000	1008.127
WYF00008.asd	2018	2367.000	998.112
WYF00008.asd	2019	2368.000	986.804
WYF00008.asd	2020	2369.000	971.924
WYF00008.asd	2021	2370.000	957.990
WYF00008.asd	2022	2371.000	943.431
WYF00008.asd	2023	2372.000	926.865
WYF00008.asd	2024	2373.000	913.969
WYF00008.asd	2025	2374.000	902.591
WYF00008.asd	2026	2375.000	889.844
WYF00008.asd	2027	2376.000	878.256
WYF00008.asd	2028	2377.000	866.126
WYF00008.asd	2029	2378.000	853.206
WYF00008.asd	2030	2379.000	841.381
WYF00008.asd	2031	2380.000	830.320
WYF00008.asd	2032	2381.000	819.353
WYF00008.asd	2033	2382.000	807.742
WYF00008.asd	2034	2383.000	797.549
WYF00008.asd	2035	2384.000	789.596
WYF00008.asd	2036	2385.000	778.611
WYF00008.asd	2037	2386.000	766.888
WYF00008.asd	2038	2387.000	755.493
WYF00008.asd	2039	2388.000	742.054
WYF00008.asd	2040	2389.000	731.042
WYF00008.asd	2041	2390.000	722.376
WYF00008.asd	2042	2391.000	710.852
WYF00008.asd	2043	2392.000	698.044
WYF00008.asd	2044	2393.000	686.690
WYF00008.asd	2045	2394.000	673.910
WYF00008.asd	2046	2395.000	664.226
WYF00008.asd	2047	2396.000	657.713
WYF00008.asd	2048	2397.000	649.117
WYF00008.asd	2049	2398.000	641.745
WYF00008.asd	2050	2399.000	630.977
WYF00008.asd	2051	2400.000	617.225
WYF00008.asd	2052	2401.000	606.237
WYF00008.asd	2053	2402.000	594.483
WYF00008.asd	2054	2403.000	583.906
WYF00008.asd	2055	2404.000	575.251
WYF00008.asd	2056	2405.000	566.324
WYF00008.asd	2057	2406.000	556.934
WYF00008.asd	2058	2407.000	547.853
WYF00008.asd	2059	2408.000	540.270
WYF00008.asd	2060	2409.000	531.736
WYF00008.asd	2061	2410.000	522.395
WYF00008.asd	2062	2411.000	513.610
WYF00008.asd	2063	2412.000	504.714
WYF00008.asd	2064	2413.000	496.137
WYF00008.asd	2065	2414.000	487.810
WYF00008.asd	2066	2415.000	479.176
WYF00008.asd	2067	2416.000	470.692
WYF00008.asd	2068	2417.000	462.779
WYF00008.asd	2069	2418.000	454.576
WYF00008.asd	2070	2419.000	447.030
WYF00008.asd	2071	2420.000	441.202
WYF00008.asd	2072	2421.000	432.986
WYF00008.asd	2073	2422.000	423.384
WYF00008.asd	2074	2423.000	414.573
WYF00008.asd	2075	2424.000	404.323
WYF00008.asd	2076	2425.000	396.675
WYF00008.asd	2077	2426.000	390.990
WYF00008.asd	2078	2427.000	384.438
WYF00008.asd	2079	2428.000	378.551
WYF00008.asd	2080	2429.000	372.484
WYF00008.asd	2081	2430.000	366.215
WYF00008.asd	2082	2431.000	359.682
WYF00008.asd	2083	2432.000	353.635
WYF00008.asd	2084	2433.000	346.465
WYF00008.asd	2085	2434.000	337.805
WYF00008.asd	2086	2435.000	331.054
WYF00008.asd	2087	2436.000	324.399
WYF00008.asd	2088	2437.000	319.229
WYF00008.asd	2089	2438.000	315.875
WYF00008.asd	2090	2439.000	310.741
WYF00008.asd	2091	2440.000	306.094
WYF00008.asd	2092	2441.000	300.106
WYF00008.asd	2093	2442.000	292.732
WYF00008.asd	2094	2443.000	286.362
WYF00008.asd	2095	2444.000	279.505
WYF00008.asd	2096	2445.000	273.895
WYF00008.asd	2097	2446.000	268.718
WYF00008.asd	2098	2447.000	263.945
WYF00008.asd	2099	2448.000	260.115
WYF00008.asd	2100	2449.000	254.878
WYF00008.asd	2101	2450.000	252.068
WYF00008.asd	2102	2451.000	247.808
WYF00008.asd	2103	2452.000	243.575
WYF00008.asd	2104	2453.000	241.173
WYF00008.asd	2105	2454.000	236.991
WYF00008.asd	2106	2455.000	233.383
WYF00008.asd	2107	2456.000	229.550
WYF00008.asd	2108	2457.000	224.341
WYF00008.asd	2109	2458.000	219.227
WYF00008.asd	2110	2459.000	214.976
WYF00008.asd	2111	2460.000	210.827
WYF00008.asd	2112	2461.000	207.250
WYF00008.asd	2113	2462.000	203.596
WYF00008.asd	2114	2463.000	199.710
WYF00008.asd	2115	2464.000	196.395
WYF00008.asd	2116	2465.000	193.088
WYF00008.asd	2117	2466.000	190.288
WYF00008.asd	2118	2467.000	188.890
WYF00008.asd	2119	2468.000	186.302
WYF00008.asd	2120	2469.000	183.338
WYF00008.asd	2121	2470.000	180.437
WYF00008.asd	2122	2471.000	177.783
WYF00008.asd	2123	2472.000	173.448
WYF00008.asd	2124	2473.000	167.148
WYF00008.asd	2125	2474.000	162.816
WYF00008.asd	2126	2475.000	157.450
WYF00008.asd	2127	2476.000	153.740
WYF00008.asd	2128	2477.000	153.078
WYF00008.asd	2129	2478.000	151.158
WYF00008.asd	2130	2479.000	148.935
WYF00008.asd	2131	2480.000	146.900
WYF00008.asd	2132	2481.000	145.649
WYF00008.asd	2133	2482.000	142.783
WYF00008.asd	2134	2483.000	138.522
WYF00008.asd	2135	2484.000	135.466
WYF00008.asd	2136	2485.000	131.449
WYF00008.asd	2137	2486.000	128.944
WYF00008.asd	2138	2487.000	128.524
WYF00008.asd	2139	2488.000	126.764
WYF00008.asd	2140	2489.000	125.227
WYF00008.asd	2141	2490.000	122.634
WYF00008.asd	2142	2491.000	118.888
WYF00008.asd	2143	2492.000	115.963
WYF00008.asd	2144	2493.000	112.270
WYF00008.asd	2145	2494.000	110.182
WYF00008.asd	2146	2495.000	109.780
WYF00008.asd	2147	2496.000	107.646
WYF00008.asd	2148	2497.000	105.736
WYF00008.asd	2149	2498.000	102.854
WYF00008.asd	2150	2499.000	98.160
WYF00008.asd	2151	2500.000	95.465
