WYF00009.asd	1	350.000	16.733
WYF00009.asd	2	351.000	16.497
WYF00009.asd	3	352.000	16.357
WYF00009.asd	4	353.000	18.276
WYF00009.asd	5	354.000	18.065
WYF00009.asd	6	355.000	17.321
WYF00009.asd	7	356.000	17.372
WYF00009.asd	8	357.000	18.523
WYF00009.asd	9	358.000	19.992
WYF00009.asd	10	359.000	20.425
WYF00009.asd	11	360.000	19.998
WYF00009.asd	12	361.000	21.521
WYF00009.asd	13	362.000	22.765
WYF00009.asd	14	363.000	22.947
WYF00009.asd	15	364.000	22.557
WYF00009.asd	16	365.000	24.678
WYF00009.asd	17	366.000	25.811
WYF00009.asd	18	367.000	26.127
WYF00009.asd	19	368.000	26.903
WYF00009.asd	20	369.000	26.172
WYF00009.asd	21	370.000	26.196
WYF00009.asd	22	371.000	27.550
WYF00009.asd	23	372.000	29.312
WYF00009.asd	24	373.000	31.317
WYF00009.asd	25	374.000	31.509
WYF00009.asd	26	375.000	30.268
WYF00009.asd	27	376.000	31.200
WYF00009.asd	28	377.000	31.187
WYF00009.asd	29	378.000	31.895
WYF00009.asd	30	379.000	33.891
WYF00009.asd	31	380.000	32.447
WYF00009.asd	32	381.000	33.198
WYF00009.asd	33	382.000	35.392
WYF00009.asd	34	383.000	36.307
WYF00009.asd	35	384.000	35.296
WYF00009.asd	36	385.000	35.573
WYF00009.asd	37	386.000	36.779
WYF00009.asd	38	387.000	36.567
WYF00009.asd	39	388.000	38.474
WYF00009.asd	40	389.000	39.617
WYF00009.asd	41	390.000	39.086
WYF00009.asd	42	391.000	39.195
WYF00009.asd	43	392.000	39.046
WYF00009.asd	44	393.000	39.294
WYF00009.asd	45	394.000	40.424
WYF00009.asd	46	395.000	41.905
WYF00009.asd	47	396.000	43.378
WYF00009.asd	48	397.000	44.782
WYF00009.asd	49	398.000	46.009
WYF00009.asd	50	399.000	45.986
WYF00009.asd	51	400.000	46.292
WYF00009.asd	52	401.000	47.826
WYF00009.asd	53	402.000	50.489
WYF00009.asd	54	403.000	50.925
WYF00009.asd	55	404.000	51.199
WYF00009.asd	56	405.000	52.736
WYF00009.asd	57	406.000	55.013
WYF00009.asd	58	407.000	55.188
WYF00009.asd	59	408.000	56.016
WYF00009.asd	60	409.000	59.518
WYF00009.asd	61	410.000	61.791
WYF00009.asd	62	411.000	61.813
WYF00009.asd	63	412.000	62.178
WYF00009.asd	64	413.000	66.029
WYF00009.asd	65	414.000	69.032
WYF00009.asd	66	415.000	71.308
WYF00009.asd	67	416.000	72.985
WYF00009.asd	68	417.000	74.086
WYF00009.asd	69	418.000	76.857
WYF00009.asd	70	419.000	80.494
WYF00009.asd	71	420.000	83.987
WYF00009.asd	72	421.000	87.145
WYF00009.asd	73	422.000	88.911
WYF00009.asd	74	423.000	91.090
WYF00009.asd	75	424.000	95.313
WYF00009.asd	76	425.000	98.253
WYF00009.asd	77	426.000	102.844
WYF00009.asd	78	427.000	108.033
WYF00009.asd	79	428.000	110.492
WYF00009.asd	80	429.000	113.792
WYF00009.asd	81	430.000	118.020
WYF00009.asd	82	431.000	122.259
WYF00009.asd	83	432.000	124.789
WYF00009.asd	84	433.000	130.207
WYF00009.asd	85	434.000	136.276
WYF00009.asd	86	435.000	140.463
WYF00009.asd	87	436.000	145.456
WYF00009.asd	88	437.000	149.927
WYF00009.asd	89	438.000	154.048
WYF00009.asd	90	439.000	158.551
WYF00009.asd	91	440.000	161.747
WYF00009.asd	92	441.000	166.374
WYF00009.asd	93	442.000	172.391
WYF00009.asd	94	443.000	176.088
WYF00009.asd	95	444.000	180.424
WYF00009.asd	96	445.000	185.424
WYF00009.asd	97	446.000	190.537
WYF00009.asd	98	447.000	195.594
WYF00009.asd	99	448.000	199.773
WYF00009.asd	100	449.000	202.532
WYF00009.asd	101	450.000	204.299
WYF00009.asd	102	451.000	209.872
WYF00009.asd	103	452.000	216.473
WYF00009.asd	104	453.000	221.484
WYF00009.asd	105	454.000	223.410
WYF00009.asd	106	455.000	226.619
WYF00009.asd	107	456.000	230.481
WYF00009.asd	108	457.000	233.719
WYF00009.asd	109	458.000	236.034
WYF00009.asd	110	459.000	239.570
WYF00009.asd	111	460.000	243.351
WYF00009.asd	112	461.000	245.568
WYF00009.asd	113	462.000	248.098
WYF00009.asd	114	463.000	250.758
WYF00009.asd	115	464.000	253.471
WYF00009.asd	116	465.000	256.368
WYF00009.asd	117	466.000	258.945
WYF00009.asd	118	467.000	260.698
WYF00009.asd	119	468.000	261.974
WYF00009.asd	120	469.000	265.353
WYF00009.asd	121	470.000	267.176
WYF00009.asd	122	471.000	268.327
WYF00009.asd	123	472.000	271.167
WYF00009.asd	124	473.000	274.742
WYF00009.asd	125	474.000	276.570
WYF00009.asd	126	475.000	277.407
WYF00009.asd	127	476.000	281.194
WYF00009.asd	128	477.000	282.342
WYF00009.asd	129	478.000	283.951
WYF00009.asd	130	479.000	288.208
WYF00009.asd	131	480.000	290.568
WYF00009.asd	132	481.000	291.992
WYF00009.asd	133	482.000	293.616
WYF00009.asd	134	483.000	296.295
WYF00009.asd	135	484.000	297.768
WYF00009.asd	136	485.000	299.243
WYF00009.asd	137	486.000	301.867
WYF00009.asd	138	487.000	306.288
WYF00009.asd	139	488.000	309.377
WYF00009.asd	140	489.000	311.490
WYF00009.asd	141	490.000	314.025
WYF00009.asd	142	491.000	318.986
WYF00009.asd	143	492.000	323.515
WYF00009.asd	144	493.000	327.038
WYF00009.asd	145	494.000	330.456
WYF00009.asd	146	495.000	335.907
WYF00009.asd	147	496.000	341.766
WYF00009.asd	148	497.000	347.373
WYF00009.asd	149	498.000	353.798
WYF00009.asd	150	499.000	360.281
WYF00009.asd	151	500.000	367.769
WYF00009.asd	152	501.000	376.762
WYF00009.asd	153	502.000	384.863
WYF00009.asd	154	503.000	394.157
WYF00009.asd	155	504.000	404.747
WYF00009.asd	156	505.000	415.636
WYF00009.asd	157	506.000	427.752
WYF00009.asd	158	507.000	441.261
WYF00009.asd	159	508.000	455.925
WYF00009.asd	160	509.000	470.899
WYF00009.asd	161	510.000	490.365
WYF00009.asd	162	511.000	511.753
WYF00009.asd	163	512.000	532.407
WYF00009.asd	164	513.000	558.112
WYF00009.asd	165	514.000	586.530
WYF00009.asd	166	515.000	616.661
WYF00009.asd	167	516.000	648.787
WYF00009.asd	168	517.000	683.576
WYF00009.asd	169	518.000	722.756
WYF00009.asd	170	519.000	766.181
WYF00009.asd	171	520.000	809.834
WYF00009.asd	172	521.000	854.427
WYF00009.asd	173	522.000	901.141
WYF00009.asd	174	523.000	950.684
WYF00009.asd	175	524.000	999.599
WYF00009.asd	176	525.000	1050.653
WYF00009.asd	177	526.000	1102.321
WYF00009.asd	178	527.000	1148.886
WYF00009.asd	179	528.000	1197.571
WYF00009.asd	180	529.000	1246.725
WYF00009.asd	181	530.000	1293.460
WYF00009.asd	182	531.000	1336.306
WYF00009.asd	183	532.000	1379.073
WYF00009.asd	184	533.000	1421.651
WYF00009.asd	185	534.000	1461.973
WYF00009.asd	186	535.000	1499.068
WYF00009.asd	187	536.000	1537.421
WYF00009.asd	188	537.000	1576.811
WYF00009.asd	189	538.000	1610.062
WYF00009.asd	190	539.000	1646.416
WYF00009.asd	191	540.000	1684.183
WYF00009.asd	192	541.000	1719.803
WYF00009.asd	193	542.000	1753.702
WYF00009.asd	194	543.000	1790.744
WYF00009.asd	195	544.000	1829.932
WYF00009.asd	196	545.000	1866.640
WYF00009.asd	197	546.000	1905.916
WYF00009.asd	198	547.000	1945.003
WYF00009.asd	199	548.000	1982.401
WYF00009.asd	200	549.000	2020.869
WYF00009.asd	201	550.000	2061.237
WYF00009.asd	202	551.000	2101.301
WYF00009.asd	203	552.000	2138.324
WYF00009.asd	204	553.000	2173.458
WYF00009.asd	205	554.000	2208.128
WYF00009.asd	206	555.000	2241.828
WYF00009.asd	207	556.000	2272.154
WYF00009.asd	208	557.000	2298.915
WYF00009.asd	209	558.000	2321.712
WYF00009.asd	210	559.000	2340.264
WYF00009.asd	211	560.000	2354.811
WYF00009.asd	212	561.000	2362.270
WYF00009.asd	213	562.000	2364.011
WYF00009.asd	214	563.000	2363.150
WYF00009.asd	215	564.000	2357.120
WYF00009.asd	216	565.000	2343.269
WYF00009.asd	217	566.000	2322.043
WYF00009.asd	218	567.000	2298.227
WYF00009.asd	219	568.000	2269.363
WYF00009.asd	220	569.000	2233.764
WYF00009.asd	221	570.000	2191.744
WYF00009.asd	222	571.000	2149.862
WYF00009.asd	223	572.000	2107.365
WYF00009.asd	224	573.000	2065.824
WYF00009.asd	225	574.000	2028.657
WYF00009.asd	226	575.000	1997.883
WYF00009.asd	227	576.000	1972.409
WYF00009.asd	228	577.000	1950.851
WYF00009.asd	229	578.000	1933.188
WYF00009.asd	230	579.000	1914.008
WYF00009.asd	231	580.000	1891.215
WYF00009.asd	232	581.000	1865.272
WYF00009.asd	233	582.000	1840.540
WYF00009.asd	234	583.000	1821.354
WYF00009.asd	235	584.000	1807.192
WYF00009.asd	236	585.000	1792.266
WYF00009.asd	237	586.000	1781.537
WYF00009.asd	238	587.000	1772.086
WYF00009.asd	239	588.000	1760.290
WYF00009.asd	240	589.000	1745.884
WYF00009.asd	241	590.000	1731.124
WYF00009.asd	242	591.000	1716.641
WYF00009.asd	243	592.000	1702.965
WYF00009.asd	244	593.000	1699.134
WYF00009.asd	245	594.000	1700.759
WYF00009.asd	246	595.000	1703.170
WYF00009.asd	247	596.000	1704.221
WYF00009.asd	248	597.000	1707.377
WYF00009.asd	249	598.000	1712.978
WYF00009.asd	250	599.000	1719.654
WYF00009.asd	251	600.000	1723.453
WYF00009.asd	252	601.000	1727.939
WYF00009.asd	253	602.000	1733.613
WYF00009.asd	254	603.000	1737.718
WYF00009.asd	255	604.000	1737.132
WYF00009.asd	256	605.000	1733.367
WYF00009.asd	257	606.000	1728.131
WYF00009.asd	258	607.000	1720.903
WYF00009.asd	259	608.000	1711.600
WYF00009.asd	260	609.000	1702.092
WYF00009.asd	261	610.000	1694.338
WYF00009.asd	262	611.000	1683.288
WYF00009.asd	263	612.000	1673.255
WYF00009.asd	264	613.000	1665.773
WYF00009.asd	265	614.000	1657.454
WYF00009.asd	266	615.000	1645.619
WYF00009.asd	267	616.000	1632.967
WYF00009.asd	268	617.000	1622.791
WYF00009.asd	269	618.000	1614.427
WYF00009.asd	270	619.000	1603.624
WYF00009.asd	271	620.000	1591.426
WYF00009.asd	272	621.000	1582.615
WYF00009.asd	273	622.000	1575.285
WYF00009.asd	274	623.000	1567.080
WYF00009.asd	275	624.000	1557.832
WYF00009.asd	276	625.000	1552.066
WYF00009.asd	277	626.000	1547.927
WYF00009.asd	278	627.000	1543.271
WYF00009.asd	279	628.000	1536.628
WYF00009.asd	280	629.000	1531.765
WYF00009.asd	281	630.000	1526.682
WYF00009.asd	282	631.000	1520.705
WYF00009.asd	283	632.000	1515.018
WYF00009.asd	284	633.000	1509.639
WYF00009.asd	285	634.000	1502.896
WYF00009.asd	286	635.000	1493.049
WYF00009.asd	287	636.000	1478.776
WYF00009.asd	288	637.000	1465.923
WYF00009.asd	289	638.000	1454.264
WYF00009.asd	290	639.000	1440.185
WYF00009.asd	291	640.000	1424.628
WYF00009.asd	292	641.000	1408.402
WYF00009.asd	293	642.000	1392.506
WYF00009.asd	294	643.000	1378.246
WYF00009.asd	295	644.000	1363.574
WYF00009.asd	296	645.000	1348.737
WYF00009.asd	297	646.000	1334.874
WYF00009.asd	298	647.000	1323.471
WYF00009.asd	299	648.000	1313.738
WYF00009.asd	300	649.000	1305.011
WYF00009.asd	301	650.000	1296.934
WYF00009.asd	302	651.000	1291.081
WYF00009.asd	303	652.000	1286.803
WYF00009.asd	304	653.000	1283.667
WYF00009.asd	305	654.000	1283.199
WYF00009.asd	306	655.000	1279.591
WYF00009.asd	307	656.000	1275.438
WYF00009.asd	308	657.000	1275.345
WYF00009.asd	309	658.000	1272.372
WYF00009.asd	310	659.000	1267.677
WYF00009.asd	311	660.000	1263.583
WYF00009.asd	312	661.000	1262.923
WYF00009.asd	313	662.000	1263.347
WYF00009.asd	314	663.000	1261.753
WYF00009.asd	315	664.000	1257.617
WYF00009.asd	316	665.000	1258.479
WYF00009.asd	317	666.000	1261.485
WYF00009.asd	318	667.000	1265.255
WYF00009.asd	319	668.000	1269.434
WYF00009.asd	320	669.000	1275.246
WYF00009.asd	321	670.000	1282.150
WYF00009.asd	322	671.000	1289.630
WYF00009.asd	323	672.000	1297.486
WYF00009.asd	324	673.000	1307.211
WYF00009.asd	325	674.000	1319.576
WYF00009.asd	326	675.000	1334.027
WYF00009.asd	327	676.000	1345.815
WYF00009.asd	328	677.000	1359.573
WYF00009.asd	329	678.000	1376.350
WYF00009.asd	330	679.000	1394.072
WYF00009.asd	331	680.000	1412.222
WYF00009.asd	332	681.000	1431.726
WYF00009.asd	333	682.000	1452.962
WYF00009.asd	334	683.000	1474.411
WYF00009.asd	335	684.000	1498.685
WYF00009.asd	336	685.000	1525.659
WYF00009.asd	337	686.000	1554.624
WYF00009.asd	338	687.000	1587.196
WYF00009.asd	339	688.000	1625.755
WYF00009.asd	340	689.000	1672.153
WYF00009.asd	341	690.000	1727.840
WYF00009.asd	342	691.000	1799.394
WYF00009.asd	343	692.000	1888.648
WYF00009.asd	344	693.000	1998.278
WYF00009.asd	345	694.000	2135.196
WYF00009.asd	346	695.000	2304.508
WYF00009.asd	347	696.000	2510.840
WYF00009.asd	348	697.000	2758.152
WYF00009.asd	349	698.000	3049.579
WYF00009.asd	350	699.000	3384.980
WYF00009.asd	351	700.000	3764.616
WYF00009.asd	352	701.000	4189.667
WYF00009.asd	353	702.000	4658.746
WYF00009.asd	354	703.000	5166.685
WYF00009.asd	355	704.000	5708.546
WYF00009.asd	356	705.000	6283.638
WYF00009.asd	357	706.000	6887.048
WYF00009.asd	358	707.000	7516.473
WYF00009.asd	359	708.000	8171.328
WYF00009.asd	360	709.000	8851.628
WYF00009.asd	361	710.000	9551.031
WYF00009.asd	362	711.000	10266.019
WYF00009.asd	363	712.000	10997.927
WYF00009.asd	364	713.000	11746.663
WYF00009.asd	365	714.000	12513.383
WYF00009.asd	366	715.000	13296.395
WYF00009.asd	367	716.000	14084.375
WYF00009.asd	368	717.000	14878.832
WYF00009.asd	369	718.000	15680.805
WYF00009.asd	370	719.000	16490.673
WYF00009.asd	371	720.000	17306.126
WYF00009.asd	372	721.000	18120.506
WYF00009.asd	373	722.000	18932.818
WYF00009.asd	374	723.000	19751.765
WYF00009.asd	375	724.000	20557.438
WYF00009.asd	376	725.000	21349.737
WYF00009.asd	377	726.000	22133.251
WYF00009.asd	378	727.000	22905.207
WYF00009.asd	379	728.000	23674.167
WYF00009.asd	380	729.000	24432.869
WYF00009.asd	381	730.000	25164.469
WYF00009.asd	382	731.000	25871.154
WYF00009.asd	383	732.000	26559.532
WYF00009.asd	384	733.000	27231.100
WYF00009.asd	385	734.000	27877.996
WYF00009.asd	386	735.000	28509.682
WYF00009.asd	387	736.000	29118.535
WYF00009.asd	388	737.000	29696.388
WYF00009.asd	389	738.000	30250.908
WYF00009.asd	390	739.000	30789.781
WYF00009.asd	391	740.000	31304.882
WYF00009.asd	392	741.000	31781.128
WYF00009.asd	393	742.000	32242.666
WYF00009.asd	394	743.000	32684.762
WYF00009.asd	395	744.000	33103.677
WYF00009.asd	396	745.000	33502.847
WYF00009.asd	397	746.000	33875.141
WYF00009.asd	398	747.000	34235.279
WYF00009.asd	399	748.000	34594.402
WYF00009.asd	400	749.000	34930.777
WYF00009.asd	401	750.000	35252.262
WYF00009.asd	402	751.000	35555.642
WYF00009.asd	403	752.000	35833.937
WYF00009.asd	404	753.000	36105.396
WYF00009.asd	405	754.000	36369.228
WYF00009.asd	406	755.000	36616.778
WYF00009.asd	407	756.000	36832.512
WYF00009.asd	408	757.000	37041.583
WYF00009.asd	409	758.000	37244.091
WYF00009.asd	410	759.000	37434.615
WYF00009.asd	411	760.000	37610.901
WYF00009.asd	412	761.000	37782.415
WYF00009.asd	413	762.000	37947.949
WYF00009.asd	414	763.000	38100.248
WYF00009.asd	415	764.000	38234.205
WYF00009.asd	416	765.000	38350.099
WYF00009.asd	417	766.000	38455.925
WYF00009.asd	418	767.000	38566.487
WYF00009.asd	419	768.000	38670.855
WYF00009.asd	420	769.000	38766.609
WYF00009.asd	421	770.000	38854.327
WYF00009.asd	422	771.000	38938.223
WYF00009.asd	423	772.000	39010.632
WYF00009.asd	424	773.000	39072.538
WYF00009.asd	425	774.000	39129.528
WYF00009.asd	426	775.000	39191.952
WYF00009.asd	427	776.000	39237.846
WYF00009.asd	428	777.000	39269.811
WYF00009.asd	429	778.000	39310.683
WYF00009.asd	430	779.000	39341.456
WYF00009.asd	431	780.000	39360.147
WYF00009.asd	432	781.000	39370.533
WYF00009.asd	433	782.000	39381.527
WYF00009.asd	434	783.000	39389.875
WYF00009.asd	435	784.000	39390.562
WYF00009.asd	436	785.000	39380.787
WYF00009.asd	437	786.000	39368.143
WYF00009.asd	438	787.000	39348.163
WYF00009.asd	439	788.000	39320.217
WYF00009.asd	440	789.000	39285.018
WYF00009.asd	441	790.000	39234.365
WYF00009.asd	442	791.000	39175.915
WYF00009.asd	443	792.000	39117.227
WYF00009.asd	444	793.000	39062.914
WYF00009.asd	445	794.000	38998.346
WYF00009.asd	446	795.000	38927.233
WYF00009.asd	447	796.000	38858.132
WYF00009.asd	448	797.000	38805.173
WYF00009.asd	449	798.000	38718.225
WYF00009.asd	450	799.000	38610.553
WYF00009.asd	451	800.000	38512.674
WYF00009.asd	452	801.000	38410.256
WYF00009.asd	453	802.000	38321.577
WYF00009.asd	454	803.000	38248.385
WYF00009.asd	455	804.000	38177.539
WYF00009.asd	456	805.000	38090.901
WYF00009.asd	457	806.000	37983.711
WYF00009.asd	458	807.000	37863.963
WYF00009.asd	459	808.000	37752.665
WYF00009.asd	460	809.000	37631.709
WYF00009.asd	461	810.000	37516.895
WYF00009.asd	462	811.000	37413.086
WYF00009.asd	463	812.000	37275.345
WYF00009.asd	464	813.000	37149.571
WYF00009.asd	465	814.000	37027.532
WYF00009.asd	466	815.000	36888.897
WYF00009.asd	467	816.000	36763.041
WYF00009.asd	468	817.000	36639.416
WYF00009.asd	469	818.000	36515.538
WYF00009.asd	470	819.000	36394.571
WYF00009.asd	471	820.000	36263.605
WYF00009.asd	472	821.000	36131.285
WYF00009.asd	473	822.000	35999.118
WYF00009.asd	474	823.000	35856.410
WYF00009.asd	475	824.000	35720.938
WYF00009.asd	476	825.000	35573.619
WYF00009.asd	477	826.000	35404.886
WYF00009.asd	478	827.000	35244.845
WYF00009.asd	479	828.000	35088.692
WYF00009.asd	480	829.000	34933.618
WYF00009.asd	481	830.000	34773.801
WYF00009.asd	482	831.000	34592.079
WYF00009.asd	483	832.000	34413.396
WYF00009.asd	484	833.000	34245.560
WYF00009.asd	485	834.000	34082.847
WYF00009.asd	486	835.000	33912.632
WYF00009.asd	487	836.000	33743.576
WYF00009.asd	488	837.000	33577.333
WYF00009.asd	489	838.000	33406.859
WYF00009.asd	490	839.000	33235.896
WYF00009.asd	491	840.000	33071.158
WYF00009.asd	492	841.000	32909.095
WYF00009.asd	493	842.000	32728.906
WYF00009.asd	494	843.000	32559.450
WYF00009.asd	495	844.000	32388.665
WYF00009.asd	496	845.000	32207.454
WYF00009.asd	497	846.000	32046.495
WYF00009.asd	498	847.000	31877.798
WYF00009.asd	499	848.000	31704.999
WYF00009.asd	500	849.000	31541.597
WYF00009.asd	501	850.000	31386.838
WYF00009.asd	502	851.000	31223.304
WYF00009.asd	503	852.000	31047.760
WYF00009.asd	504	853.000	30868.182
WYF00009.asd	505	854.000	30695.948
WYF00009.asd	506	855.000	30518.493
WYF00009.asd	507	856.000	30338.356
WYF00009.asd	508	857.000	30172.728
WYF00009.asd	509	858.000	30002.963
WYF00009.asd	510	859.000	29827.467
WYF00009.asd	511	860.000	29648.016
WYF00009.asd	512	861.000	29467.123
WYF00009.asd	513	862.000	29286.785
WYF00009.asd	514	863.000	29107.987
WYF00009.asd	515	864.000	28928.808
WYF00009.asd	516	865.000	28741.286
WYF00009.asd	517	866.000	28560.276
WYF00009.asd	518	867.000	28386.914
WYF00009.asd	519	868.000	28214.436
WYF00009.asd	520	869.000	28027.146
WYF00009.asd	521	870.000	27836.382
WYF00009.asd	522	871.000	27649.064
WYF00009.asd	523	872.000	27466.910
WYF00009.asd	524	873.000	27278.940
WYF00009.asd	525	874.000	27091.802
WYF00009.asd	526	875.000	26908.683
WYF00009.asd	527	876.000	26727.929
WYF00009.asd	528	877.000	26535.308
WYF00009.asd	529	878.000	26350.689
WYF00009.asd	530	879.000	26175.186
WYF00009.asd	531	880.000	25991.061
WYF00009.asd	532	881.000	25797.882
WYF00009.asd	533	882.000	25607.095
WYF00009.asd	534	883.000	25423.326
WYF00009.asd	535	884.000	25240.073
WYF00009.asd	536	885.000	25045.831
WYF00009.asd	537	886.000	24849.525
WYF00009.asd	538	887.000	24659.126
WYF00009.asd	539	888.000	24473.886
WYF00009.asd	540	889.000	24285.437
WYF00009.asd	541	890.000	24089.501
WYF00009.asd	542	891.000	23889.827
WYF00009.asd	543	892.000	23704.019
WYF00009.asd	544	893.000	23515.036
WYF00009.asd	545	894.000	23327.338
WYF00009.asd	546	895.000	23147.090
WYF00009.asd	547	896.000	22967.741
WYF00009.asd	548	897.000	22783.567
WYF00009.asd	549	898.000	22593.793
WYF00009.asd	550	899.000	22402.248
WYF00009.asd	551	900.000	22219.760
WYF00009.asd	552	901.000	22038.308
WYF00009.asd	553	902.000	21858.068
WYF00009.asd	554	903.000	21681.830
WYF00009.asd	555	904.000	21507.046
WYF00009.asd	556	905.000	21325.931
WYF00009.asd	557	906.000	21139.983
WYF00009.asd	558	907.000	20954.809
WYF00009.asd	559	908.000	20766.667
WYF00009.asd	560	909.000	20577.865
WYF00009.asd	561	910.000	20389.512
WYF00009.asd	562	911.000	20200.954
WYF00009.asd	563	912.000	20006.905
WYF00009.asd	564	913.000	19818.787
WYF00009.asd	565	914.000	19634.415
WYF00009.asd	566	915.000	19442.328
WYF00009.asd	567	916.000	19251.988
WYF00009.asd	568	917.000	19058.044
WYF00009.asd	569	918.000	18865.464
WYF00009.asd	570	919.000	18685.372
WYF00009.asd	571	920.000	18493.191
WYF00009.asd	572	921.000	18303.122
WYF00009.asd	573	922.000	18116.835
WYF00009.asd	574	923.000	17921.286
WYF00009.asd	575	924.000	17728.867
WYF00009.asd	576	925.000	17533.279
WYF00009.asd	577	926.000	17334.678
WYF00009.asd	578	927.000	17141.328
WYF00009.asd	579	928.000	16945.819
WYF00009.asd	580	929.000	16744.560
WYF00009.asd	581	930.000	16538.509
WYF00009.asd	582	931.000	16333.172
WYF00009.asd	583	932.000	16133.592
WYF00009.asd	584	933.000	15938.349
WYF00009.asd	585	934.000	15746.186
WYF00009.asd	586	935.000	15556.814
WYF00009.asd	587	936.000	15358.923
WYF00009.asd	588	937.000	15162.890
WYF00009.asd	589	938.000	14973.523
WYF00009.asd	590	939.000	14784.884
WYF00009.asd	591	940.000	14603.304
WYF00009.asd	592	941.000	14418.118
WYF00009.asd	593	942.000	14227.991
WYF00009.asd	594	943.000	14044.793
WYF00009.asd	595	944.000	13860.747
WYF00009.asd	596	945.000	13674.300
WYF00009.asd	597	946.000	13488.786
WYF00009.asd	598	947.000	13310.779
WYF00009.asd	599	948.000	13131.721
WYF00009.asd	600	949.000	12950.743
WYF00009.asd	601	950.000	12771.820
WYF00009.asd	602	951.000	12601.102
WYF00009.asd	603	952.000	12425.566
WYF00009.asd	604	953.000	12249.634
WYF00009.asd	605	954.000	12075.785
WYF00009.asd	606	955.000	11902.279
WYF00009.asd	607	956.000	11734.985
WYF00009.asd	608	957.000	11571.829
WYF00009.asd	609	958.000	11410.239
WYF00009.asd	610	959.000	11249.161
WYF00009.asd	611	960.000	11094.085
WYF00009.asd	612	961.000	10940.194
WYF00009.asd	613	962.000	10786.766
WYF00009.asd	614	963.000	10636.987
WYF00009.asd	615	964.000	10487.885
WYF00009.asd	616	965.000	10337.986
WYF00009.asd	617	966.000	10190.976
WYF00009.asd	618	967.000	10051.711
WYF00009.asd	619	968.000	9909.635
WYF00009.asd	620	969.000	9771.442
WYF00009.asd	621	970.000	9634.859
WYF00009.asd	622	971.000	9494.403
WYF00009.asd	623	972.000	9362.556
WYF00009.asd	624	973.000	9228.784
WYF00009.asd	625	974.000	9094.098
WYF00009.asd	626	975.000	8964.145
WYF00009.asd	627	976.000	8833.974
WYF00009.asd	628	977.000	8703.633
WYF00009.asd	629	978.000	8571.849
WYF00009.asd	630	979.000	8439.192
WYF00009.asd	631	980.000	8313.430
WYF00009.asd	632	981.000	8190.670
WYF00009.asd	633	982.000	8065.640
WYF00009.asd	634	983.000	7937.367
WYF00009.asd	635	984.000	7816.235
WYF00009.asd	636	985.000	7695.885
WYF00009.asd	637	986.000	7575.105
WYF00009.asd	638	987.000	7453.852
WYF00009.asd	639	988.000	7331.684
WYF00009.asd	640	989.000	7210.555
WYF00009.asd	641	990.000	7094.705
WYF00009.asd	642	991.000	6982.345
WYF00009.asd	643	992.000	6864.119
WYF00009.asd	644	993.000	6747.906
WYF00009.asd	645	994.000	6634.697
WYF00009.asd	646	995.000	6524.037
WYF00009.asd	647	996.000	6414.593
WYF00009.asd	648	997.000	6300.896
WYF00009.asd	649	998.000	6189.044
WYF00009.asd	650	999.000	6080.560
WYF00009.asd	651	1000.000	5972.953
WYF00009.asd	652	1001.000	6517.308
WYF00009.asd	653	1002.000	6564.553
WYF00009.asd	654	1003.000	6610.029
WYF00009.asd	655	1004.000	6658.089
WYF00009.asd	656	1005.000	6708.831
WYF00009.asd	657	1006.000	6757.254
WYF00009.asd	658	1007.000	6805.586
WYF00009.asd	659	1008.000	6853.741
WYF00009.asd	660	1009.000	6899.390
WYF00009.asd	661	1010.000	6948.192
WYF00009.asd	662	1011.000	6999.392
WYF00009.asd	663	1012.000	7049.962
WYF00009.asd	664	1013.000	7105.950
WYF00009.asd	665	1014.000	7161.587
WYF00009.asd	666	1015.000	7215.832
WYF00009.asd	667	1016.000	7274.246
WYF00009.asd	668	1017.000	7330.956
WYF00009.asd	669	1018.000	7385.822
WYF00009.asd	670	1019.000	7444.236
WYF00009.asd	671	1020.000	7503.173
WYF00009.asd	672	1021.000	7563.930
WYF00009.asd	673	1022.000	7628.575
WYF00009.asd	674	1023.000	7691.398
WYF00009.asd	675	1024.000	7754.370
WYF00009.asd	676	1025.000	7819.467
WYF00009.asd	677	1026.000	7879.613
WYF00009.asd	678	1027.000	7939.772
WYF00009.asd	679	1028.000	8000.383
WYF00009.asd	680	1029.000	8057.695
WYF00009.asd	681	1030.000	8120.118
WYF00009.asd	682	1031.000	8182.932
WYF00009.asd	683	1032.000	8242.474
WYF00009.asd	684	1033.000	8302.050
WYF00009.asd	685	1034.000	8359.041
WYF00009.asd	686	1035.000	8412.738
WYF00009.asd	687	1036.000	8466.397
WYF00009.asd	688	1037.000	8519.215
WYF00009.asd	689	1038.000	8569.143
WYF00009.asd	690	1039.000	8621.077
WYF00009.asd	691	1040.000	8668.833
WYF00009.asd	692	1041.000	8714.967
WYF00009.asd	693	1042.000	8763.050
WYF00009.asd	694	1043.000	8805.741
WYF00009.asd	695	1044.000	8848.192
WYF00009.asd	696	1045.000	8891.065
WYF00009.asd	697	1046.000	8930.992
WYF00009.asd	698	1047.000	8972.349
WYF00009.asd	699	1048.000	9013.231
WYF00009.asd	700	1049.000	9052.442
WYF00009.asd	701	1050.000	9090.802
WYF00009.asd	702	1051.000	9127.596
WYF00009.asd	703	1052.000	9162.238
WYF00009.asd	704	1053.000	9197.121
WYF00009.asd	705	1054.000	9231.767
WYF00009.asd	706	1055.000	9265.622
WYF00009.asd	707	1056.000	9302.609
WYF00009.asd	708	1057.000	9339.192
WYF00009.asd	709	1058.000	9374.870
WYF00009.asd	710	1059.000	9411.100
WYF00009.asd	711	1060.000	9446.269
WYF00009.asd	712	1061.000	9482.267
WYF00009.asd	713	1062.000	9519.135
WYF00009.asd	714	1063.000	9556.836
WYF00009.asd	715	1064.000	9597.552
WYF00009.asd	716	1065.000	9641.001
WYF00009.asd	717	1066.000	9684.590
WYF00009.asd	718	1067.000	9730.110
WYF00009.asd	719	1068.000	9778.470
WYF00009.asd	720	1069.000	9824.932
WYF00009.asd	721	1070.000	9875.458
WYF00009.asd	722	1071.000	9929.109
WYF00009.asd	723	1072.000	9983.177
WYF00009.asd	724	1073.000	10044.023
WYF00009.asd	725	1074.000	10107.138
WYF00009.asd	726	1075.000	10171.210
WYF00009.asd	727	1076.000	10239.250
WYF00009.asd	728	1077.000	10306.021
WYF00009.asd	729	1078.000	10376.692
WYF00009.asd	730	1079.000	10451.554
WYF00009.asd	731	1080.000	10529.466
WYF00009.asd	732	1081.000	10609.313
WYF00009.asd	733	1082.000	10699.579
WYF00009.asd	734	1083.000	10790.936
WYF00009.asd	735	1084.000	10882.286
WYF00009.asd	736	1085.000	10979.927
WYF00009.asd	737	1086.000	11073.858
WYF00009.asd	738	1087.000	11172.874
WYF00009.asd	739	1088.000	11278.046
WYF00009.asd	740	1089.000	11381.354
WYF00009.asd	741	1090.000	11493.068
WYF00009.asd	742	1091.000	11606.610
WYF00009.asd	743	1092.000	11718.484
WYF00009.asd	744	1093.000	11834.219
WYF00009.asd	745	1094.000	11946.372
WYF00009.asd	746	1095.000	12061.816
WYF00009.asd	747	1096.000	12177.672
WYF00009.asd	748	1097.000	12295.127
WYF00009.asd	749	1098.000	12410.768
WYF00009.asd	750	1099.000	12533.738
WYF00009.asd	751	1100.000	12653.019
WYF00009.asd	752	1101.000	12767.793
WYF00009.asd	753	1102.000	12887.039
WYF00009.asd	754	1103.000	12998.910
WYF00009.asd	755	1104.000	13109.512
WYF00009.asd	756	1105.000	13222.650
WYF00009.asd	757	1106.000	13329.443
WYF00009.asd	758	1107.000	13439.520
WYF00009.asd	759	1108.000	13548.551
WYF00009.asd	760	1109.000	13651.100
WYF00009.asd	761	1110.000	13752.222
WYF00009.asd	762	1111.000	13852.879
WYF00009.asd	763	1112.000	13948.268
WYF00009.asd	764	1113.000	14038.889
WYF00009.asd	765	1114.000	14129.158
WYF00009.asd	766	1115.000	14214.218
WYF00009.asd	767	1116.000	14301.075
WYF00009.asd	768	1117.000	14385.566
WYF00009.asd	769	1118.000	14463.114
WYF00009.asd	770	1119.000	14539.670
WYF00009.asd	771	1120.000	14610.319
WYF00009.asd	772	1121.000	14678.685
WYF00009.asd	773	1122.000	14746.391
WYF00009.asd	774	1123.000	14810.128
WYF00009.asd	775	1124.000	14875.351
WYF00009.asd	776	1125.000	14937.932
WYF00009.asd	777	1126.000	14995.189
WYF00009.asd	778	1127.000	15048.703
WYF00009.asd	779	1128.000	15100.318
WYF00009.asd	780	1129.000	15145.441
WYF00009.asd	781	1130.000	15184.297
WYF00009.asd	782	1131.000	15220.674
WYF00009.asd	783	1132.000	15253.149
WYF00009.asd	784	1133.000	15281.534
WYF00009.asd	785	1134.000	15305.784
WYF00009.asd	786	1135.000	15326.135
WYF00009.asd	787	1136.000	15343.344
WYF00009.asd	788	1137.000	15357.074
WYF00009.asd	789	1138.000	15367.949
WYF00009.asd	790	1139.000	15375.620
WYF00009.asd	791	1140.000	15379.727
WYF00009.asd	792	1141.000	15381.119
WYF00009.asd	793	1142.000	15380.785
WYF00009.asd	794	1143.000	15376.880
WYF00009.asd	795	1144.000	15373.655
WYF00009.asd	796	1145.000	15367.934
WYF00009.asd	797	1146.000	15363.888
WYF00009.asd	798	1147.000	15359.372
WYF00009.asd	799	1148.000	15355.928
WYF00009.asd	800	1149.000	15355.480
WYF00009.asd	801	1150.000	15359.359
WYF00009.asd	802	1151.000	15368.275
WYF00009.asd	803	1152.000	15380.627
WYF00009.asd	804	1153.000	15395.088
WYF00009.asd	805	1154.000	15412.795
WYF00009.asd	806	1155.000	15435.110
WYF00009.asd	807	1156.000	15462.437
WYF00009.asd	808	1157.000	15494.379
WYF00009.asd	809	1158.000	15531.423
WYF00009.asd	810	1159.000	15570.634
WYF00009.asd	811	1160.000	15613.361
WYF00009.asd	812	1161.000	15657.355
WYF00009.asd	813	1162.000	15704.322
WYF00009.asd	814	1163.000	15752.822
WYF00009.asd	815	1164.000	15803.357
WYF00009.asd	816	1165.000	15856.036
WYF00009.asd	817	1166.000	15908.134
WYF00009.asd	818	1167.000	15961.745
WYF00009.asd	819	1168.000	16015.097
WYF00009.asd	820	1169.000	16068.183
WYF00009.asd	821	1170.000	16123.071
WYF00009.asd	822	1171.000	16175.949
WYF00009.asd	823	1172.000	16228.356
WYF00009.asd	824	1173.000	16281.247
WYF00009.asd	825	1174.000	16332.309
WYF00009.asd	826	1175.000	16384.712
WYF00009.asd	827	1176.000	16435.172
WYF00009.asd	828	1177.000	16484.624
WYF00009.asd	829	1178.000	16531.961
WYF00009.asd	830	1179.000	16578.424
WYF00009.asd	831	1180.000	16622.243
WYF00009.asd	832	1181.000	16663.931
WYF00009.asd	833	1182.000	16704.552
WYF00009.asd	834	1183.000	16742.509
WYF00009.asd	835	1184.000	16780.852
WYF00009.asd	836	1185.000	16818.376
WYF00009.asd	837	1186.000	16853.248
WYF00009.asd	838	1187.000	16889.636
WYF00009.asd	839	1188.000	16925.263
WYF00009.asd	840	1189.000	16961.558
WYF00009.asd	841	1190.000	16999.321
WYF00009.asd	842	1191.000	17036.732
WYF00009.asd	843	1192.000	17075.541
WYF00009.asd	844	1193.000	17112.811
WYF00009.asd	845	1194.000	17149.036
WYF00009.asd	846	1195.000	17186.309
WYF00009.asd	847	1196.000	17223.384
WYF00009.asd	848	1197.000	17259.820
WYF00009.asd	849	1198.000	17297.350
WYF00009.asd	850	1199.000	17333.797
WYF00009.asd	851	1200.000	17368.519
WYF00009.asd	852	1201.000	17404.634
WYF00009.asd	853	1202.000	17441.624
WYF00009.asd	854	1203.000	17477.089
WYF00009.asd	855	1204.000	17513.977
WYF00009.asd	856	1205.000	17549.351
WYF00009.asd	857	1206.000	17584.369
WYF00009.asd	858	1207.000	17620.361
WYF00009.asd	859	1208.000	17654.120
WYF00009.asd	860	1209.000	17688.871
WYF00009.asd	861	1210.000	17724.126
WYF00009.asd	862	1211.000	17759.238
WYF00009.asd	863	1212.000	17794.154
WYF00009.asd	864	1213.000	17829.475
WYF00009.asd	865	1214.000	17865.262
WYF00009.asd	866	1215.000	17901.074
WYF00009.asd	867	1216.000	17936.833
WYF00009.asd	868	1217.000	17973.716
WYF00009.asd	869	1218.000	18010.240
WYF00009.asd	870	1219.000	18046.822
WYF00009.asd	871	1220.000	18081.769
WYF00009.asd	872	1221.000	18117.144
WYF00009.asd	873	1222.000	18149.955
WYF00009.asd	874	1223.000	18181.383
WYF00009.asd	875	1224.000	18213.290
WYF00009.asd	876	1225.000	18243.878
WYF00009.asd	877	1226.000	18274.459
WYF00009.asd	878	1227.000	18304.499
WYF00009.asd	879	1228.000	18332.468
WYF00009.asd	880	1229.000	18359.851
WYF00009.asd	881	1230.000	18387.092
WYF00009.asd	882	1231.000	18411.907
WYF00009.asd	883	1232.000	18434.258
WYF00009.asd	884	1233.000	18457.494
WYF00009.asd	885	1234.000	18479.766
WYF00009.asd	886	1235.000	18502.217
WYF00009.asd	887	1236.000	18524.770
WYF00009.asd	888	1237.000	18546.440
WYF00009.asd	889	1238.000	18566.758
WYF00009.asd	890	1239.000	18587.864
WYF00009.asd	891	1240.000	18608.919
WYF00009.asd	892	1241.000	18630.752
WYF00009.asd	893	1242.000	18653.932
WYF00009.asd	894	1243.000	18675.827
WYF00009.asd	895	1244.000	18697.218
WYF00009.asd	896	1245.000	18718.289
WYF00009.asd	897	1246.000	18739.622
WYF00009.asd	898	1247.000	18760.435
WYF00009.asd	899	1248.000	18781.195
WYF00009.asd	900	1249.000	18803.595
WYF00009.asd	901	1250.000	18822.574
WYF00009.asd	902	1251.000	18839.737
WYF00009.asd	903	1252.000	18856.489
WYF00009.asd	904	1253.000	18871.897
WYF00009.asd	905	1254.000	18885.814
WYF00009.asd	906	1255.000	18900.238
WYF00009.asd	907	1256.000	18910.717
WYF00009.asd	908	1257.000	18918.737
WYF00009.asd	909	1258.000	18924.456
WYF00009.asd	910	1259.000	18926.916
WYF00009.asd	911	1260.000	18928.076
WYF00009.asd	912	1261.000	18926.088
WYF00009.asd	913	1262.000	18924.338
WYF00009.asd	914	1263.000	18921.082
WYF00009.asd	915	1264.000	18918.045
WYF00009.asd	916	1265.000	18913.788
WYF00009.asd	917	1266.000	18909.153
WYF00009.asd	918	1267.000	18903.878
WYF00009.asd	919	1268.000	18897.344
WYF00009.asd	920	1269.000	18891.800
WYF00009.asd	921	1270.000	18886.656
WYF00009.asd	922	1271.000	18880.941
WYF00009.asd	923	1272.000	18875.127
WYF00009.asd	924	1273.000	18869.281
WYF00009.asd	925	1274.000	18862.774
WYF00009.asd	926	1275.000	18857.130
WYF00009.asd	927	1276.000	18851.985
WYF00009.asd	928	1277.000	18846.746
WYF00009.asd	929	1278.000	18841.619
WYF00009.asd	930	1279.000	18836.948
WYF00009.asd	931	1280.000	18832.513
WYF00009.asd	932	1281.000	18828.148
WYF00009.asd	933	1282.000	18824.515
WYF00009.asd	934	1283.000	18820.273
WYF00009.asd	935	1284.000	18815.841
WYF00009.asd	936	1285.000	18811.708
WYF00009.asd	937	1286.000	18805.291
WYF00009.asd	938	1287.000	18798.185
WYF00009.asd	939	1288.000	18791.984
WYF00009.asd	940	1289.000	18785.581
WYF00009.asd	941	1290.000	18779.984
WYF00009.asd	942	1291.000	18776.050
WYF00009.asd	943	1292.000	18771.094
WYF00009.asd	944	1293.000	18765.661
WYF00009.asd	945	1294.000	18760.337
WYF00009.asd	946	1295.000	18755.734
WYF00009.asd	947	1296.000	18749.862
WYF00009.asd	948	1297.000	18743.430
WYF00009.asd	949	1298.000	18736.368
WYF00009.asd	950	1299.000	18727.986
WYF00009.asd	951	1300.000	18720.387
WYF00009.asd	952	1301.000	18712.847
WYF00009.asd	953	1302.000	18704.961
WYF00009.asd	954	1303.000	18697.734
WYF00009.asd	955	1304.000	18689.313
WYF00009.asd	956	1305.000	18680.378
WYF00009.asd	957	1306.000	18670.585
WYF00009.asd	958	1307.000	18659.733
WYF00009.asd	959	1308.000	18648.726
WYF00009.asd	960	1309.000	18637.553
WYF00009.asd	961	1310.000	18624.604
WYF00009.asd	962	1311.000	18611.189
WYF00009.asd	963	1312.000	18597.838
WYF00009.asd	964	1313.000	18584.619
WYF00009.asd	965	1314.000	18571.985
WYF00009.asd	966	1315.000	18556.625
WYF00009.asd	967	1316.000	18540.773
WYF00009.asd	968	1317.000	18523.330
WYF00009.asd	969	1318.000	18502.795
WYF00009.asd	970	1319.000	18483.239
WYF00009.asd	971	1320.000	18464.365
WYF00009.asd	972	1321.000	18443.624
WYF00009.asd	973	1322.000	18421.975
WYF00009.asd	974	1323.000	18399.381
WYF00009.asd	975	1324.000	18374.945
WYF00009.asd	976	1325.000	18350.662
WYF00009.asd	977	1326.000	18326.470
WYF00009.asd	978	1327.000	18300.528
WYF00009.asd	979	1328.000	18274.023
WYF00009.asd	980	1329.000	18246.451
WYF00009.asd	981	1330.000	18216.562
WYF00009.asd	982	1331.000	18187.141
WYF00009.asd	983	1332.000	18157.847
WYF00009.asd	984	1333.000	18127.179
WYF00009.asd	985	1334.000	18097.547
WYF00009.asd	986	1335.000	18065.682
WYF00009.asd	987	1336.000	18033.929
WYF00009.asd	988	1337.000	18001.621
WYF00009.asd	989	1338.000	17968.683
WYF00009.asd	990	1339.000	17935.876
WYF00009.asd	991	1340.000	17900.853
WYF00009.asd	992	1341.000	17864.681
WYF00009.asd	993	1342.000	17827.204
WYF00009.asd	994	1343.000	17788.263
WYF00009.asd	995	1344.000	17747.410
WYF00009.asd	996	1345.000	17706.567
WYF00009.asd	997	1346.000	17661.476
WYF00009.asd	998	1347.000	17615.540
WYF00009.asd	999	1348.000	17563.269
WYF00009.asd	1000	1349.000	17505.945
WYF00009.asd	1001	1350.000	17445.951
WYF00009.asd	1002	1351.000	17380.893
WYF00009.asd	1003	1352.000	17313.267
WYF00009.asd	1004	1353.000	17242.838
WYF00009.asd	1005	1354.000	17169.963
WYF00009.asd	1006	1355.000	17091.355
WYF00009.asd	1007	1356.000	17014.418
WYF00009.asd	1008	1357.000	16933.072
WYF00009.asd	1009	1358.000	16856.496
WYF00009.asd	1010	1359.000	16781.940
WYF00009.asd	1011	1360.000	16707.837
WYF00009.asd	1012	1361.000	16638.125
WYF00009.asd	1013	1362.000	16577.897
WYF00009.asd	1014	1363.000	16526.016
WYF00009.asd	1015	1364.000	16482.857
WYF00009.asd	1016	1365.000	16442.355
WYF00009.asd	1017	1366.000	16412.729
WYF00009.asd	1018	1367.000	16378.262
WYF00009.asd	1019	1368.000	16348.635
WYF00009.asd	1020	1369.000	16309.830
WYF00009.asd	1021	1370.000	16274.930
WYF00009.asd	1022	1371.000	16222.104
WYF00009.asd	1023	1372.000	16169.115
WYF00009.asd	1024	1373.000	16086.120
WYF00009.asd	1025	1374.000	15991.077
WYF00009.asd	1026	1375.000	15866.282
WYF00009.asd	1027	1376.000	15718.544
WYF00009.asd	1028	1377.000	15542.154
WYF00009.asd	1029	1378.000	15330.389
WYF00009.asd	1030	1379.000	15112.184
WYF00009.asd	1031	1380.000	14861.499
WYF00009.asd	1032	1381.000	14615.056
WYF00009.asd	1033	1382.000	14353.978
WYF00009.asd	1034	1383.000	14101.296
WYF00009.asd	1035	1384.000	13853.767
WYF00009.asd	1036	1385.000	13596.484
WYF00009.asd	1037	1386.000	13338.215
WYF00009.asd	1038	1387.000	13080.775
WYF00009.asd	1039	1388.000	12807.321
WYF00009.asd	1040	1389.000	12531.036
WYF00009.asd	1041	1390.000	12234.966
WYF00009.asd	1042	1391.000	11928.049
WYF00009.asd	1043	1392.000	11614.979
WYF00009.asd	1044	1393.000	11281.430
WYF00009.asd	1045	1394.000	10956.032
WYF00009.asd	1046	1395.000	10624.270
WYF00009.asd	1047	1396.000	10308.564
WYF00009.asd	1048	1397.000	9991.867
WYF00009.asd	1049	1398.000	9690.509
WYF00009.asd	1050	1399.000	9400.218
WYF00009.asd	1051	1400.000	9123.327
WYF00009.asd	1052	1401.000	8854.900
WYF00009.asd	1053	1402.000	8598.468
WYF00009.asd	1054	1403.000	8355.918
WYF00009.asd	1055	1404.000	8127.049
WYF00009.asd	1056	1405.000	7907.111
WYF00009.asd	1057	1406.000	7702.994
WYF00009.asd	1058	1407.000	7515.061
WYF00009.asd	1059	1408.000	7340.203
WYF00009.asd	1060	1409.000	7179.251
WYF00009.asd	1061	1410.000	7028.823
WYF00009.asd	1062	1411.000	6893.486
WYF00009.asd	1063	1412.000	6768.428
WYF00009.asd	1064	1413.000	6655.634
WYF00009.asd	1065	1414.000	6550.428
WYF00009.asd	1066	1415.000	6456.441
WYF00009.asd	1067	1416.000	6371.039
WYF00009.asd	1068	1417.000	6295.187
WYF00009.asd	1069	1418.000	6225.091
WYF00009.asd	1070	1419.000	6163.549
WYF00009.asd	1071	1420.000	6110.654
WYF00009.asd	1072	1421.000	6061.545
WYF00009.asd	1073	1422.000	6017.877
WYF00009.asd	1074	1423.000	5979.011
WYF00009.asd	1075	1424.000	5946.381
WYF00009.asd	1076	1425.000	5917.782
WYF00009.asd	1077	1426.000	5893.816
WYF00009.asd	1078	1427.000	5873.421
WYF00009.asd	1079	1428.000	5858.643
WYF00009.asd	1080	1429.000	5845.854
WYF00009.asd	1081	1430.000	5836.506
WYF00009.asd	1082	1431.000	5829.407
WYF00009.asd	1083	1432.000	5825.493
WYF00009.asd	1084	1433.000	5823.959
WYF00009.asd	1085	1434.000	5824.980
WYF00009.asd	1086	1435.000	5828.247
WYF00009.asd	1087	1436.000	5835.019
WYF00009.asd	1088	1437.000	5842.534
WYF00009.asd	1089	1438.000	5851.839
WYF00009.asd	1090	1439.000	5862.490
WYF00009.asd	1091	1440.000	5874.941
WYF00009.asd	1092	1441.000	5888.301
WYF00009.asd	1093	1442.000	5903.068
WYF00009.asd	1094	1443.000	5918.871
WYF00009.asd	1095	1444.000	5936.769
WYF00009.asd	1096	1445.000	5953.872
WYF00009.asd	1097	1446.000	5971.387
WYF00009.asd	1098	1447.000	5989.321
WYF00009.asd	1099	1448.000	6007.017
WYF00009.asd	1100	1449.000	6025.245
WYF00009.asd	1101	1450.000	6044.354
WYF00009.asd	1102	1451.000	6063.650
WYF00009.asd	1103	1452.000	6083.170
WYF00009.asd	1104	1453.000	6102.704
WYF00009.asd	1105	1454.000	6123.167
WYF00009.asd	1106	1455.000	6142.679
WYF00009.asd	1107	1456.000	6161.132
WYF00009.asd	1108	1457.000	6180.885
WYF00009.asd	1109	1458.000	6202.033
WYF00009.asd	1110	1459.000	6223.210
WYF00009.asd	1111	1460.000	6247.100
WYF00009.asd	1112	1461.000	6272.819
WYF00009.asd	1113	1462.000	6300.570
WYF00009.asd	1114	1463.000	6329.572
WYF00009.asd	1115	1464.000	6361.660
WYF00009.asd	1116	1465.000	6396.266
WYF00009.asd	1117	1466.000	6433.062
WYF00009.asd	1118	1467.000	6471.301
WYF00009.asd	1119	1468.000	6514.526
WYF00009.asd	1120	1469.000	6561.464
WYF00009.asd	1121	1470.000	6610.142
WYF00009.asd	1122	1471.000	6662.752
WYF00009.asd	1123	1472.000	6716.684
WYF00009.asd	1124	1473.000	6772.034
WYF00009.asd	1125	1474.000	6830.164
WYF00009.asd	1126	1475.000	6891.628
WYF00009.asd	1127	1476.000	6954.261
WYF00009.asd	1128	1477.000	7019.754
WYF00009.asd	1129	1478.000	7084.452
WYF00009.asd	1130	1479.000	7149.834
WYF00009.asd	1131	1480.000	7216.473
WYF00009.asd	1132	1481.000	7283.494
WYF00009.asd	1133	1482.000	7351.541
WYF00009.asd	1134	1483.000	7421.380
WYF00009.asd	1135	1484.000	7491.601
WYF00009.asd	1136	1485.000	7562.822
WYF00009.asd	1137	1486.000	7633.426
WYF00009.asd	1138	1487.000	7703.630
WYF00009.asd	1139	1488.000	7775.358
WYF00009.asd	1140	1489.000	7848.515
WYF00009.asd	1141	1490.000	7920.162
WYF00009.asd	1142	1491.000	7991.715
WYF00009.asd	1143	1492.000	8064.373
WYF00009.asd	1144	1493.000	8136.544
WYF00009.asd	1145	1494.000	8208.292
WYF00009.asd	1146	1495.000	8280.595
WYF00009.asd	1147	1496.000	8353.563
WYF00009.asd	1148	1497.000	8426.700
WYF00009.asd	1149	1498.000	8498.967
WYF00009.asd	1150	1499.000	8570.174
WYF00009.asd	1151	1500.000	8645.078
WYF00009.asd	1152	1501.000	8717.011
WYF00009.asd	1153	1502.000	8786.570
WYF00009.asd	1154	1503.000	8858.938
WYF00009.asd	1155	1504.000	8928.989
WYF00009.asd	1156	1505.000	9001.215
WYF00009.asd	1157	1506.000	9074.517
WYF00009.asd	1158	1507.000	9145.975
WYF00009.asd	1159	1508.000	9217.888
WYF00009.asd	1160	1509.000	9288.811
WYF00009.asd	1161	1510.000	9358.435
WYF00009.asd	1162	1511.000	9427.203
WYF00009.asd	1163	1512.000	9495.413
WYF00009.asd	1164	1513.000	9563.481
WYF00009.asd	1165	1514.000	9630.428
WYF00009.asd	1166	1515.000	9696.884
WYF00009.asd	1167	1516.000	9763.856
WYF00009.asd	1168	1517.000	9829.896
WYF00009.asd	1169	1518.000	9894.170
WYF00009.asd	1170	1519.000	9959.001
WYF00009.asd	1171	1520.000	10023.816
WYF00009.asd	1172	1521.000	10088.490
WYF00009.asd	1173	1522.000	10154.305
WYF00009.asd	1174	1523.000	10216.662
WYF00009.asd	1175	1524.000	10277.193
WYF00009.asd	1176	1525.000	10338.567
WYF00009.asd	1177	1526.000	10397.981
WYF00009.asd	1178	1527.000	10457.234
WYF00009.asd	1179	1528.000	10518.084
WYF00009.asd	1180	1529.000	10576.270
WYF00009.asd	1181	1530.000	10632.229
WYF00009.asd	1182	1531.000	10687.762
WYF00009.asd	1183	1532.000	10741.897
WYF00009.asd	1184	1533.000	10796.751
WYF00009.asd	1185	1534.000	10850.885
WYF00009.asd	1186	1535.000	10904.582
WYF00009.asd	1187	1536.000	10958.691
WYF00009.asd	1188	1537.000	11011.994
WYF00009.asd	1189	1538.000	11065.187
WYF00009.asd	1190	1539.000	11116.577
WYF00009.asd	1191	1540.000	11166.894
WYF00009.asd	1192	1541.000	11217.112
WYF00009.asd	1193	1542.000	11265.766
WYF00009.asd	1194	1543.000	11313.989
WYF00009.asd	1195	1544.000	11362.576
WYF00009.asd	1196	1545.000	11409.669
WYF00009.asd	1197	1546.000	11455.883
WYF00009.asd	1198	1547.000	11500.632
WYF00009.asd	1199	1548.000	11542.960
WYF00009.asd	1200	1549.000	11586.902
WYF00009.asd	1201	1550.000	11630.784
WYF00009.asd	1202	1551.000	11673.654
WYF00009.asd	1203	1552.000	11717.524
WYF00009.asd	1204	1553.000	11759.946
WYF00009.asd	1205	1554.000	11801.215
WYF00009.asd	1206	1555.000	11841.230
WYF00009.asd	1207	1556.000	11879.880
WYF00009.asd	1208	1557.000	11918.772
WYF00009.asd	1209	1558.000	11956.789
WYF00009.asd	1210	1559.000	11993.751
WYF00009.asd	1211	1560.000	12030.962
WYF00009.asd	1212	1561.000	12066.859
WYF00009.asd	1213	1562.000	12101.505
WYF00009.asd	1214	1563.000	12134.847
WYF00009.asd	1215	1564.000	12166.457
WYF00009.asd	1216	1565.000	12198.140
WYF00009.asd	1217	1566.000	12229.003
WYF00009.asd	1218	1567.000	12258.490
WYF00009.asd	1219	1568.000	12288.403
WYF00009.asd	1220	1569.000	12317.473
WYF00009.asd	1221	1570.000	12345.146
WYF00009.asd	1222	1571.000	12372.827
WYF00009.asd	1223	1572.000	12398.945
WYF00009.asd	1224	1573.000	12425.062
WYF00009.asd	1225	1574.000	12451.294
WYF00009.asd	1226	1575.000	12476.392
WYF00009.asd	1227	1576.000	12502.068
WYF00009.asd	1228	1577.000	12525.988
WYF00009.asd	1229	1578.000	12549.221
WYF00009.asd	1230	1579.000	12571.537
WYF00009.asd	1231	1580.000	12591.683
WYF00009.asd	1232	1581.000	12614.352
WYF00009.asd	1233	1582.000	12636.805
WYF00009.asd	1234	1583.000	12657.909
WYF00009.asd	1235	1584.000	12678.983
WYF00009.asd	1236	1585.000	12698.004
WYF00009.asd	1237	1586.000	12717.581
WYF00009.asd	1238	1587.000	12735.526
WYF00009.asd	1239	1588.000	12754.651
WYF00009.asd	1240	1589.000	12775.104
WYF00009.asd	1241	1590.000	12793.918
WYF00009.asd	1242	1591.000	12812.053
WYF00009.asd	1243	1592.000	12829.593
WYF00009.asd	1244	1593.000	12845.805
WYF00009.asd	1245	1594.000	12863.616
WYF00009.asd	1246	1595.000	12882.301
WYF00009.asd	1247	1596.000	12898.865
WYF00009.asd	1248	1597.000	12915.826
WYF00009.asd	1249	1598.000	12931.010
WYF00009.asd	1250	1599.000	12943.769
WYF00009.asd	1251	1600.000	12957.189
WYF00009.asd	1252	1601.000	12970.653
WYF00009.asd	1253	1602.000	12983.053
WYF00009.asd	1254	1603.000	12994.618
WYF00009.asd	1255	1604.000	13005.706
WYF00009.asd	1256	1605.000	13016.432
WYF00009.asd	1257	1606.000	13026.369
WYF00009.asd	1258	1607.000	13035.425
WYF00009.asd	1259	1608.000	13044.090
WYF00009.asd	1260	1609.000	13052.758
WYF00009.asd	1261	1610.000	13059.305
WYF00009.asd	1262	1611.000	13064.372
WYF00009.asd	1263	1612.000	13069.551
WYF00009.asd	1264	1613.000	13073.172
WYF00009.asd	1265	1614.000	13077.057
WYF00009.asd	1266	1615.000	13081.873
WYF00009.asd	1267	1616.000	13084.316
WYF00009.asd	1268	1617.000	13085.132
WYF00009.asd	1269	1618.000	13086.046
WYF00009.asd	1270	1619.000	13086.391
WYF00009.asd	1271	1620.000	13085.742
WYF00009.asd	1272	1621.000	13085.055
WYF00009.asd	1273	1622.000	13082.167
WYF00009.asd	1274	1623.000	13077.375
WYF00009.asd	1275	1624.000	13071.619
WYF00009.asd	1276	1625.000	13064.351
WYF00009.asd	1277	1626.000	13056.991
WYF00009.asd	1278	1627.000	13048.830
WYF00009.asd	1279	1628.000	13039.966
WYF00009.asd	1280	1629.000	13030.982
WYF00009.asd	1281	1630.000	13019.940
WYF00009.asd	1282	1631.000	13007.165
WYF00009.asd	1283	1632.000	12994.159
WYF00009.asd	1284	1633.000	12979.949
WYF00009.asd	1285	1634.000	12965.609
WYF00009.asd	1286	1635.000	12950.967
WYF00009.asd	1287	1636.000	12935.797
WYF00009.asd	1288	1637.000	12920.907
WYF00009.asd	1289	1638.000	12902.607
WYF00009.asd	1290	1639.000	12883.045
WYF00009.asd	1291	1640.000	12861.735
WYF00009.asd	1292	1641.000	12837.383
WYF00009.asd	1293	1642.000	12813.237
WYF00009.asd	1294	1643.000	12788.696
WYF00009.asd	1295	1644.000	12762.130
WYF00009.asd	1296	1645.000	12734.029
WYF00009.asd	1297	1646.000	12704.301
WYF00009.asd	1298	1647.000	12672.699
WYF00009.asd	1299	1648.000	12641.332
WYF00009.asd	1300	1649.000	12609.610
WYF00009.asd	1301	1650.000	12576.040
WYF00009.asd	1302	1651.000	12541.486
WYF00009.asd	1303	1652.000	12505.570
WYF00009.asd	1304	1653.000	12468.119
WYF00009.asd	1305	1654.000	12428.378
WYF00009.asd	1306	1655.000	12387.831
WYF00009.asd	1307	1656.000	12344.673
WYF00009.asd	1308	1657.000	12299.796
WYF00009.asd	1309	1658.000	12250.953
WYF00009.asd	1310	1659.000	12199.239
WYF00009.asd	1311	1660.000	12145.793
WYF00009.asd	1312	1661.000	12088.054
WYF00009.asd	1313	1662.000	12028.947
WYF00009.asd	1314	1663.000	11970.637
WYF00009.asd	1315	1664.000	11910.107
WYF00009.asd	1316	1665.000	11850.017
WYF00009.asd	1317	1666.000	11790.883
WYF00009.asd	1318	1667.000	11731.666
WYF00009.asd	1319	1668.000	11674.581
WYF00009.asd	1320	1669.000	11617.703
WYF00009.asd	1321	1670.000	11563.710
WYF00009.asd	1322	1671.000	11512.633
WYF00009.asd	1323	1672.000	11463.354
WYF00009.asd	1324	1673.000	11417.408
WYF00009.asd	1325	1674.000	11371.190
WYF00009.asd	1326	1675.000	11326.374
WYF00009.asd	1327	1676.000	11284.302
WYF00009.asd	1328	1677.000	11239.713
WYF00009.asd	1329	1678.000	11195.095
WYF00009.asd	1330	1679.000	11150.493
WYF00009.asd	1331	1680.000	11103.521
WYF00009.asd	1332	1681.000	11056.251
WYF00009.asd	1333	1682.000	11006.544
WYF00009.asd	1334	1683.000	10955.364
WYF00009.asd	1335	1684.000	10902.373
WYF00009.asd	1336	1685.000	10844.844
WYF00009.asd	1337	1686.000	10787.276
WYF00009.asd	1338	1687.000	10730.585
WYF00009.asd	1339	1688.000	10671.826
WYF00009.asd	1340	1689.000	10615.402
WYF00009.asd	1341	1690.000	10558.879
WYF00009.asd	1342	1691.000	10501.254
WYF00009.asd	1343	1692.000	10447.394
WYF00009.asd	1344	1693.000	10391.324
WYF00009.asd	1345	1694.000	10335.565
WYF00009.asd	1346	1695.000	10282.533
WYF00009.asd	1347	1696.000	10227.878
WYF00009.asd	1348	1697.000	10175.049
WYF00009.asd	1349	1698.000	10121.577
WYF00009.asd	1350	1699.000	10066.319
WYF00009.asd	1351	1700.000	10010.961
WYF00009.asd	1352	1701.000	9953.673
WYF00009.asd	1353	1702.000	9898.155
WYF00009.asd	1354	1703.000	9844.043
WYF00009.asd	1355	1704.000	9790.051
WYF00009.asd	1356	1705.000	9737.840
WYF00009.asd	1357	1706.000	9683.855
WYF00009.asd	1358	1707.000	9629.804
WYF00009.asd	1359	1708.000	9577.814
WYF00009.asd	1360	1709.000	9521.685
WYF00009.asd	1361	1710.000	9466.758
WYF00009.asd	1362	1711.000	9414.255
WYF00009.asd	1363	1712.000	9356.833
WYF00009.asd	1364	1713.000	9300.965
WYF00009.asd	1365	1714.000	9244.517
WYF00009.asd	1366	1715.000	9185.981
WYF00009.asd	1367	1716.000	9130.221
WYF00009.asd	1368	1717.000	9072.468
WYF00009.asd	1369	1718.000	9015.129
WYF00009.asd	1370	1719.000	8960.172
WYF00009.asd	1371	1720.000	8903.871
WYF00009.asd	1372	1721.000	8850.423
WYF00009.asd	1373	1722.000	8798.760
WYF00009.asd	1374	1723.000	8749.205
WYF00009.asd	1375	1724.000	8702.054
WYF00009.asd	1376	1725.000	8654.679
WYF00009.asd	1377	1726.000	8608.867
WYF00009.asd	1378	1727.000	8564.416
WYF00009.asd	1379	1728.000	8520.030
WYF00009.asd	1380	1729.000	8478.314
WYF00009.asd	1381	1730.000	8439.036
WYF00009.asd	1382	1731.000	8400.652
WYF00009.asd	1383	1732.000	8364.491
WYF00009.asd	1384	1733.000	8327.011
WYF00009.asd	1385	1734.000	8290.619
WYF00009.asd	1386	1735.000	8253.571
WYF00009.asd	1387	1736.000	8216.639
WYF00009.asd	1388	1737.000	8177.289
WYF00009.asd	1389	1738.000	8137.342
WYF00009.asd	1390	1739.000	8095.637
WYF00009.asd	1391	1740.000	8050.431
WYF00009.asd	1392	1741.000	8004.668
WYF00009.asd	1393	1742.000	7959.054
WYF00009.asd	1394	1743.000	7911.478
WYF00009.asd	1395	1744.000	7865.141
WYF00009.asd	1396	1745.000	7817.251
WYF00009.asd	1397	1746.000	7767.651
WYF00009.asd	1398	1747.000	7718.229
WYF00009.asd	1399	1748.000	7665.076
WYF00009.asd	1400	1749.000	7611.902
WYF00009.asd	1401	1750.000	7559.567
WYF00009.asd	1402	1751.000	7505.504
WYF00009.asd	1403	1752.000	7454.087
WYF00009.asd	1404	1753.000	7402.689
WYF00009.asd	1405	1754.000	7350.119
WYF00009.asd	1406	1755.000	7298.547
WYF00009.asd	1407	1756.000	7244.357
WYF00009.asd	1408	1757.000	7191.406
WYF00009.asd	1409	1758.000	7139.496
WYF00009.asd	1410	1759.000	7086.944
WYF00009.asd	1411	1760.000	7037.721
WYF00009.asd	1412	1761.000	6987.195
WYF00009.asd	1413	1762.000	6936.704
WYF00009.asd	1414	1763.000	6889.040
WYF00009.asd	1415	1764.000	6840.606
WYF00009.asd	1416	1765.000	6794.504
WYF00009.asd	1417	1766.000	6750.150
WYF00009.asd	1418	1767.000	6705.042
WYF00009.asd	1419	1768.000	6660.193
WYF00009.asd	1420	1769.000	6614.919
WYF00009.asd	1421	1770.000	6571.714
WYF00009.asd	1422	1771.000	6529.136
WYF00009.asd	1423	1772.000	6485.077
WYF00009.asd	1424	1773.000	6443.063
WYF00009.asd	1425	1774.000	6400.010
WYF00009.asd	1426	1775.000	6356.290
WYF00009.asd	1427	1776.000	6315.801
WYF00009.asd	1428	1777.000	6273.330
WYF00009.asd	1429	1778.000	6230.993
WYF00009.asd	1430	1779.000	6188.054
WYF00009.asd	1431	1780.000	6143.680
WYF00009.asd	1432	1781.000	6100.746
WYF00009.asd	1433	1782.000	6055.901
WYF00009.asd	1434	1783.000	6012.408
WYF00009.asd	1435	1784.000	5969.057
WYF00009.asd	1436	1785.000	5923.312
WYF00009.asd	1437	1786.000	5877.988
WYF00009.asd	1438	1787.000	5829.989
WYF00009.asd	1439	1788.000	5779.524
WYF00009.asd	1440	1789.000	5729.320
WYF00009.asd	1441	1790.000	5676.063
WYF00009.asd	1442	1791.000	5621.259
WYF00009.asd	1443	1792.000	5563.333
WYF00009.asd	1444	1793.000	5500.975
WYF00009.asd	1445	1794.000	5436.387
WYF00009.asd	1446	1795.000	5363.959
WYF00009.asd	1447	1796.000	5286.808
WYF00009.asd	1448	1797.000	5206.829
WYF00009.asd	1449	1798.000	5121.039
WYF00009.asd	1450	1799.000	5035.431
WYF00009.asd	1451	1800.000	4944.378
WYF00009.asd	1452	1801.000	8952.302
WYF00009.asd	1453	1802.000	9045.786
WYF00009.asd	1454	1803.000	9141.174
WYF00009.asd	1455	1804.000	9236.922
WYF00009.asd	1456	1805.000	9333.748
WYF00009.asd	1457	1806.000	9431.832
WYF00009.asd	1458	1807.000	9525.131
WYF00009.asd	1459	1808.000	9621.418
WYF00009.asd	1460	1809.000	9709.113
WYF00009.asd	1461	1810.000	9794.104
WYF00009.asd	1462	1811.000	9869.499
WYF00009.asd	1463	1812.000	9938.316
WYF00009.asd	1464	1813.000	10002.377
WYF00009.asd	1465	1814.000	10057.075
WYF00009.asd	1466	1815.000	10108.974
WYF00009.asd	1467	1816.000	10154.982
WYF00009.asd	1468	1817.000	10200.499
WYF00009.asd	1469	1818.000	10243.200
WYF00009.asd	1470	1819.000	10278.563
WYF00009.asd	1471	1820.000	10319.268
WYF00009.asd	1472	1821.000	10360.443
WYF00009.asd	1473	1822.000	10401.987
WYF00009.asd	1474	1823.000	10447.381
WYF00009.asd	1475	1824.000	10488.314
WYF00009.asd	1476	1825.000	10526.876
WYF00009.asd	1477	1826.000	10566.522
WYF00009.asd	1478	1827.000	10602.009
WYF00009.asd	1479	1828.000	10636.172
WYF00009.asd	1480	1829.000	10664.149
WYF00009.asd	1481	1830.000	10690.815
WYF00009.asd	1482	1831.000	10709.905
WYF00009.asd	1483	1832.000	10722.071
WYF00009.asd	1484	1833.000	10730.988
WYF00009.asd	1485	1834.000	10729.878
WYF00009.asd	1486	1835.000	10732.464
WYF00009.asd	1487	1836.000	10734.230
WYF00009.asd	1488	1837.000	10731.030
WYF00009.asd	1489	1838.000	10734.836
WYF00009.asd	1490	1839.000	10740.225
WYF00009.asd	1491	1840.000	10749.941
WYF00009.asd	1492	1841.000	10766.865
WYF00009.asd	1493	1842.000	10778.762
WYF00009.asd	1494	1843.000	10800.293
WYF00009.asd	1495	1844.000	10807.570
WYF00009.asd	1496	1845.000	10810.960
WYF00009.asd	1497	1846.000	10802.564
WYF00009.asd	1498	1847.000	10791.132
WYF00009.asd	1499	1848.000	10773.359
WYF00009.asd	1500	1849.000	10746.262
WYF00009.asd	1501	1850.000	10714.618
WYF00009.asd	1502	1851.000	10672.120
WYF00009.asd	1503	1852.000	10619.462
WYF00009.asd	1504	1853.000	10558.179
WYF00009.asd	1505	1854.000	10489.522
WYF00009.asd	1506	1855.000	10410.939
WYF00009.asd	1507	1856.000	10322.852
WYF00009.asd	1508	1857.000	10224.450
WYF00009.asd	1509	1858.000	10117.715
WYF00009.asd	1510	1859.000	10002.994
WYF00009.asd	1511	1860.000	9877.028
WYF00009.asd	1512	1861.000	9750.325
WYF00009.asd	1513	1862.000	9596.082
WYF00009.asd	1514	1863.000	9429.015
WYF00009.asd	1515	1864.000	9240.805
WYF00009.asd	1516	1865.000	9029.531
WYF00009.asd	1517	1866.000	8801.180
WYF00009.asd	1518	1867.000	8555.157
WYF00009.asd	1519	1868.000	8283.132
WYF00009.asd	1520	1869.000	8018.423
WYF00009.asd	1521	1870.000	7730.541
WYF00009.asd	1522	1871.000	7460.504
WYF00009.asd	1523	1872.000	7188.536
WYF00009.asd	1524	1873.000	6929.744
WYF00009.asd	1525	1874.000	6680.362
WYF00009.asd	1526	1875.000	6431.770
WYF00009.asd	1527	1876.000	6190.581
WYF00009.asd	1528	1877.000	5959.427
WYF00009.asd	1529	1878.000	5719.200
WYF00009.asd	1530	1879.000	5481.661
WYF00009.asd	1531	1880.000	5234.207
WYF00009.asd	1532	1881.000	4976.779
WYF00009.asd	1533	1882.000	4727.642
WYF00009.asd	1534	1883.000	4470.541
WYF00009.asd	1535	1884.000	4223.124
WYF00009.asd	1536	1885.000	3975.920
WYF00009.asd	1537	1886.000	3744.716
WYF00009.asd	1538	1887.000	3516.075
WYF00009.asd	1539	1888.000	3304.378
WYF00009.asd	1540	1889.000	3105.914
WYF00009.asd	1541	1890.000	2921.824
WYF00009.asd	1542	1891.000	2751.814
WYF00009.asd	1543	1892.000	2594.252
WYF00009.asd	1544	1893.000	2449.907
WYF00009.asd	1545	1894.000	2323.401
WYF00009.asd	1546	1895.000	2206.028
WYF00009.asd	1547	1896.000	2103.669
WYF00009.asd	1548	1897.000	2007.428
WYF00009.asd	1549	1898.000	1922.449
WYF00009.asd	1550	1899.000	1842.747
WYF00009.asd	1551	1900.000	1774.328
WYF00009.asd	1552	1901.000	1714.009
WYF00009.asd	1553	1902.000	1661.837
WYF00009.asd	1554	1903.000	1622.910
WYF00009.asd	1555	1904.000	1586.518
WYF00009.asd	1556	1905.000	1557.377
WYF00009.asd	1557	1906.000	1531.533
WYF00009.asd	1558	1907.000	1512.921
WYF00009.asd	1559	1908.000	1495.626
WYF00009.asd	1560	1909.000	1481.014
WYF00009.asd	1561	1910.000	1471.169
WYF00009.asd	1562	1911.000	1461.210
WYF00009.asd	1563	1912.000	1453.462
WYF00009.asd	1564	1913.000	1446.536
WYF00009.asd	1565	1914.000	1442.022
WYF00009.asd	1566	1915.000	1436.584
WYF00009.asd	1567	1916.000	1431.232
WYF00009.asd	1568	1917.000	1428.078
WYF00009.asd	1569	1918.000	1426.059
WYF00009.asd	1570	1919.000	1423.745
WYF00009.asd	1571	1920.000	1423.799
WYF00009.asd	1572	1921.000	1423.804
WYF00009.asd	1573	1922.000	1425.281
WYF00009.asd	1574	1923.000	1427.650
WYF00009.asd	1575	1924.000	1429.811
WYF00009.asd	1576	1925.000	1432.865
WYF00009.asd	1577	1926.000	1436.703
WYF00009.asd	1578	1927.000	1439.812
WYF00009.asd	1579	1928.000	1444.941
WYF00009.asd	1580	1929.000	1452.187
WYF00009.asd	1581	1930.000	1460.457
WYF00009.asd	1582	1931.000	1466.528
WYF00009.asd	1583	1932.000	1472.114
WYF00009.asd	1584	1933.000	1476.757
WYF00009.asd	1585	1934.000	1480.954
WYF00009.asd	1586	1935.000	1487.813
WYF00009.asd	1587	1936.000	1496.398
WYF00009.asd	1588	1937.000	1504.835
WYF00009.asd	1589	1938.000	1515.756
WYF00009.asd	1590	1939.000	1525.078
WYF00009.asd	1591	1940.000	1533.188
WYF00009.asd	1592	1941.000	1542.693
WYF00009.asd	1593	1942.000	1553.085
WYF00009.asd	1594	1943.000	1561.613
WYF00009.asd	1595	1944.000	1571.437
WYF00009.asd	1596	1945.000	1583.651
WYF00009.asd	1597	1946.000	1595.449
WYF00009.asd	1598	1947.000	1607.919
WYF00009.asd	1599	1948.000	1620.266
WYF00009.asd	1600	1949.000	1632.286
WYF00009.asd	1601	1950.000	1645.650
WYF00009.asd	1602	1951.000	1659.821
WYF00009.asd	1603	1952.000	1673.238
WYF00009.asd	1604	1953.000	1686.878
WYF00009.asd	1605	1954.000	1702.211
WYF00009.asd	1606	1955.000	1714.662
WYF00009.asd	1607	1956.000	1730.402
WYF00009.asd	1608	1957.000	1746.901
WYF00009.asd	1609	1958.000	1761.291
WYF00009.asd	1610	1959.000	1778.053
WYF00009.asd	1611	1960.000	1796.279
WYF00009.asd	1612	1961.000	1813.208
WYF00009.asd	1613	1962.000	1830.891
WYF00009.asd	1614	1963.000	1849.495
WYF00009.asd	1615	1964.000	1867.740
WYF00009.asd	1616	1965.000	1885.378
WYF00009.asd	1617	1966.000	1907.621
WYF00009.asd	1618	1967.000	1926.687
WYF00009.asd	1619	1968.000	1945.628
WYF00009.asd	1620	1969.000	1968.679
WYF00009.asd	1621	1970.000	1989.338
WYF00009.asd	1622	1971.000	2009.276
WYF00009.asd	1623	1972.000	2030.480
WYF00009.asd	1624	1973.000	2050.279
WYF00009.asd	1625	1974.000	2072.077
WYF00009.asd	1626	1975.000	2096.016
WYF00009.asd	1627	1976.000	2119.594
WYF00009.asd	1628	1977.000	2143.969
WYF00009.asd	1629	1978.000	2168.601
WYF00009.asd	1630	1979.000	2192.644
WYF00009.asd	1631	1980.000	2219.041
WYF00009.asd	1632	1981.000	2244.655
WYF00009.asd	1633	1982.000	2270.760
WYF00009.asd	1634	1983.000	2297.321
WYF00009.asd	1635	1984.000	2324.126
WYF00009.asd	1636	1985.000	2350.365
WYF00009.asd	1637	1986.000	2377.157
WYF00009.asd	1638	1987.000	2404.194
WYF00009.asd	1639	1988.000	2430.847
WYF00009.asd	1640	1989.000	2457.766
WYF00009.asd	1641	1990.000	2487.186
WYF00009.asd	1642	1991.000	2516.011
WYF00009.asd	1643	1992.000	2544.323
WYF00009.asd	1644	1993.000	2573.425
WYF00009.asd	1645	1994.000	2602.228
WYF00009.asd	1646	1995.000	2630.173
WYF00009.asd	1647	1996.000	2658.344
WYF00009.asd	1648	1997.000	2686.640
WYF00009.asd	1649	1998.000	2716.023
WYF00009.asd	1650	1999.000	2745.963
WYF00009.asd	1651	2000.000	2774.944
WYF00009.asd	1652	2001.000	2804.220
WYF00009.asd	1653	2002.000	2833.699
WYF00009.asd	1654	2003.000	2863.189
WYF00009.asd	1655	2004.000	2891.900
WYF00009.asd	1656	2005.000	2922.465
WYF00009.asd	1657	2006.000	2954.586
WYF00009.asd	1658	2007.000	2982.121
WYF00009.asd	1659	2008.000	3011.297
WYF00009.asd	1660	2009.000	3040.310
WYF00009.asd	1661	2010.000	3067.445
WYF00009.asd	1662	2011.000	3095.588
WYF00009.asd	1663	2012.000	3125.648
WYF00009.asd	1664	2013.000	3153.782
WYF00009.asd	1665	2014.000	3179.623
WYF00009.asd	1666	2015.000	3210.158
WYF00009.asd	1667	2016.000	3239.471
WYF00009.asd	1668	2017.000	3266.859
WYF00009.asd	1669	2018.000	3295.416
WYF00009.asd	1670	2019.000	3319.243
WYF00009.asd	1671	2020.000	3342.345
WYF00009.asd	1672	2021.000	3367.045
WYF00009.asd	1673	2022.000	3391.414
WYF00009.asd	1674	2023.000	3418.723
WYF00009.asd	1675	2024.000	3443.523
WYF00009.asd	1676	2025.000	3468.319
WYF00009.asd	1677	2026.000	3491.031
WYF00009.asd	1678	2027.000	3512.657
WYF00009.asd	1679	2028.000	3530.376
WYF00009.asd	1680	2029.000	3550.708
WYF00009.asd	1681	2030.000	3572.422
WYF00009.asd	1682	2031.000	3593.209
WYF00009.asd	1683	2032.000	3616.246
WYF00009.asd	1684	2033.000	3635.706
WYF00009.asd	1685	2034.000	3652.553
WYF00009.asd	1686	2035.000	3670.083
WYF00009.asd	1687	2036.000	3686.533
WYF00009.asd	1688	2037.000	3703.968
WYF00009.asd	1689	2038.000	3722.610
WYF00009.asd	1690	2039.000	3740.386
WYF00009.asd	1691	2040.000	3759.293
WYF00009.asd	1692	2041.000	3775.598
WYF00009.asd	1693	2042.000	3790.414
WYF00009.asd	1694	2043.000	3804.950
WYF00009.asd	1695	2044.000	3817.971
WYF00009.asd	1696	2045.000	3830.826
WYF00009.asd	1697	2046.000	3845.804
WYF00009.asd	1698	2047.000	3858.495
WYF00009.asd	1699	2048.000	3871.343
WYF00009.asd	1700	2049.000	3884.996
WYF00009.asd	1701	2050.000	3896.001
WYF00009.asd	1702	2051.000	3908.778
WYF00009.asd	1703	2052.000	3922.218
WYF00009.asd	1704	2053.000	3935.401
WYF00009.asd	1705	2054.000	3949.028
WYF00009.asd	1706	2055.000	3964.445
WYF00009.asd	1707	2056.000	3979.078
WYF00009.asd	1708	2057.000	3991.048
WYF00009.asd	1709	2058.000	4004.216
WYF00009.asd	1710	2059.000	4014.318
WYF00009.asd	1711	2060.000	4024.481
WYF00009.asd	1712	2061.000	4037.692
WYF00009.asd	1713	2062.000	4049.010
WYF00009.asd	1714	2063.000	4063.585
WYF00009.asd	1715	2064.000	4080.682
WYF00009.asd	1716	2065.000	4094.888
WYF00009.asd	1717	2066.000	4110.256
WYF00009.asd	1718	2067.000	4124.287
WYF00009.asd	1719	2068.000	4135.977
WYF00009.asd	1720	2069.000	4149.222
WYF00009.asd	1721	2070.000	4162.906
WYF00009.asd	1722	2071.000	4175.818
WYF00009.asd	1723	2072.000	4190.959
WYF00009.asd	1724	2073.000	4204.610
WYF00009.asd	1725	2074.000	4216.606
WYF00009.asd	1726	2075.000	4229.000
WYF00009.asd	1727	2076.000	4239.685
WYF00009.asd	1728	2077.000	4250.844
WYF00009.asd	1729	2078.000	4263.410
WYF00009.asd	1730	2079.000	4275.546
WYF00009.asd	1731	2080.000	4289.171
WYF00009.asd	1732	2081.000	4303.294
WYF00009.asd	1733	2082.000	4316.313
WYF00009.asd	1734	2083.000	4329.394
WYF00009.asd	1735	2084.000	4342.736
WYF00009.asd	1736	2085.000	4355.779
WYF00009.asd	1737	2086.000	4367.272
WYF00009.asd	1738	2087.000	4380.733
WYF00009.asd	1739	2088.000	4392.538
WYF00009.asd	1740	2089.000	4404.038
WYF00009.asd	1741	2090.000	4416.675
WYF00009.asd	1742	2091.000	4428.431
WYF00009.asd	1743	2092.000	4439.907
WYF00009.asd	1744	2093.000	4452.176
WYF00009.asd	1745	2094.000	4463.674
WYF00009.asd	1746	2095.000	4475.615
WYF00009.asd	1747	2096.000	4487.380
WYF00009.asd	1748	2097.000	4498.135
WYF00009.asd	1749	2098.000	4509.319
WYF00009.asd	1750	2099.000	4519.776
WYF00009.asd	1751	2100.000	4529.336
WYF00009.asd	1752	2101.000	4539.705
WYF00009.asd	1753	2102.000	4550.060
WYF00009.asd	1754	2103.000	4559.961
WYF00009.asd	1755	2104.000	4571.801
WYF00009.asd	1756	2105.000	4582.632
WYF00009.asd	1757	2106.000	4592.752
WYF00009.asd	1758	2107.000	4603.481
WYF00009.asd	1759	2108.000	4613.457
WYF00009.asd	1760	2109.000	4623.606
WYF00009.asd	1761	2110.000	4634.603
WYF00009.asd	1762	2111.000	4647.435
WYF00009.asd	1763	2112.000	4658.327
WYF00009.asd	1764	2113.000	4667.003
WYF00009.asd	1765	2114.000	4676.722
WYF00009.asd	1766	2115.000	4685.521
WYF00009.asd	1767	2116.000	4694.397
WYF00009.asd	1768	2117.000	4704.860
WYF00009.asd	1769	2118.000	4713.875
WYF00009.asd	1770	2119.000	4721.968
WYF00009.asd	1771	2120.000	4729.371
WYF00009.asd	1772	2121.000	4737.477
WYF00009.asd	1773	2122.000	4744.001
WYF00009.asd	1774	2123.000	4750.861
WYF00009.asd	1775	2124.000	4757.753
WYF00009.asd	1776	2125.000	4763.974
WYF00009.asd	1777	2126.000	4771.783
WYF00009.asd	1778	2127.000	4778.070
WYF00009.asd	1779	2128.000	4783.007
WYF00009.asd	1780	2129.000	4787.723
WYF00009.asd	1781	2130.000	4792.257
WYF00009.asd	1782	2131.000	4798.288
WYF00009.asd	1783	2132.000	4804.471
WYF00009.asd	1784	2133.000	4809.453
WYF00009.asd	1785	2134.000	4813.413
WYF00009.asd	1786	2135.000	4817.158
WYF00009.asd	1787	2136.000	4819.123
WYF00009.asd	1788	2137.000	4823.505
WYF00009.asd	1789	2138.000	4829.978
WYF00009.asd	1790	2139.000	4836.725
WYF00009.asd	1791	2140.000	4844.354
WYF00009.asd	1792	2141.000	4851.037
WYF00009.asd	1793	2142.000	4855.781
WYF00009.asd	1794	2143.000	4860.477
WYF00009.asd	1795	2144.000	4867.309
WYF00009.asd	1796	2145.000	4873.713
WYF00009.asd	1797	2146.000	4878.410
WYF00009.asd	1798	2147.000	4884.952
WYF00009.asd	1799	2148.000	4889.354
WYF00009.asd	1800	2149.000	4892.484
WYF00009.asd	1801	2150.000	4896.244
WYF00009.asd	1802	2151.000	4899.455
WYF00009.asd	1803	2152.000	4904.234
WYF00009.asd	1804	2153.000	4909.818
WYF00009.asd	1805	2154.000	4914.707
WYF00009.asd	1806	2155.000	4920.929
WYF00009.asd	1807	2156.000	4926.061
WYF00009.asd	1808	2157.000	4928.833
WYF00009.asd	1809	2158.000	4934.933
WYF00009.asd	1810	2159.000	4941.004
WYF00009.asd	1811	2160.000	4944.066
WYF00009.asd	1812	2161.000	4944.951
WYF00009.asd	1813	2162.000	4944.839
WYF00009.asd	1814	2163.000	4945.472
WYF00009.asd	1815	2164.000	4946.536
WYF00009.asd	1816	2165.000	4949.737
WYF00009.asd	1817	2166.000	4952.317
WYF00009.asd	1818	2167.000	4952.049
WYF00009.asd	1819	2168.000	4952.653
WYF00009.asd	1820	2169.000	4953.981
WYF00009.asd	1821	2170.000	4955.690
WYF00009.asd	1822	2171.000	4956.338
WYF00009.asd	1823	2172.000	4956.834
WYF00009.asd	1824	2173.000	4956.714
WYF00009.asd	1825	2174.000	4955.326
WYF00009.asd	1826	2175.000	4953.795
WYF00009.asd	1827	2176.000	4952.013
WYF00009.asd	1828	2177.000	4950.381
WYF00009.asd	1829	2178.000	4949.207
WYF00009.asd	1830	2179.000	4947.382
WYF00009.asd	1831	2180.000	4943.995
WYF00009.asd	1832	2181.000	4941.125
WYF00009.asd	1833	2182.000	4936.079
WYF00009.asd	1834	2183.000	4930.500
WYF00009.asd	1835	2184.000	4927.020
WYF00009.asd	1836	2185.000	4920.506
WYF00009.asd	1837	2186.000	4910.235
WYF00009.asd	1838	2187.000	4900.362
WYF00009.asd	1839	2188.000	4889.228
WYF00009.asd	1840	2189.000	4878.631
WYF00009.asd	1841	2190.000	4870.883
WYF00009.asd	1842	2191.000	4861.995
WYF00009.asd	1843	2192.000	4852.142
WYF00009.asd	1844	2193.000	4842.095
WYF00009.asd	1845	2194.000	4830.100
WYF00009.asd	1846	2195.000	4815.550
WYF00009.asd	1847	2196.000	4802.749
WYF00009.asd	1848	2197.000	4789.369
WYF00009.asd	1849	2198.000	4776.455
WYF00009.asd	1850	2199.000	4764.741
WYF00009.asd	1851	2200.000	4752.800
WYF00009.asd	1852	2201.000	4740.107
WYF00009.asd	1853	2202.000	4726.492
WYF00009.asd	1854	2203.000	4713.106
WYF00009.asd	1855	2204.000	4700.431
WYF00009.asd	1856	2205.000	4687.714
WYF00009.asd	1857	2206.000	4676.272
WYF00009.asd	1858	2207.000	4663.403
WYF00009.asd	1859	2208.000	4649.710
WYF00009.asd	1860	2209.000	4637.785
WYF00009.asd	1861	2210.000	4624.977
WYF00009.asd	1862	2211.000	4613.045
WYF00009.asd	1863	2212.000	4603.184
WYF00009.asd	1864	2213.000	4593.470
WYF00009.asd	1865	2214.000	4583.025
WYF00009.asd	1866	2215.000	4571.427
WYF00009.asd	1867	2216.000	4560.224
WYF00009.asd	1868	2217.000	4546.376
WYF00009.asd	1869	2218.000	4530.598
WYF00009.asd	1870	2219.000	4513.655
WYF00009.asd	1871	2220.000	4495.433
WYF00009.asd	1872	2221.000	4475.930
WYF00009.asd	1873	2222.000	4454.843
WYF00009.asd	1874	2223.000	4432.521
WYF00009.asd	1875	2224.000	4409.183
WYF00009.asd	1876	2225.000	4385.568
WYF00009.asd	1877	2226.000	4361.471
WYF00009.asd	1878	2227.000	4334.308
WYF00009.asd	1879	2228.000	4305.897
WYF00009.asd	1880	2229.000	4275.587
WYF00009.asd	1881	2230.000	4244.772
WYF00009.asd	1882	2231.000	4216.010
WYF00009.asd	1883	2232.000	4184.766
WYF00009.asd	1884	2233.000	4150.944
WYF00009.asd	1885	2234.000	4116.505
WYF00009.asd	1886	2235.000	4079.486
WYF00009.asd	1887	2236.000	4041.148
WYF00009.asd	1888	2237.000	4003.870
WYF00009.asd	1889	2238.000	3966.903
WYF00009.asd	1890	2239.000	3929.767
WYF00009.asd	1891	2240.000	3891.272
WYF00009.asd	1892	2241.000	3852.329
WYF00009.asd	1893	2242.000	3812.523
WYF00009.asd	1894	2243.000	3768.800
WYF00009.asd	1895	2244.000	3727.442
WYF00009.asd	1896	2245.000	3687.294
WYF00009.asd	1897	2246.000	3648.216
WYF00009.asd	1898	2247.000	3610.329
WYF00009.asd	1899	2248.000	3572.383
WYF00009.asd	1900	2249.000	3536.379
WYF00009.asd	1901	2250.000	3497.597
WYF00009.asd	1902	2251.000	3457.338
WYF00009.asd	1903	2252.000	3416.149
WYF00009.asd	1904	2253.000	3376.479
WYF00009.asd	1905	2254.000	3338.021
WYF00009.asd	1906	2255.000	3301.139
WYF00009.asd	1907	2256.000	3267.688
WYF00009.asd	1908	2257.000	3231.929
WYF00009.asd	1909	2258.000	3195.423
WYF00009.asd	1910	2259.000	3162.277
WYF00009.asd	1911	2260.000	3128.555
WYF00009.asd	1912	2261.000	3096.948
WYF00009.asd	1913	2262.000	3065.654
WYF00009.asd	1914	2263.000	3030.656
WYF00009.asd	1915	2264.000	2996.918
WYF00009.asd	1916	2265.000	2964.379
WYF00009.asd	1917	2266.000	2932.958
WYF00009.asd	1918	2267.000	2907.413
WYF00009.asd	1919	2268.000	2881.271
WYF00009.asd	1920	2269.000	2852.559
WYF00009.asd	1921	2270.000	2826.375
WYF00009.asd	1922	2271.000	2799.359
WYF00009.asd	1923	2272.000	2769.845
WYF00009.asd	1924	2273.000	2744.295
WYF00009.asd	1925	2274.000	2720.151
WYF00009.asd	1926	2275.000	2696.991
WYF00009.asd	1927	2276.000	2676.189
WYF00009.asd	1928	2277.000	2653.812
WYF00009.asd	1929	2278.000	2632.279
WYF00009.asd	1930	2279.000	2611.737
WYF00009.asd	1931	2280.000	2590.646
WYF00009.asd	1932	2281.000	2570.923
WYF00009.asd	1933	2282.000	2552.931
WYF00009.asd	1934	2283.000	2534.180
WYF00009.asd	1935	2284.000	2516.387
WYF00009.asd	1936	2285.000	2496.420
WYF00009.asd	1937	2286.000	2475.946
WYF00009.asd	1938	2287.000	2455.213
WYF00009.asd	1939	2288.000	2433.716
WYF00009.asd	1940	2289.000	2412.838
WYF00009.asd	1941	2290.000	2391.012
WYF00009.asd	1942	2291.000	2369.546
WYF00009.asd	1943	2292.000	2345.205
WYF00009.asd	1944	2293.000	2318.121
WYF00009.asd	1945	2294.000	2293.830
WYF00009.asd	1946	2295.000	2269.086
WYF00009.asd	1947	2296.000	2241.809
WYF00009.asd	1948	2297.000	2217.220
WYF00009.asd	1949	2298.000	2191.681
WYF00009.asd	1950	2299.000	2163.298
WYF00009.asd	1951	2300.000	2138.652
WYF00009.asd	1952	2301.000	2114.122
WYF00009.asd	1953	2302.000	2088.373
WYF00009.asd	1954	2303.000	2065.174
WYF00009.asd	1955	2304.000	2041.907
WYF00009.asd	1956	2305.000	2019.951
WYF00009.asd	1957	2306.000	1999.810
WYF00009.asd	1958	2307.000	1978.018
WYF00009.asd	1959	2308.000	1958.445
WYF00009.asd	1960	2309.000	1940.535
WYF00009.asd	1961	2310.000	1921.893
WYF00009.asd	1962	2311.000	1904.294
WYF00009.asd	1963	2312.000	1886.867
WYF00009.asd	1964	2313.000	1868.992
WYF00009.asd	1965	2314.000	1851.319
WYF00009.asd	1966	2315.000	1834.246
WYF00009.asd	1967	2316.000	1817.595
WYF00009.asd	1968	2317.000	1800.543
WYF00009.asd	1969	2318.000	1783.922
WYF00009.asd	1970	2319.000	1769.505
WYF00009.asd	1971	2320.000	1752.647
WYF00009.asd	1972	2321.000	1735.060
WYF00009.asd	1973	2322.000	1716.702
WYF00009.asd	1974	2323.000	1695.160
WYF00009.asd	1975	2324.000	1675.785
WYF00009.asd	1976	2325.000	1656.851
WYF00009.asd	1977	2326.000	1638.638
WYF00009.asd	1978	2327.000	1623.189
WYF00009.asd	1979	2328.000	1605.799
WYF00009.asd	1980	2329.000	1586.937
WYF00009.asd	1981	2330.000	1568.902
WYF00009.asd	1982	2331.000	1550.484
WYF00009.asd	1983	2332.000	1531.937
WYF00009.asd	1984	2333.000	1514.796
WYF00009.asd	1985	2334.000	1495.619
WYF00009.asd	1986	2335.000	1474.409
WYF00009.asd	1987	2336.000	1454.666
WYF00009.asd	1988	2337.000	1433.964
WYF00009.asd	1989	2338.000	1413.960
WYF00009.asd	1990	2339.000	1395.918
WYF00009.asd	1991	2340.000	1377.596
WYF00009.asd	1992	2341.000	1359.967
WYF00009.asd	1993	2342.000	1344.030
WYF00009.asd	1994	2343.000	1328.464
WYF00009.asd	1995	2344.000	1312.760
WYF00009.asd	1996	2345.000	1298.123
WYF00009.asd	1997	2346.000	1283.968
WYF00009.asd	1998	2347.000	1268.861
WYF00009.asd	1999	2348.000	1252.780
WYF00009.asd	2000	2349.000	1237.336
WYF00009.asd	2001	2350.000	1221.238
WYF00009.asd	2002	2351.000	1204.246
WYF00009.asd	2003	2352.000	1190.533
WYF00009.asd	2004	2353.000	1177.916
WYF00009.asd	2005	2354.000	1163.751
WYF00009.asd	2006	2355.000	1151.365
WYF00009.asd	2007	2356.000	1138.631
WYF00009.asd	2008	2357.000	1123.864
WYF00009.asd	2009	2358.000	1110.274
WYF00009.asd	2010	2359.000	1095.768
WYF00009.asd	2011	2360.000	1081.518
WYF00009.asd	2012	2361.000	1070.066
WYF00009.asd	2013	2362.000	1057.487
WYF00009.asd	2014	2363.000	1044.225
WYF00009.asd	2015	2364.000	1032.117
WYF00009.asd	2016	2365.000	1017.453
WYF00009.asd	2017	2366.000	1002.409
WYF00009.asd	2018	2367.000	990.647
WYF00009.asd	2019	2368.000	978.352
WYF00009.asd	2020	2369.000	964.912
WYF00009.asd	2021	2370.000	952.211
WYF00009.asd	2022	2371.000	939.600
WYF00009.asd	2023	2372.000	925.860
WYF00009.asd	2024	2373.000	913.125
WYF00009.asd	2025	2374.000	902.166
WYF00009.asd	2026	2375.000	889.283
WYF00009.asd	2027	2376.000	875.193
WYF00009.asd	2028	2377.000	862.499
WYF00009.asd	2029	2378.000	849.791
WYF00009.asd	2030	2379.000	837.448
WYF00009.asd	2031	2380.000	825.123
WYF00009.asd	2032	2381.000	814.230
WYF00009.asd	2033	2382.000	805.042
WYF00009.asd	2034	2383.000	793.591
WYF00009.asd	2035	2384.000	782.159
WYF00009.asd	2036	2385.000	770.658
WYF00009.asd	2037	2386.000	756.658
WYF00009.asd	2038	2387.000	745.741
WYF00009.asd	2039	2388.000	737.780
WYF00009.asd	2040	2389.000	727.038
WYF00009.asd	2041	2390.000	715.307
WYF00009.asd	2042	2391.000	704.885
WYF00009.asd	2043	2392.000	694.305
WYF00009.asd	2044	2393.000	683.342
WYF00009.asd	2045	2394.000	673.629
WYF00009.asd	2046	2395.000	662.963
WYF00009.asd	2047	2396.000	649.830
WYF00009.asd	2048	2397.000	639.318
WYF00009.asd	2049	2398.000	630.772
WYF00009.asd	2050	2399.000	621.410
WYF00009.asd	2051	2400.000	612.523
WYF00009.asd	2052	2401.000	603.092
WYF00009.asd	2053	2402.000	593.264
WYF00009.asd	2054	2403.000	583.442
WYF00009.asd	2055	2404.000	573.674
WYF00009.asd	2056	2405.000	564.068
WYF00009.asd	2057	2406.000	554.438
WYF00009.asd	2058	2407.000	544.483
WYF00009.asd	2059	2408.000	533.995
WYF00009.asd	2060	2409.000	524.372
WYF00009.asd	2061	2410.000	514.981
WYF00009.asd	2062	2411.000	506.143
WYF00009.asd	2063	2412.000	498.090
WYF00009.asd	2064	2413.000	489.578
WYF00009.asd	2065	2414.000	480.933
WYF00009.asd	2066	2415.000	472.928
WYF00009.asd	2067	2416.000	465.036
WYF00009.asd	2068	2417.000	457.720
WYF00009.asd	2069	2418.000	451.984
WYF00009.asd	2070	2419.000	443.543
WYF00009.asd	2071	2420.000	433.473
WYF00009.asd	2072	2421.000	425.236
WYF00009.asd	2073	2422.000	416.149
WYF00009.asd	2074	2423.000	408.178
WYF00009.asd	2075	2424.000	402.042
WYF00009.asd	2076	2425.000	395.424
WYF00009.asd	2077	2426.000	388.374
WYF00009.asd	2078	2427.000	381.906
WYF00009.asd	2079	2428.000	376.661
WYF00009.asd	2080	2429.000	369.856
WYF00009.asd	2081	2430.000	362.467
WYF00009.asd	2082	2431.000	354.701
WYF00009.asd	2083	2432.000	345.747
WYF00009.asd	2084	2433.000	338.494
WYF00009.asd	2085	2434.000	331.364
WYF00009.asd	2086	2435.000	325.148
WYF00009.asd	2087	2436.000	320.139
WYF00009.asd	2088	2437.000	315.117
WYF00009.asd	2089	2438.000	310.333
WYF00009.asd	2090	2439.000	305.679
WYF00009.asd	2091	2440.000	302.077
WYF00009.asd	2092	2441.000	296.798
WYF00009.asd	2093	2442.000	290.901
WYF00009.asd	2094	2443.000	285.248
WYF00009.asd	2095	2444.000	278.466
WYF00009.asd	2096	2445.000	272.977
WYF00009.asd	2097	2446.000	268.483
WYF00009.asd	2098	2447.000	263.085
WYF00009.asd	2099	2448.000	257.340
WYF00009.asd	2100	2449.000	253.497
WYF00009.asd	2101	2450.000	248.249
WYF00009.asd	2102	2451.000	244.753
WYF00009.asd	2103	2452.000	242.216
WYF00009.asd	2104	2453.000	237.951
WYF00009.asd	2105	2454.000	233.845
WYF00009.asd	2106	2455.000	229.440
WYF00009.asd	2107	2456.000	224.916
WYF00009.asd	2108	2457.000	219.758
WYF00009.asd	2109	2458.000	215.203
WYF00009.asd	2110	2459.000	212.713
WYF00009.asd	2111	2460.000	209.206
WYF00009.asd	2112	2461.000	206.999
WYF00009.asd	2113	2462.000	203.653
WYF00009.asd	2114	2463.000	197.877
WYF00009.asd	2115	2464.000	193.434
WYF00009.asd	2116	2465.000	189.760
WYF00009.asd	2117	2466.000	185.702
WYF00009.asd	2118	2467.000	181.627
WYF00009.asd	2119	2468.000	178.069
WYF00009.asd	2120	2469.000	174.851
WYF00009.asd	2121	2470.000	171.222
WYF00009.asd	2122	2471.000	167.330
WYF00009.asd	2123	2472.000	164.373
WYF00009.asd	2124	2473.000	161.473
WYF00009.asd	2125	2474.000	158.720
WYF00009.asd	2126	2475.000	156.931
WYF00009.asd	2127	2476.000	155.177
WYF00009.asd	2128	2477.000	154.391
WYF00009.asd	2129	2478.000	151.441
WYF00009.asd	2130	2479.000	147.085
WYF00009.asd	2131	2480.000	143.849
WYF00009.asd	2132	2481.000	139.370
WYF00009.asd	2133	2482.000	135.580
WYF00009.asd	2134	2483.000	132.608
WYF00009.asd	2135	2484.000	130.742
WYF00009.asd	2136	2485.000	129.167
WYF00009.asd	2137	2486.000	127.620
WYF00009.asd	2138	2487.000	128.595
WYF00009.asd	2139	2488.000	126.759
WYF00009.asd	2140	2489.000	122.827
WYF00009.asd	2141	2490.000	119.608
WYF00009.asd	2142	2491.000	115.081
WYF00009.asd	2143	2492.000	112.495
WYF00009.asd	2144	2493.000	110.748
WYF00009.asd	2145	2494.000	109.175
WYF00009.asd	2146	2495.000	109.678
WYF00009.asd	2147	2496.000	106.983
WYF00009.asd	2148	2497.000	102.471
WYF00009.asd	2149	2498.000	99.573
WYF00009.asd	2150	2499.000	95.097
WYF00009.asd	2151	2500.000	93.390
